270.80000000000007,-0.008457708765067542,-0.014812404854603202
270.90000000000003,-0.008457708764995794,-0.014812404853599864
271.0,-0.008457708764918411,-0.014812404852522632
271.1,-0.008457708764834948,-0.014812404851366064
271.20000000000005,-0.008457708764744932,-0.014812404850124314
271.3,-0.008457708764647843,-0.014812404848791113
271.40000000000003,-0.008457708764543126,-0.014812404847359722
271.50000000000006,-0.008457708764430185,-0.01481240484582291
271.6,-0.008457708764308373,-0.014812404844172915
271.7,-0.008457708764176992,-0.014812404842401398
271.8,-0.008457708764035291,-0.014812404840499411
271.90000000000003,-0.008457708763882459,-0.014812404838457346
272.00000000000006,-0.00845770876371762,-0.014812404836264885
272.1,-0.008457708763539833,-0.01481240483391095
272.20000000000005,-0.008457708763348082,-0.014812404831383652
272.3,-0.008457708763141268,-0.01481240482867022
272.40000000000003,-0.008457708762918209,-0.014812404825756948
272.5,-0.008457708762677627,-0.014812404822629117
272.6,-0.008457708762418147,-0.014812404819270923
272.70000000000005,-0.008457708762138286,-0.014812404815665405
272.80000000000007,-0.00845770876183644,-0.014812404811794341
272.90000000000003,-0.008457708761510883,-0.014812404807638178
273.0,-0.008457708761159755,-0.01481240480317592
273.1,-0.008457708760781044,-0.01481240479838502
273.20000000000005,-0.008457708760372584,-0.014812404793241278
273.3,-0.008457708759932039,-0.014812404787718702
273.40000000000003,-0.008457708759456888,-0.014812404781789397
273.50000000000006,-0.008457708758944412,-0.014812404775423404
273.6,-0.008457708758391682,-0.014812404768588562
273.7,-0.008457708757795534,-0.014812404761250342
273.8,-0.008457708757152555,-0.014812404753371672
273.90000000000003,-0.008457708756459072,-0.014812404744912744
274.0,-0.008457708755711113,-0.014812404735830828
274.1,-0.0084577087549044,-0.014812404726080038
274.20000000000005,-0.00845770875403432,-0.014812404715611112
274.30000000000007,-0.008457708753095892,-0.014812404704371162
274.4,-0.008457708752083749,-0.014812404692303402
274.5,-0.008457708750992101,-0.014812404679346866
274.6,-0.008457708749814701,-0.014812404665436095
274.70000000000005,-0.008457708748544814,-0.01481240465050081
274.8,-0.008457708747175175,-0.01481240463446556
274.90000000000003,-0.008457708745697949,-0.01481240461724933
275.00000000000006,-0.008457708744104685,-0.014812404598765145
275.1,-0.008457708742386265,-0.014812404578919618
275.2,-0.008457708740532862,-0.014812404557612492
275.3,-0.008457708738533869,-0.014812404534736121
275.40000000000003,-0.008457708736377852,-0.01481240451017493
275.50000000000006,-0.008457708734052475,-0.014812404483804833
275.6,-0.008457708731544436,-0.014812404455492608
275.70000000000005,-0.008457708728839386,-0.01481240442509522
275.8,-0.008457708725921848,-0.0148124043924591
275.90000000000003,-0.008457708722775134,-0.014812404357419364
276.0,-0.008457708719381238,-0.01481240431979899
276.1,-0.008457708715720746,-0.014812404279407918
276.20000000000005,-0.008457708711772715,-0.01481240423604209
276.30000000000007,-0.008457708707514559,-0.014812404189482415
276.40000000000003,-0.008457708702921916,-0.014812404139493673
276.5,-0.008457708697968512,-0.014812404085823315
276.6,-0.00845770869262601,-0.014812404028200195
276.70000000000005,-0.008457708686863845,-0.014812403966333196
276.8,-0.008457708680649049,-0.014812403899909763
276.90000000000003,-0.00845770867394607,-0.014812403828594316
277.00000000000006,-0.00845770866671656,-0.014812403752026568
277.1,-0.008457708658919158,-0.01481240366981969
277.2,-0.008457708650509255,-0.014812403581558366
277.3,-0.008457708641438738,-0.014812403486796693
277.40000000000003,-0.008457708631655715,-0.01481240338505593
277.5,-0.008457708621104218,-0.014812403275822072
277.6,-0.00845770860972388,-0.014812403158543264
277.70000000000005,-0.008457708597449596,-0.014812403032627
277.80000000000007,-0.008457708584211144,-0.014812402897437144
277.9,-0.008457708569932786,-0.014812402752290706
278.0,-0.008457708554532836,-0.014812402596454395
278.1,-0.008457708537923192,-0.014812402429140913
278.20000000000005,-0.008457708520008827,-0.01481240224950498
278.3,-0.008457708500687257,-0.014812402056639059
278.40000000000003,-0.00845770847984794,-0.014812401849568778
278.50000000000006,-0.008457708457371656,-0.014812401627248001
278.6,-0.008457708433129816,-0.014812401388553548
278.7,-0.008457708406983736,-0.014812401132279513
278.8,-0.00845770837878383,-0.014812400857131182
278.90000000000003,-0.008457708348368771,-0.01481240056171848
279.00000000000006,-0.00845770831556455,-0.014812400244548964
279.1,-0.008457708280183496,-0.014812399904020267
279.20000000000005,-0.008457708242023193,-0.014812399538412008
279.30000000000007,-0.008457708200865327,-0.01481239914587711
279.40000000000003,-0.008457708156474434,-0.014812398724432452
279.5,-0.008457708108596551,-0.014812398271948867
279.6,-0.008457708056957771,-0.014812397786140368
279.70000000000005,-0.008457708001262667,-0.014812397264552614
279.8,-0.008457707941192608,-0.014812396704550503
279.90000000000003,-0.008457707876403932,-0.01481239610330486
280.00000000000006,-0.008457707806525985,-0.014812395457778144
280.1,-0.008457707731158993,-0.014812394764709105
280.2,-0.008457707649871781,-0.014812394020596304
280.3,-0.008457707562199306,-0.014812393221680422
280.40000000000003,-0.008457707467639993,-0.014812392363925276
280.50000000000006,-0.008457707365652867,-0.01481239144299742
280.6,-0.008457707255654461,-0.01481239045424425
280.70000000000005,-0.008457707137015472,-0.014812389392670511
280.8,-0.008457707009057168,-0.014812388252913049
280.90000000000003,-0.008457706871047499,-0.01481238702921372
281.0,-0.008457706722196909,-0.014812385715390296
281.1,-0.008457706561653825,-0.01481238430480524
281.20000000000005,-0.008457706388499778,-0.014812382790332167
281.30000000000007,-0.008457706201744157,-0.014812381164319837
281.40000000000003,-0.008457706000318527,-0.01481237941855351
281.5,-0.008457705783070537,-0.014812377544213438
281.6,-0.008457705548757308,-0.014812375531830306
281.70000000000005,-0.008457705296038332,-0.014812373371237397
281.8,-0.008457705023467805,-0.014812371051519226
281.90000000000003,-0.00845770472948635,-0.014812368560956395
282.00000000000006,-0.008457704412412097,-0.014812365886966385
282.1000000000001,-0.008457704070431065,-0.014812363016039989
282.2,-0.008457703701586779,-0.01481235993367306
282.3,-0.008457703303769078,-0.014812356624293239
282.40000000000003,-0.008457702874702048,-0.01481235307118128
282.50000000000006,-0.008457702411930995,-0.014812349256386583
282.6,-0.008457701912808403,-0.014812345160636502
282.70000000000005,-0.008457701374478791,-0.01481234076323899
282.80000000000007,-0.008457700793862375,-0.014812336041978047
282.90000000000003,-0.008457700167637446,-0.014812330973001492
283.0,-0.008457699492221369,-0.01481232553070046
283.1,-0.008457698763750085,-0.014812319687580016
283.20000000000005,-0.00845769797805601,-0.01481231341412026
283.3,-0.008457697130644187,-0.014812306678627176
283.40000000000003,-0.008457696216666566,-0.014812299447072528
283.50000000000006,-0.008457695230894282,-0.014812291682921933
283.6,-0.008457694167687728,-0.014812283346950292
283.7,-0.008457693020964297,-0.014812274397043622
283.8,-0.008457691784163581,-0.014812264787986293
283.90000000000003,-0.008457690450209837,-0.014812254471232592
284.00000000000006,-0.008457689011471514,-0.014812243394661468
284.1,-0.008457687459717585,-0.014812231502313214
284.20000000000005,-0.008457685786070462,-0.014812218734106755
284.3,-0.008457683980955205,-0.014812205025536108
284.40000000000003,-0.008457682034044742,-0.014812190307344498
284.5,-0.008457679934200798,-0.014812174505174466
284.6,-0.008457677669410153,-0.014812157539192206
284.70000000000005,-0.008457675226715937,-0.014812139323684246
284.80000000000007,-0.008457672592143488,-0.014812119766624408
284.90000000000003,-0.008457669750620412,-0.014812098769208892
285.0,-0.008457666685890344,-0.014812076225357103
285.1,-0.008457663380419955,-0.014812052021175736
285.20000000000005,-0.00845765981529864,-0.014812026034383361
285.3,-0.00845765597013033,-0.014811998133692666
285.40000000000003,-0.008457651822916806,-0.01481196817814717
285.50000000000006,-0.008457647349931846,-0.014811936016409106
285.6000000000001,-0.008457642525585491,-0.014811901485994846
285.7,-0.00845763732227764,-0.014811864412454027
285.8,-0.008457631710240157,-0.01481182460848821
285.90000000000003,-0.008457625657366557,-0.014811781873004635
286.00000000000006,-0.008457619129028331,-0.01481173599010028
286.1,-0.00845761208787684,-0.014811686727971115
286.20000000000005,-0.008457604493629634,-0.014811633837740992
286.30000000000007,-0.008457596302840004,-0.014811577052204315
286.4,-0.008457587468648418,-0.014811516084476097
286.5,-0.008457577940514441,-0.014811450626542584
286.6,-0.00845756766392759,-0.014811380347705159
286.70000000000005,-0.00845755658009548,-0.014811304892909615
286.8,-0.008457544625607478,-0.014811223880952403
286.90000000000003,-0.008457531732071925,-0.014811136902554752
287.00000000000006,-0.008457517825724861,-0.014811043518294969
287.1,-0.008457502827008039,-0.014810943256388442
287.2,-0.008457486650113755,-0.014810835610304144
287.3,-0.008457469202493947,-0.014810720036205606
287.40000000000003,-0.008457450384330737,-0.014810595950203407
287.50000000000006,-0.008457430087965354,-0.014810462725405323
287.6,-0.008457408197282235,-0.014810319688749211
287.70000000000005,-0.008457384587044717,-0.014810166117602655
287.8,-0.008457359122178564,-0.014810001236112164
287.90000000000003,-0.0084573316569992,-0.0148098242112835
288.0,-0.008457302034378257,-0.01480963414877333
288.1,-0.008457270084844632,-0.01480943008837093
288.20000000000005,-0.008457235625614953,-0.014809210999147126
288.30000000000007,-0.008457198459547864,-0.014808975774245952
288.40000000000003,-0.00845715837401619,-0.01480872322529274
288.5,-0.008457115139690486,-0.01480845207639035
288.6,-0.00845706850922705,-0.014808160957673235
288.70000000000005,-0.008457018215852864,-0.014807848398386779
288.8,-0.00845696397183939,-0.014807512819456924
288.90000000000003,-0.008456905466856467,-0.014807152525512568
289.00000000000006,-0.00845684236619692,-0.014806765696320414
289.1,-0.008456774308861688,-0.01480635037758901
289.2,-0.008456700905494564,-0.014805904471095513
289.3,-0.00845662173615467,-0.01480542572408531
289.40000000000003,-0.00845653634791398,-0.014804911717890909
289.5,-0.008456444252266122,-0.014804359855712662
289.6,-0.008456344922331627,-0.014803767349499508
289.70000000000005,-0.008456237789843652,-0.01480313120586354
289.80000000000007,-0.00845612224189692,-0.014802448210957159
289.9,-0.008455997617441296,-0.014801714914236468
290.0,-0.008455863203499904,-0.014800927611028856
290.1,-0.008455718231090193,-0.014800082323816703
290.20000000000005,-0.00845556187082459,-0.01479917478214264
290.3,-0.00845539322816556,-0.014798200401034873
290.40000000000003,-0.008455211338307957,-0.014797154257843536
290.50000000000006,-0.008455015160659381,-0.014796031067371084
290.6000000000001,-0.008454803572886936,-0.014794825155171061
290.7,-0.008454575364496356,-0.014793530428880344
290.8,-0.008454329229906778,-0.014792140347440053
290.90000000000003,-0.0084540637609815,-0.014790647888049603
291.00000000000006,-0.008453777438972028,-0.014789045510686969
291.1,-0.008453468625829316,-0.014787325120015897
291.20000000000005,-0.008453135554832474,-0.014785478024487634
291.30000000000007,-0.008452776320481364,-0.014783494892430539
291.40000000000003,-0.008452388867595218,-0.014781365704905746
291.5,-0.008451970979554949,-0.014779079705090702
291.6,-0.008451520265621865,-0.014776625343934844
291.70000000000005,-0.008451034147260244,-0.0147739902218129
291.80000000000007,-0.008450509843385525,-0.014771161025881004
291.90000000000003,-0.00844994435445372,-0.014768123462819163
292.00000000000006,-0.008449334445301007,-0.014764862186620282
292.1,-0.00844867662663535,-0.014761360721060933
292.20000000000005,-0.008447967135074251,-0.01475760137646218
292.3,-0.00844720191161443,-0.014753565160319929
292.40000000000003,-0.008446376578410244,-0.014749231681353314
292.50000000000006,-0.008445486413728038,-0.014744579046486333
292.6,-0.00844452632493308,-0.014739583750242322
292.70000000000005,-0.008443490819354579,-0.014734220555992428
292.8,-0.008442373972862115,-0.014728462368458192
292.90000000000003,-0.008441169395973658,-0.014722280096824063
293.0,-0.008439870197301332,-0.014715642507768325
293.1,-0.008438468944125753,-0.014708516067669887
293.20000000000005,-0.008436957619873432,-0.014700864773193817
293.30000000000007,-0.008435327578253934,-0.01469264996939965
293.40000000000003,-0.008433569493794413,-0.0146838301544536
293.5,-0.00843167330848857,-0.014674360769958041
293.6,-0.00842962817425476,-0.014664193975838976
293.70000000000005,-0.008427422390874087,-0.01465327840865423
293.8,-0.008425043339053423,-0.014641558922101311
293.90000000000003,-0.008422477408230386,-0.014628976308413952
294.00000000000006,-0.008419709918707283,-0.014615466999239834
294.1000000000001,-0.008416725037668512,-0.014600962744488275
294.2,-0.008413505688600975,-0.014585390267525412
294.3,-0.008410033453599301,-0.014568670894974899
294.40000000000003,-0.008406288467996957,-0.014550720159253825
294.50000000000006,-0.00840224930672043,-0.014531447371835857
294.6,-0.00839789286171632,-0.014510755165085683
294.70000000000005,-0.008393194209750099,-0.014488539000350078
294.80000000000007,-0.008388126469820217,-0.014464686639820404
294.90000000000003,-0.008382660649371805,-0.014439077579498416
295.0,-0.008376765478430198,-0.01441158244040057
295.1,-0.008370407230705309,-0.014382062314925259
295.20000000000005,-0.008363549530643426,-0.014350368065080698
295.3,-0.008356153145322572,-0.014316339569028079
295.40000000000003,-0.008348175760000829,-0.014279804912133468
295.50000000000006,-0.008339571736033594,-0.014240579518441576
295.6,-0.008330291849774747,-0.014198465218183543
295.7,-0.008320283010968037,-0.014153249246607703
295.8,-0.008309487959017568,-0.014104703169075347
295.90000000000003,-0.00829784493539976,-0.014052581726991007
296.00000000000006,-0.008285287330342665,-0.01399662159873676
296.1,-0.008271743301751263,-0.013936540069350743
296.20000000000005,-0.008257135364198623,-0.013872033602228976
296.3,-0.008241379945631563,-0.01380277630563458
296.40000000000003,-0.008224386909254673,-0.013728418286267169
296.5,-0.008206059037857469,-0.013648583881574397
296.6,-0.008186291477634425,-0.013562869761875254
296.70000000000005,-0.008164971138316067,-0.013470842892706853
296.80000000000007,-0.008141976046179202,-0.013372038347100322
296.90000000000003,-0.008117174646234893,-0.013265956956733235
297.0,-0.008090425049601996,-0.013152062790092083
297.1,-0.008061574221760442,-0.013029780444904167
297.20000000000005,-0.008030457107040315,-0.012898492141160126
297.3,-0.007996895684337882,-0.01275753460004086
297.40000000000003,-0.007960697948656337,-0.012606195692980812
297.50000000000006,-0.007921656812644666,-0.012443710843938574
297.6000000000001,-0.007879548921850298,-0.012269259166698666
297.7,-0.00783413337690764,-0.012081959317689947
297.8,-0.007785150355352113,-0.01188086504336866
297.90000000000003,-0.0077323196251750555,-0.011664960399671267
298.00000000000006,-0.007675338941615616,-0.011433154619385233
298.1,-0.00761388231801757,-0.011184276601507443
298.20000000000005,-0.007547598160858737,-0.010917068994749991
298.30000000000007,-0.007476107258283398,-0.010630181845302717
298.40000000000003,-0.00739900061063019,-0.01032216577676058
298.5,-0.007315837090543821,-0.009991464667760276
298.6,-0.007226140919284232,-0.009636407790332856
298.70000000000005,-0.0071293989447949995,-0.009255201369254961
298.8,-0.007025057705958961,-0.008845919519755418
298.90000000000003,-0.006912520266245539,-0.00840649451779426
299.00000000000006,-0.006791142798635123,-0.007934706353758446
299.1,-0.006660230902282815,-0.007428171516799049
299.2,-0.006519035629849182,-0.006884330953147244
299.3,-0.006366749202770345,-0.0063004371375737795
299.40000000000003,-0.006202500389954471,-0.005673540192675741
299.50000000000006,-0.006025349523466167,-0.0050004729858643075
299.6,-0.0058342831226834875,-0.0042778351287622775
299.70000000000005,-0.005628208096172354,-0.003501975798174897
299.8,-0.005405945488107284,-0.0026689752918445508
299.90000000000003,-0.005166223733461689,-0.0017746252258070607
300.0,-0.004915816869907058,-0.0008446253974774831
300.1,-0.004666189495532722,7.566083766319225e-05
300.20000000000005,-0.0044096975103723205,0.0010140837258288283
300.30000000000007,-0.0041465549838304765,0.001969271642568283
300.40000000000003,-0.0038769815358845865,0.0029398284592079393
300.5,-0.003601202153789,0.0039243355834716175
300.6,-0.003319447004299581,0.004921354032933539
300.70000000000005,-0.003031951241575484,0.00592942653827431
300.8,-0.0027389548109183724,0.006947079673265301
300.90000000000003,-0.0024407022485129857,0.007972826008368778
301.00000000000006,-0.0021374424773360707,0.009005166284805235
301.1,-0.0018294285994041306,0.010042591605910997
301.2,-0.0015169176845332925,0.011083585642582541
301.3,-0.0012001705557876264,0.012126626849584486
301.40000000000003,-0.000879451571795046,0.013170190689481517
301.5,-0.000555028406112313,0.014212751860944008
301.6,-0.00022717182382350244,0.015252786528169618
301.70000000000005,0.00010384454444186883,0.016288774548163548
301.80000000000007,0.00043774443088218096,0.01731920169262062
301.90000000000003,0.000774249161098129,0.01834256186116308
302.0,0.0011130778866756483,0.01935735928269739
302.1,0.001453947819583374,0.02036211070167436
302.20000000000005,0.001796574468188773,0.02135534754605574
302.3,0.0021406718746961994,0.02233561807381903
302.40000000000003,0.0024859528538086484,0.02330148949486331
302.50000000000006,0.0028321292324138877,0.024251550065214164
302.6000000000001,0.0031789120900951318,0.025184411150467184
302.7,0.0035260120002652915,0.02609870925545371
302.8,0.003873139271723832,0.026993108017162815
302.90000000000003,0.00422000419043434,0.02786630015800541
303.00000000000006,0.004566317261321229,0.028717009396567197
303.1,0.004911789449883696,0.0295439923130561
303.20000000000005,0.0052561324234251805,0.030346040166718602
303.30000000000007,0.005599058791697321,0.031121980662568077
303.40000000000003,0.005940282346757034,0.03187067966484309
303.5,0.006279518301837109,0.03259104285469134
303.6,0.0066164835290305115,0.033282017329655356
303.70000000000005,0.006950896795590274,0.033942593142623975
303.80000000000007,0.007282478998647677,0.03457180477799823
303.90000000000003,0.007610953398152678,0.03516873256291539
304.00000000000006,0.007936045847842712,0.03573250401146773
304.1,0.008257485024046121,0.03626229509995181
304.20000000000005,0.008575002652130372,0.036757331471283836
304.3,0.008888333730405245,0.03721688956682131
304.40000000000003,0.00919721675129443,0.03764029768393558
304.50000000000006,0.009501393919591063,0.03802693695779137
304.6,0.009800611367614741,0.038376242265895914
304.70000000000005,0.01009461936709069,0.03868770305409755
304.8,0.01038317253757413,0.038960864082825626
304.90000000000003,0.010666030051245935,0.03919532609248104
305.0,0.010942955833908707,0.03939074638700504
305.1,0.011213718762015299,0.03954683933477277
305.20000000000005,0.011478092855565707,0.0396633767860807
305.30000000000007,0.01173585746671097,0.03974018840661592
305.40000000000003,0.011986797463906913,0.03977716192642223
305.5,0.012230703411463876,0.03977424330399578
305.6,0.012467371744342846,0.03973143680527474
305.70000000000005,0.012696604938051633,0.03964880499740351
305.8,0.01291821167349988,0.0395264686572829
305.90000000000003,0.013132006996674713,0.03936460659503944
306.00000000000006,0.013337812473004348,0.039163455392671555
306.1000000000001,0.013535456336280352,0.038923309058255064
306.2,0.013724773632014547,0.03864451859621269
306.3,0.013905606355110758,0.03832749149427649
306.40000000000003,0.014077803581736603,0.03797269112789294
306.50000000000006,0.014241221595285285,0.037580636082940495
306.6,0.014395724006322136,0.03715189939775042
306.70000000000005,0.014541181866415762,0.036687107725538355
306.80000000000007,0.014677473775759106,0.03618694041847093
306.90000000000003,0.014804485984490256,0.03565212853470626
307.0,0.014922112487628755,0.03508345376985915
307.1,0.015030255113547528,0.034481747314453706
307.20000000000005,0.015128823605907664,0.03384788863903261
307.3,0.01521773569898666,0.03318280420869879
307.40000000000003,0.01529691718633783,0.03248746612896927
307.50000000000006,0.015366301982723284,0.03176289072491879
307.6,0.015425832179269017,0.031010137055691687
307.7,0.015475458091795916,0.030230305366552003
307.8,0.015515138302286388,0.029424535480735273
307.90000000000003,0.015544839693452137,0.028594005133451603
308.00000000000006,0.015564537476373777,0.02773992825047611
308.1,0.01557421521119005,0.026863553173841558
308.20000000000005,0.015573864820818423,0.025966160837227935
308.3,0.015563486597696324,0.025049062893714835
308.40000000000003,0.015543089203537072,0.02411359979863356
308.5,0.015512689662100784,0.023161138850321138
308.6,0.015472313344986232,0.022193072191639775
308.70000000000005,0.015421993950455602,0.021210814775183023
308.80000000000007,0.015361773475309742,0.020215802295142436
308.90000000000003,0.015291702179837545,0.01920948908885787
309.0,0.015211838545868276,0.018193346011118522
309.1,0.015122249227962653,0.017168858284321332
309.20000000000005,0.015023008997782306,0.016137523327629653
309.3,0.01491420068168527,0.015100848568304426
309.40000000000003,0.014795915091598617,0.014060349238407635
309.50000000000006,0.014668250949226275,0.013017546160097758
309.6000000000001,0.014531314803655774,0.011973963522754665
309.7,0.014385220942431522,0.010931126655182985
309.8,0.01423009129617004,0.009890559796149936
309.90000000000003,0.014066055336796165,0.008853783866516333
310.00000000000006,0.013893249969485016,0.007822314246217503
310.1,0.013711819418400495,0.006797658559342385
310.20000000000005,0.013521915106324962,0.005781314470549319
310.30000000000007,0.013323695528281134,0.004774767496038506
310.40000000000003,0.013117326119251451,0.0037794888322811217
310.5,0.01290297911610519,0.0027969332056783733
310.6,0.01268083341384883,0.001828536746293975
310.70000000000005,0.012451074416319392,0.0008757148887670891
310.8,0.012213893881445663,-6.013969652527741e-05
310.90000000000003,0.011969489761205893,-0.0009776591390334138
311.00000000000006,0.01171806603641639,-0.0018755023673515704
311.1,0.011459832546488094,-0.0027523570693645666
311.2,0.011195004814293582,-0.00360694161035891
311.3,0.010923803866290754,-0.004438006906294952
311.40000000000003,0.010646456048053067,-0.005244338249502172
311.50000000000006,0.01036319283536051,-0.0060247570841289975
311.6,0.010074250641008788,-0.006778122728752098
311.70000000000005,0.009779870617498153,-0.00750333404362747
311.8,0.009480298455766346,-0.008199331040146227
311.90000000000003,0.009165786306312835,-0.008886450558003352
312.0,0.008894117649412881,-0.00954189821080555
312.1,0.008673824946559976,-0.0101464282578415
312.20000000000005,0.008503647902560963,-0.010703094832375777
312.30000000000007,0.008382612934052642,-0.011214710257651727
312.40000000000003,0.008310027599628452,-0.011683859254969238
312.5,0.008285476638379245,-0.012112912001899782
312.6,0.008308819594184391,-0.012504036106609545
312.70000000000005,0.008380190012161868,-0.012859207558786105
312.8,0.008499996202680299,-0.013180220712493492
312.90000000000003,0.008668923577303787,-0.013468697351389792
313.00000000000006,0.008887938570033404,-0.013726094882105548
313.1,0.009158294166278998,-0.013953713697176472
313.20000000000005,0.00948153707119229,-0.014152703744728656
313.3,0.009859516558371532,-0.014324070338106783
313.40000000000003,0.010294395049561238,-0.014468679234796103
313.5,0.010788660485873156,-0.014587261010297201
313.6,0.011345140561304673,-0.014680414749050805
313.70000000000005,0.01196701889998435,-0.014748611071059415
313.80000000000007,0.012636308348768627,-0.014791211626564582
313.90000000000003,0.013285570763064636,-0.01481064537768839
314.0,0.013935464721139153,-0.014808597761852288
314.1,0.014585447818469908,-0.014785071771907347
314.20000000000005,0.0152349775761387,-0.014740101794081197
314.3,0.015883511893586576,-0.014673753557718184
314.40000000000003,0.016530509501053704,-0.014586124039207563
314.50000000000006,0.017175430411325594,-0.01447734132024017
314.6000000000001,0.01781773637040879,-0.014347564400600733
314.7,0.018456891306760388,-0.014196982965769458
314.8,0.019092361778695638,-0.014025817109672564
314.90000000000003,0.019723617419600915,-0.01383431701298701
315.00000000000006,0.020350131380580318,-0.01362276257746959
315.1,0.020971380770165998,-0.013391463016844926
315.20000000000005,0.021586847090725822,-0.013140756404850244
315.30000000000007,0.0221960166712042,-0.0128710091810976
315.40000000000003,0.02279838109583388,-0.012582615615475776
315.5,0.02339343762846244,-0.012275997231874648
315.6,0.023980689632138213,-0.01195160219207441
315.70000000000005,0.024559646983605594,-0.0116099046407001
315.80000000000007,0.02512982648236448,-0.011251404012198905
315.90000000000003,0.02569075225395132,-0.010876624300853161
316.00000000000006,0.026241956147106425,-0.010486113294896068
316.1,0.026782978124495104,-0.010080441775849464
316.20000000000005,0.027313366646656883,-0.009660202684253981
316.3,0.027832679048862604,-0.009226010253011094
316.40000000000003,0.028340481910564288,-0.008778499109603488
316.50000000000006,0.028836351417130066,-0.008318323348506275
316.6,0.029319873713561918,-0.007846155575144727
316.70000000000005,0.029790645249900615,-0.007362685922795822
316.8,0.030248273118030886,-0.006868621043870668
316.90000000000003,0.03069237537960404,-0.006364683077052121
317.0,0.03112258138480548,-0.0058516085917972045
317.1,0.03153853208170107,-0.005330147511747069
317.20000000000005,0.03193988031590307,-0.004801062018618241
317.30000000000007,0.032326291120307285,-0.004265125438177085
317.40000000000003,0.03269744199465785,-0.003723121109925757
317.5,0.033053023174707555,-0.003175841242151853
317.6,0.03339273789074859,-0.0026240857540152235
317.70000000000005,0.033716302615297775,-0.002068661106364316
317.8,0.03402344729972996,-0.001510379122991113
317.90000000000003,0.03431391559966204,-0.0009500558040472108
318.00000000000006,0.034587465088898914,-0.00038851013335594424
318.1000000000001,0.03484386746176367,0.00017343711863673263
318.2,0.03508290872364256,0.0007349645945227603
318.3,0.035304389369585826,0.0012952515504502504
318.40000000000003,0.035508124550815534,0.0018534790557450543
318.50000000000006,0.035693944229001115,0.002408831189882164
318.6,0.03586169331817436,0.0029604962350573607
318.70000000000005,0.03601123181416463,0.00350766786261608
318.80000000000007,0.036142434911447224,0.004049546311605328
318.90000000000003,0.03625519310730642,0.004585339557726014
319.0,0.03634941229322722,0.005114264470977398
319.1,0.03642501383343838,0.005635547960301008
319.20000000000005,0.03648193463054274,0.006148428103551812
319.30000000000007,0.03652012717817807,0.006652155261144132
319.40000000000003,0.036539559600666266,0.0071459931717454735
319.50000000000006,0.0365402156796171,0.007629220028416135
319.6,0.036522094867464064,0.008101129533621713
319.70000000000005,0.03648521228792133,0.008561031931577047
319.8,0.03642959872336142,0.009008255016411839
319.90000000000003,0.03635530058912416,0.009442145114685245
320.00000000000006,0.03626237989477819,0.009862068040812645
320.1,0.03615091419236749,0.010267410024008756
320.20000000000005,0.03602099651168614,0.010657578605391354
320.3,0.03587273528263504,0.011032003503935803
320.40000000000003,0.03570625424472609,0.011390137450012881
320.5,0.03552169234380832,0.011731456985293305
320.6,0.03531920361610329,0.012055463227848501
320.70000000000005,0.03509895705964558,0.01236168260133001
320.80000000000007,0.03486113649323634,0.012649667527161889
320.90000000000003,0.03460594040302718,0.012918997078733075
321.0,0.0343335817768627,0.013169277596635958
321.1,0.03404428792652006,0.01340014326404918
321.20000000000005,0.03373830029799313,0.01361125664142568
321.3,0.03341587426998094,0.01380230915970338
321.40000000000003,0.03307727894074709,0.013973021571318274
321.50000000000006,0.032722796903529264,0.014123144358360247
321.6000000000001,0.0323527240106857,0.014252458097275161
321.7,0.0319673691267751,0.014360773779580343
321.8,0.031567053870777184,0.014447933088124606
321.90000000000003,0.031152112347667908,0.014513808628488828
322.00000000000006,0.0307228908695736,0.014558304115189
322.1,0.0302797476667377,0.014581354512410041
322.20000000000005,0.029823052588539806,0.01458292612906356
322.30000000000007,0.0293531867948178,0.014563016668031862
322.40000000000003,0.028870542437750047,0.014521655229525412
322.5,0.02837552233456334,0.014458902268549201
322.6,0.027868539631339822,0.01437484950654004
322.70000000000005,0.0273500174582032,0.014269619797304083
322.8,0.02682038857617258,0.01414336694745026
322.90000000000003,0.026280095015978045,0.013996275491582421
323.00000000000006,0.02572958770913956,0.01382856042257844
323.1,0.025169326111617683,0.013640466877350902
323.2,0.024599777820349365,0.01343226977854822
323.3,0.024021418182989387,0.013204273432720232
323.40000000000003,0.023434729901182925,0.012956811085535485
323.50000000000006,0.02284020262770069,0.012690244434700166
323.6,0.022238332557772224,0.012404963101291097
323.70000000000005,0.021629622014959184,0.012101384060274794
323.8,0.021014579031913772,0.01177995103104554
323.90000000000003,0.02039371692637223,0.01144113382887304
324.0,0.019767553872737556,0.011085427678207678
324.1,0.019136612469608714,0.010713352488846839
324.20000000000005,0.018501419303617355,0.010325452096020772
324.30000000000007,0.017862504509936167,0.009922293465508028
324.40000000000003,0.0172204013298258,0.009504465864942925
324.50000000000006,0.01657564566558886,0.009072580002526013
324.6,0.015928775633303627,0.00862726713439609
324.70000000000005,0.015280331113709848,0.008169178141969323
324.8,0.014630853301621616,0.007698982580592999
324.90000000000003,0.013980884254243792,0.007217367700905397
325.00000000000006,0.013330966438768542,0.006725037444331375
325.1000000000001,0.012681642279629528,0.006222711414182522
325.20000000000005,0.012033453705792178,0.0057111238238652644
325.3,0.011386941698457123,0.005191022423734657
325.40000000000003,0.010742645839554768,0.004663167408162102
325.50000000000006,0.010101103861407685,0.004128330304414346
325.6,0.009462851197936838,0.003587292844968523
325.70000000000005,0.008828420537785788,0.00304084582491042
325.80000000000007,0.008198341379736358,0.0024897879460870024
325.90000000000003,0.0075731395907864575,0.0019349246497019443
326.0,0.006953336967259036,0.0013770669390609312
326.1,0.006339450799308458,0.000817030194186991
326.20000000000005,0.005731993439187771,0.00025563298003896014
326.3,0.005131471873637005,-0.0003063041499253207
326.40000000000003,0.004538387300749784,-0.0008679598530924315
326.50000000000006,0.003953234711671118,-0.001428513198189969
326.6000000000001,0.0033765024774753006,-0.001987144865182127
326.7,0.0028086719415693264,-0.0025430383428101805
326.8,0.0022502170179613187,-0.003095381122027485
326.90000000000003,0.0017016037957297819,-0.0036433658835849595
327.00000000000006,0.0011632901500234043,-0.004186191678030806
327.1,0.0006357253599164042,-0.004723065096400053
327.20000000000005,0.00011934973343806499,-0.005253201429882722
327.30000000000007,-0.00038540575991037954,-0.005775825816775592
327.40000000000003,-0.0008781198488448504,-0.006290174375041145
327.5,-0.0013583813118934873,-0.006795495318818411
327.6,-0.0018257893206039232,-0.0072910500572535755
327.70000000000005,-0.0022946568626947975,-0.007791835360863116
327.80000000000007,-0.0027435173623267138,-0.008273424018958107
327.90000000000003,-0.003159686956334031,-0.008721977232369806
328.00000000000006,-0.0035455465521733783,-0.009139761127152216
328.1,-0.003903303653713784,-0.009528886380345658
328.20000000000005,-0.00423500499037272,-0.009891318883282907
328.3,-0.00454254822646107,-0.010228889673426556
328.40000000000003,-0.004827692817726163,-0.010543304184914063
328.50000000000006,-0.005092070077203191,-0.010836150864544898
328.6,-0.005337192507961852,-0.011108909196738525
328.70000000000005,-0.005564462456140795,-0.011362957178005837
328.8,-0.005775180133773948,-0.011599578278695732
328.90000000000003,-0.005970551057307356,-0.011819967927188096
329.0,-0.006151692944362267,-0.01202523954929184
329.1,-0.006319642108200877,-0.01221643019335951
329.20000000000005,-0.006475359386477535,-0.012394505769536985
329.30000000000007,-0.006619735638193745,-0.0125603659296174
329.40000000000003,-0.006753596840305106,-0.012714848612152612
329.5,-0.0068777088131378675,-0.012858734275784583
329.6,-0.006992781601649253,-0.01299274984218371
329.70000000000005,-0.007099473537596714,-0.013117572368514178
329.8,-0.007198395005855829,-0.013233832467979918
329.90000000000003,-0.007290111936433957,-0.013342117495732038
330.00000000000006,-0.007375149042157446,-0.013442974516233146
330.1000000000001,-0.0074539928205552405,-0.013536913067069984
330.2,-0.007527094337112657,-0.013624407733177323
330.3,-0.007594871805818341,-0.013705900544478306
330.40000000000003,-0.007657712981767704,-0.013781803209054349
330.50000000000006,-0.007715977379510957,-0.013852499193126665
330.6,-0.007769998329836892,-0.01391834565835776
330.70000000000005,-0.0078200848867593,-0.013979675266260158
330.80000000000007,-0.007866523595615873,-0.014036797858828512
330.90000000000003,-0.007909580132394924,-0.014090002023885674
331.0,-0.007949500823668477,-0.014139556553051035
331.1,-0.007986514055827312,-0.014185711799696903
331.20000000000005,-0.00802083158168016,-0.014228700943753385
331.30000000000007,-0.008052649731892144,-0.014268741169751707
331.40000000000003,-0.008082150538193089,-0.014306034764057526
331.50000000000006,-0.008109502774781563,-0.014340770136837523
331.6,-0.008134862923882567,-0.014373122773922357
331.70000000000005,-0.008158376070982803,-0.014403256123374876
331.8,-0.008180176734865152,-0.014431322421242542
331.90000000000003,-0.008200389637191038,-0.014457463460665919
332.00000000000006,-0.008219130416033399,-0.014481811308228733
332.1,-0.00823650628744245,-0.014504488971168636
332.20000000000005,-0.008252616658829011,-0.014525611018819424
332.3,-0.008267553697674599,-0.014545284161424303
332.40000000000003,-0.008281402858821856,-0.014563607789244428
332.5,-0.008294243373361947,-0.01458067447468629
332.6,-0.008306148701915865,-0.0145965704399848
332.70000000000005,-0.008317186954902866,-0.014611375992804779
332.80000000000007,-0.00832742128220036,-0.014625165931961585
332.90000000000003,-0.008336910234424557,-0.01463800992531061
333.0,-0.008345708097898703,-0.014649972861714744
333.1,-0.008353865205225299,-0.014661115178868018
333.20000000000005,-0.008361428223239065,-0.014671493168631573
333.3,-0.008368440419988032,-0.014681159261424558
333.40000000000003,-0.008374941912270178,-0.014690162291106737
333.50000000000006,-0.00838096989514174,-0.014698547741690968
333.6000000000001,-0.008386558854710246,-0.01470635797713202
333.7,-0.008391740765429624,-0.01471363245535259
333.8,-0.008396545273026157,-0.014720407927587833
333.90000000000003,-0.008400999864101769,-0.01472671862405548
334.00000000000006,-0.008405130023384944,-0.014732596426889599
334.1,-0.008408959379528945,-0.01473807103121162
334.20000000000005,-0.0084125098402914,-0.014743170095152441
334.30000000000007,-0.008415801717868644,-0.014747919379583462
334.40000000000003,-0.008418853845101864,-0.014752342878262537
334.5,-0.00842168368321983,-0.014756462939052322
334.6,-0.008424307421734641,-0.014760300376823425
334.70000000000005,-0.00842674007106196,-0.014763874578612779
334.8,-0.008428995548395659,-0.014767203601568466
334.90000000000003,-0.008431086757328118,-0.01477030426417585
335.00000000000006,-0.008433025661671714,-0.01477319223122588
335.1,-0.008434823353903836,-0.014775882092954856
335.2,-0.008436490118626964,-0.014778387438755437
335.3,-0.008438035491406922,-0.014780720925831322
335.40000000000003,-0.008439468313325874,-0.014782894343142443
335.50000000000006,-0.008440796781562187,-0.01478491867096371
335.6,-0.008442028496286495,-0.01478680413635822
335.70000000000005,-0.00844317050414232,-0.014788560264845195
335.80000000000007,-0.008444229338559919,-0.01479019592852364
335.90000000000003,-0.008445211057134075,-0.014791719390894886
336.0,-0.0084461212762796,-0.014793138348610456
336.1,-0.008446965203362876,-0.014794459970356142
336.20000000000005,-0.008447747666493194,-0.014795690933068775
336.30000000000007,-0.008448473142144398,-0.014796837455668633
336.40000000000003,-0.008449145780764796,-0.014797905330477916
336.50000000000006,-0.008449769430521892,-0.014798899952484007
336.6,-0.008450347659317755,-0.014799826346595378
336.70000000000005,-0.00845088377520101,-0.014800689193027818
336.8,-0.00845138084529218,-0.014801492850949255
336.90000000000003,-0.008451841713330702,-0.014802241380502608
337.00000000000006,-0.008452269015943963,-0.014802938563317956
337.1000000000001,-0.008452665197731456,-0.014803587921617624
337.20000000000005,-0.008453032525250339,-0.014804192736010729
337.3,-0.008453373099982415,-0.014804756062067072
337.40000000000003,-0.008453688870356713,-0.014805280745754124
337.50000000000006,-0.008453981642896465,-0.014805769437815067
337.6,-0.008454253092554221,-0.014806224607160566
337.70000000000005,-0.00845450477229426,-0.014806648553341895
337.80000000000007,-0.008454738121977109,-0.014807043418168448
337.90000000000003,-0.00845495447659698,-0.014807411196528333
338.0,-0.008455155073919281,-0.014807753746466703
338.1,-0.008455341061561877,-0.014808072798572741
338.20000000000005,-0.008455513503560613,-0.01480836996472274
338.3,-0.008455673386456662,-0.014808646746223423
338.40000000000003,-0.008455821624940539,-0.014808904541396663
338.50000000000006,-0.00845595906708504,-0.014809144652643918
338.6000000000001,-0.008456086499197072,-0.014809368293026062
338.7,-0.008456204650316122,-0.014809576592391864
338.8,-0.008456314196385083,-0.01480977060308608
338.90000000000003,-0.008456415764117332,-0.014809951305265964
339.00000000000006,-0.008456509934582164,-0.014810119611853122
339.1,-0.00845659724652908,-0.014810276373145647
339.20000000000005,-0.008456678199469981,-0.014810422381113898
339.30000000000007,-0.00845675325653688,-0.014810558373401592
339.40000000000003,-0.008456822847131472,-0.014810685037052447
339.5,-0.008456887369381752,-0.014810803011981172
339.6,-0.008456947192419703,-0.01481091289420637
339.70000000000005,-0.008457002658493095,-0.01481101523886167
339.80000000000007,-0.008457054084923499,-0.014811110563000308
339.90000000000003,-0.00845710176592167,-0.014811199348207316
340.00000000000006,-0.008457145974270738,-0.014811282043032531
340.1,-0.008457186962886798,-0.014811359065256704
340.20000000000005,-0.008457224966265841,-0.014811430804002157
340.3,-0.008457260201825306,-0.014811497621698668
340.40000000000003,-0.008457292871147935,-0.014811559855914485
340.50000000000006,-0.008457323161135014,-0.014811617821061752
340.6,-0.00845735124507565,-0.014811671809984946
340.70000000000005,-0.00845737728363815,-0.014811722095440344
340.8,-0.008457401425789202,-0.014811768931474015
340.90000000000003,-0.008457423809646125,-0.014811812554705282
341.0,-0.008457444563267028,-0.014811853185522132
341.1,-0.008457463805383437,-0.01481189102919464
341.20000000000005,-0.008457481646079557,-0.014811926276912015
341.30000000000007,-0.00845749818742206,-0.014811959106748492
341.40000000000003,-0.008457513524044016,-0.01481198968456298
341.5,-0.008457527743686286,-0.014812018164837001
341.6,-0.00845754092769948,-0.014812044691455136
341.70000000000005,-0.00845755315150938,-0.01481206939843194
341.8,-0.008457564485048434,-0.014812092410589003
341.90000000000003,-0.008457574993155855,-0.014812113844185548
342.00000000000006,-0.008457584735948554,-0.014812133807505786
342.1000000000001,-0.00845759376916508,-0.01481215240140598
342.2,-0.008457602144484487,-0.014812169719823975
342.3,-0.008457609909822002,-0.014812185850253776
342.40000000000003,-0.008457617109603147,-0.014812200874187581
342.50000000000006,-0.008457623785017887,-0.014812214867527486
342.6,-0.00845762997425629,-0.01481222790096894
342.70000000000005,-0.00845763571272701,-0.014812240040357916
342.80000000000007,-0.008457641033259848,-0.014812251347023556
342.90000000000003,-0.008457645966293595,-0.014812261878088024
343.0,-0.008457650540050148,-0.014812271686755087
343.1,-0.008457654780695982,-0.014812280822578898
343.20000000000005,-0.008457658712491843,-0.014812289331714358
343.30000000000007,-0.008457662357931548,-0.01481229725715029
343.40000000000003,-0.008457665737870669,-0.014812304638926611
343.50000000000006,-0.008457668871645844,-0.014812311514336643
343.6,-0.008457671777185413,-0.014812317918115492
343.70000000000005,-0.008457674471111976,-0.014812323882615554
343.8,-0.008457676968837494,-0.01481232943796995
343.90000000000003,-0.008457679284651463,-0.014812334612244767
344.00000000000006,-0.00845768143180266,-0.01481233943158085
344.1,-0.008457683422574943,-0.01481234392032586
344.20000000000005,-0.008457685268357527,-0.01481234810115729
344.3,-0.008457686979710138,-0.014812351995197032
344.40000000000003,-0.008457688566423432,-0.014812355622118075
344.5,-0.008457690037574999,-0.014812359000243913
344.6,-0.008457691401581301,-0.014812362146641101
344.70000000000005,-0.008457692666245823,-0.014812365077205486
344.80000000000007,-0.008457693838803713,-0.01481236780674251
344.90000000000003,-0.00845769492596318,-0.014812370349042005
345.0,-0.008457695933943864,-0.014812372716947872
345.1,-0.008457696868512428,-0.014812374922422952
345.20000000000005,-0.008457697735015538,-0.014812376976609485
345.3,-0.008457698538410465,-0.014812378889885377
345.40000000000003,-0.008457699283293431,-0.014812380671916649
345.50000000000006,-0.008457699973925915,-0.014812382331706266
345.6000000000001,-0.008457700614259026,-0.014812383877639612
345.7,-0.008457701207956112,-0.014812385317526867
345.8,-0.008457701758413717,-0.01481238665864245
345.90000000000003,-0.00845770226878101,-0.014812387907761787
346.00000000000006,-0.008457702741977803,-0.014812389071195524
346.1,-0.008457703180711257,-0.014812390154821421
346.20000000000005,-0.008457703587491367,-0.01481239116411404
346.30000000000007,-0.008457703964645322,-0.014812392104172407
346.40000000000003,-0.008457704314330823,-0.014812392979745771
346.5,-0.008457704638548422,-0.014812393795257596
346.6,-0.008457704939152965,-0.014812394554827914
346.70000000000005,-0.008457705217864217,-0.014812395262294133
346.8,-0.008457705476276682,-0.014812395921230428
346.90000000000003,-0.00845770571586874,-0.014812396534965796
347.00000000000006,-0.008457705938011097,-0.014812397106600875
347.1000000000001,-0.00845770614397463,-0.014812397639023615
347.2,-0.008457706334937658,-0.014812398134923854
347.3,-0.00845770651199268,-0.014812398596806919
347.40000000000003,-0.00845770667615263,-0.01481239902700628
347.50000000000006,-0.008457706828356663,-0.014812399427695338
347.6,-0.008457706969475546,-0.014812399800898405
347.70000000000005,-0.008457707100316614,-0.014812400148500935
347.80000000000007,-0.008457707221628412,-0.014812400472259039
347.90000000000003,-0.008457707334104966,-0.014812400773808371
348.0,-0.008457707438389752,-0.014812401054672382
348.1,-0.008457707535079387,-0.014812401316270018
348.20000000000005,-0.008457707624727029,-0.014812401559922892
348.30000000000007,-0.008457707707845555,-0.014812401786861955
348.40000000000003,-0.008457707784910486,-0.014812401998233724
348.50000000000006,-0.00845770785636271,-0.014812402195106064
348.6,-0.008457707922611005,-0.01481240237847359
348.70000000000005,-0.008457707984034378,-0.01481240254926269
348.8,-0.008457708040984233,-0.014812402708336201
348.90000000000003,-0.008457708093786381,-0.014812402856497778
349.00000000000006,-0.0084577081427429,-0.014812402994495943
349.1000000000001,-0.008457708188133874,-0.014812403123027874
349.20000000000005,-0.008457708230218984,-0.014812403242742926
349.3,-0.008457708269238997,-0.014812403354245907
349.40000000000003,-0.008457708305417148,-0.01481240345810014
349.50000000000006,-0.008457708338960413,-0.014812403554830303
349.6,-0.008457708370060693,-0.014812403644925087
349.70000000000005,-0.00845770839889591,-0.014812403728839655
349.80000000000007,-0.008457708425631035,-0.014812403806997953
349.90000000000003,-0.008457708450419018,-0.014812403879794841
350.0,-0.008457708473401668,-0.014812403947598094
350.1,-0.008457708494710472,-0.014812404010750261
350.20000000000005,-0.008457708514467338,-0.01481240406957039
350.3,-0.008457708532785293,-0.014812404124355647
350.40000000000003,-0.008457708549769136,-0.01481240417538281
350.50000000000006,-0.008457708565516031,-0.014812404222909671
350.6000000000001,-0.008457708580116064,-0.014812404267176343
350.7,-0.008457708593652765,-0.014812404308406461
350.8,-0.008457708606203576,-0.014812404346808326
350.90000000000003,-0.008457708617840301,-0.014812404382575946
351.00000000000006,-0.008457708628629513,-0.01481240441589002
351.1,-0.008457708638632936,-0.014812404446918856
351.20000000000005,-0.008457708647907802,-0.014812404475819212
351.30000000000007,-0.008457708656507171,-0.014812404502737096
351.40000000000003,-0.00845770866448024,-0.0148124045278085
351.5,-0.008457708671872623,-0.014812404551160084
351.6,-0.008457708678726613,-0.014812404572909825
351.70000000000005,-0.00845770868508142,-0.014812404593167603
351.80000000000007,-0.008457708690973403,-0.014812404612035762
351.90000000000003,-0.008457708696436266,-0.014812404629609624
352.00000000000006,-0.008457708701501263,-0.014812404645977977
352.1,-0.008457708706197373,-0.014812404661223513
352.20000000000005,-0.008457708710551461,-0.014812404675423255
352.3,-0.008457708714588437,-0.014812404688648938
352.40000000000003,-0.008457708718331397,-0.014812404700967383
352.50000000000006,-0.008457708721801753,-0.014812404712440821
352.6000000000001,-0.00845770872501936,-0.014812404723127217
352.70000000000005,-0.008457708728002626,-0.014812404733080563
352.8,-0.008457708730768619,-0.014812404742351138
352.90000000000003,-0.008457708733333161,-0.014812404750985783
353.00000000000006,-0.008457708735710926,-0.01481240475902812
353.1,-0.008457708737915516,-0.014812404766518777
353.20000000000005,-0.008457708739959545,-0.014812404773495599
353.30000000000007,-0.008457708741854704,-0.014812404779993833
353.40000000000003,-0.008457708743611837,-0.01481240478604631
353.5,-0.008457708745240997,-0.014812404791683604
353.6,-0.008457708746751502,-0.014812404796934199
353.70000000000005,-0.008457708748151998,-0.01481240480182462
353.8,-0.008457708749450494,-0.014812404806379574
353.90000000000003,-0.008457708750654418,-0.014812404810622072
354.00000000000006,-0.008457708751770661,-0.014812404814573549
354.1000000000001,-0.008457708752805607,-0.014812404818253966
354.2,-0.008457708753765177,-0.01481240482168192
354.3,-0.008457708754654859,-0.014812404824874725
354.40000000000003,-0.008457708755479746,-0.014812404827848517
354.50000000000006,-0.008457708756244554,-0.014812404830618313
354.6,-0.008457708756953662,-0.014812404833198112
354.70000000000005,-0.008457708757611126,-0.014812404835600944
354.80000000000007,-0.008457708758220705,-0.01481240483783895
354.90000000000003,-0.008457708758785888,-0.014812404839923436
355.0,-0.008457708759309908,-0.014812404841864931
355.1,-0.008457708759795764,-0.014812404843673249
355.20000000000005,-0.008457708760246234,-0.01481240484535752
355.30000000000007,-0.008457708760663896,-0.014812404846926256
355.40000000000003,-0.008457708761051138,-0.01481240484838738
355.50000000000006,-0.00845770876141018,-0.014812404849748278
355.6,-0.00845770876174307,-0.014812404851015822
355.70000000000005,-0.008457708762051715,-0.014812404852196415
355.8,-0.008457708762337882,-0.014812404853296025
355.90000000000003,-0.008457708762603208,-0.014812404854320204
356.00000000000006,-0.008457708762849209,-0.014812404855274129
356.1,-0.008457708763077294,-0.014812404856162618
356.20000000000005,-0.008457708763288767,-0.014812404856990157
356.3,-0.008457708763484839,-0.014812404857760931
356.40000000000003,-0.008457708763666631,-0.014812404858478833
356.5,-0.008457708763835182,-0.014812404859147489
356.6,-0.008457708763991458,-0.014812404859770277
356.70000000000005,-0.008457708764136351,-0.014812404860350343
356.80000000000007,-0.008457708764270693,-0.014812404860890619
356.90000000000003,-0.00845770876439525,-0.014812404861393834
357.0,-0.008457708764510736,-0.014812404861862529
357.1,-0.00845770876461781,-0.014812404862299074
357.20000000000005,-0.008457708764717086,-0.014812404862705674
357.3,-0.008457708764809132,-0.014812404863084381
357.40000000000003,-0.008457708764894474,-0.014812404863437111
357.50000000000006,-0.0084577087649736,-0.014812404863765644
357.6000000000001,-0.008457708765046965,-0.014812404864071642
357.7,-0.008457708765114985,-0.014812404864356648
357.8,-0.00845770876517805,-0.014812404864622104
357.90000000000003,-0.008457708765236525,-0.014812404864869351
358.00000000000006,-0.008457708765290738,-0.014812404865099637
358.1,-0.008457708765341005,-0.014812404865314127
358.20000000000005,-0.00845770876538761,-0.014812404865513903
358.30000000000007,-0.00845770876543082,-0.014812404865699975
358.40000000000003,-0.008457708765470886,-0.014812404865873284
358.5,-0.008457708765508032,-0.014812404866034704
358.6,-0.008457708765542471,-0.01481240486618505
358.70000000000005,-0.008457708765574404,-0.014812404866325084
358.80000000000007,-0.00845770876560401,-0.014812404866455513
358.90000000000003,-0.00845770876563146,-0.014812404866576992
359.00000000000006,-0.008457708765656912,-0.014812404866690141
359.1000000000001,-0.00845770876568051,-0.014812404866795527
359.20000000000005,-0.008457708765702388,-0.014812404866893683
359.3,-0.008457708765722674,-0.014812404866985106
359.40000000000003,-0.008457708765741482,-0.014812404867070259
359.50000000000006,-0.00845770876575892,-0.01481240486714957
359.6,-0.008457708765775087,-0.014812404867223442
359.70000000000005,-0.008457708765790078,-0.014812404867292244
359.80000000000007,-0.008457708765803977,-0.014812404867356329
359.90000000000003,-0.008457708765816864,-0.014812404867416015
360.0,-0.008457708765828811,-0.01481240486747161
360.1,-0.00845770876583989,-0.01481240486752339
360.20000000000005,-0.00845770876585016,-0.014812404867571616
360.30000000000007,-0.008457708765859684,-0.014812404867616537
360.40000000000003,-0.008457708765868512,-0.014812404867658375
360.50000000000006,-0.0084577087658767,-0.014812404867697342
360.6,-0.00845770876588429,-0.014812404867733638
360.70000000000005,-0.008457708765891327,-0.014812404867767444
