275.8,-0.0043187398478135176,-0.011824800438429643
275.90000000000003,-0.004318739847666341,-0.01182480042007377
276.0,-0.004318739847507159,-0.011824800400323705
276.1,-0.004318739847334993,-0.011824800379073547
276.20000000000005,-0.004318739847148784,-0.011824800356209362
276.30000000000007,-0.004318739846947386,-0.01182480033160856
276.40000000000003,-0.004318739846729558,-0.011824800305139235
276.5,-0.004318739846493964,-0.011824800276659468
276.6,-0.004318739846239151,-0.01182480024601656
276.70000000000005,-0.004318739845963554,-0.011824800213046209
276.8,-0.004318739845665475,-0.01182480017757164
276.90000000000003,-0.004318739845343083,-0.011824800139402646
277.00000000000006,-0.004318739844994393,-0.011824800098334578
277.1,-0.004318739844617261,-0.011824800054147239
277.2,-0.004318739844209366,-0.01182480000660371
277.3,-0.004318739843768199,-0.011824799955449076
277.40000000000003,-0.004318739843291045,-0.01182479990040906
277.5,-0.00431873984277497,-0.011824799841188553
277.6,-0.004318739842216799,-0.011824799777470031
277.70000000000005,-0.004318739841613097,-0.011824799708911853
277.80000000000007,-0.0043187398409601525,-0.01182479963514643
277.9,-0.0043187398402539465,-0.011824799555778255
278.0,-0.004318739839490135,-0.011824799470381774
278.1,-0.004318739838664019,-0.011824799378499118
278.20000000000005,-0.004318739837770517,-0.011824799279637636
278.3,-0.004318739836804132,-0.011824799173267264
278.40000000000003,-0.004318739835758919,-0.011824799058817672
278.50000000000006,-0.004318739834628447,-0.011824798935675214
278.6,-0.004318739833405763,-0.011824798803179633
278.7,-0.004318739832083344,-0.011824798660620528
278.8,-0.004318739830653056,-0.011824798507233536
278.90000000000003,-0.004318739829106099,-0.01182479834219624
279.00000000000006,-0.004318739827432956,-0.011824798164623755
279.1,-0.004318739825623335,-0.01182479797356399
279.20000000000005,-0.004318739823666103,-0.011824797767992534
279.30000000000007,-0.004318739821549219,-0.011824797546807174
279.40000000000003,-0.00431873981925966,-0.011824797308821973
279.5,-0.004318739816783343,-0.011824797052760926
279.6,-0.004318739814105031,-0.0118247967772511
279.70000000000005,-0.004318739811208249,-0.011824796480815296
279.8,-0.0043187398080751765,-0.011824796161864104
279.90000000000003,-0.004318739804686539,-0.0118247958186874
280.00000000000006,-0.004318739801021489,-0.011824795449445168
280.1,-0.004318739797057481,-0.011824795052157633
280.2,-0.0043187397927701284,-0.011824794624694653
280.3,-0.0043187397881330565,-0.011824794164764294
280.40000000000003,-0.004318739783117738,-0.011824793669900538
280.50000000000006,-0.004318739777693318,-0.011824793137450064
280.6,-0.0043187397718264285,-0.011824792564558024
280.70000000000005,-0.004318739765480976,-0.011824791948152735
280.8,-0.004318739758617924,-0.011824791284929203
280.90000000000003,-0.004318739751195052,-0.011824790571331411
281.0,-0.004318739743166695,-0.01182478980353325
281.1,-0.004318739734483464,-0.011824788977418007
281.20000000000005,-0.004318739725091941,-0.01182478808855628
281.30000000000007,-0.00431873971493435,-0.011824787132182246
281.40000000000003,-0.004318739703948203,-0.011824786103168098
281.5,-0.004318739692065915,-0.011824784995996552
281.6,-0.004318739679214387,-0.011824783804731268
281.70000000000005,-0.004318739665314559,-0.011824782522985019
281.8,-0.00431873965028092,-0.011824781143885441
281.90000000000003,-0.004318739634020984,-0.011824779660038195
282.00000000000006,-0.004318739616434724,-0.011824778063487308
282.1000000000001,-0.00431873959741395,-0.011824776345672531
282.2,-0.00431873957684165,-0.01182477449738342
282.3,-0.004318739554591264,-0.011824772508709976
282.40000000000003,-0.004318739530525912,-0.011824770368989492
282.50000000000006,-0.0043187395044975456,-0.011824768066749394
282.6,-0.004318739476346042,-0.011824765589645717
282.70000000000005,-0.004318739445898217,-0.011824762924396933
282.80000000000007,-0.004318739412966758,-0.011824760056712734
282.90000000000003,-0.004318739377349078,-0.011824756971217404
283.0,-0.004318739338826057,-0.011824753651367391
283.1,-0.0043187392971607095,-0.011824750079362598
283.20000000000005,-0.004318739252096714,-0.011824746236050943
283.3,-0.004318739203356843,-0.011824742100825679
283.40000000000003,-0.004318739150641255,-0.011824737651514892
283.50000000000006,-0.004318739093625649,-0.011824732864262638
283.6,-0.004318739031959273,-0.011824727713401024
283.7,-0.004318738965262763,-0.011824722171312583
283.8,-0.00431873889312581,-0.011824716208282206
283.90000000000003,-0.0043187388151046365,-0.01182470979233781
284.00000000000006,-0.004318738730719267,-0.011824702889078912
284.1,-0.004318738639450571,-0.01182469546149219
284.20000000000005,-0.004318738540737077,-0.011824687469753023
284.3,-0.0043187384339715106,-0.011824678871011964
284.40000000000003,-0.004318738318497063,-0.011824669619164997
284.5,-0.00431873819360335,-0.011824659664606328
284.6,-0.004318738058522042,-0.011824648953962432
284.70000000000005,-0.004318737912422135,-0.01182463742980586
284.80000000000007,-0.0043187377544048385,-0.011824625030347344
284.90000000000003,-0.004318737583498052,-0.011824611689104493
285.0,-0.004318737398650377,-0.011824597334545332
285.1,-0.004318737198724654,-0.011824581889704769
285.20000000000005,-0.004318736982490965,-0.011824565271771939
285.3,-0.004318736748619066,-0.011824547391646182
285.40000000000003,-0.004318736495670207,-0.011824528153459316
285.50000000000006,-0.004318736222088278,-0.01182450745406162
285.6000000000001,-0.004318735926190236,-0.011824485182468775
285.7,-0.004318735606155754,-0.011824461219266797
285.8,-0.004318735260016018,-0.011824435435971767
285.90000000000003,-0.00431873488564162,-0.011824407694340944
286.00000000000006,-0.004318734480729456,-0.011824377845631548
286.1,-0.004318734042788555,-0.011824345729803233
286.20000000000005,-0.004318733569124759,-0.011824311174660006
286.30000000000007,-0.004318733056824149,-0.011824273994926955
286.4,-0.004318732502735112,-0.01182423399125686
286.5,-0.0043187319034489625,-0.011824190949161347
286.6,-0.004318731255278966,-0.011824144637860868
286.70000000000005,-0.004318730554237662,-0.011824094809047319
286.8,-0.004318729796012328,-0.011824041195552682
286.90000000000003,-0.00431872897593846,-0.011823983509916557
287.00000000000006,-0.004318728088971062,-0.011823921442844864
287.1,-0.0043187271296536225,-0.011823854661551508
287.2,-0.004318726092084537,-0.011823782807974071
287.3,-0.004318724969880811,-0.011823705496853977
287.40000000000003,-0.004318723756138785,-0.01182362231367085
287.50000000000006,-0.004318722443391669,-0.011823532812419978
287.6,-0.004318721023563605,-0.011823436513220946
287.70000000000005,-0.004318719487919986,-0.011823332899744668
287.8,-0.004318717827013724,-0.011823221416444972
287.90000000000003,-0.004318716030627127,-0.01182310146557991
288.0,-0.00431871408770905,-0.011822972404006852
288.1,-0.004318711986306898,-0.011822833539734116
288.20000000000005,-0.004318709713493109,-0.011822684128210723
288.30000000000007,-0.004318707255285612,-0.011822523368334316
288.40000000000003,-0.004318704596561819,-0.01182235039815587
288.5,-0.00431870172096559,-0.011822164290258182
288.6,-0.004318698610806613,-0.0118219640467833
288.70000000000005,-0.004318695246951576,-0.011821748594082315
288.8,-0.00431869160870646,-0.011821516776958736
288.90000000000003,-0.004318687673689228,-0.011821267352474667
289.00000000000006,-0.004318683417692146,-0.011820998983286524
289.1,-0.004318678814532843,-0.011820710230474572
289.2,-0.004318673835893255,-0.011820399545827845
289.3,-0.004318668451145407,-0.01182006526354308
289.40000000000003,-0.004318662627162997,-0.011819705591293148
289.5,-0.004318656328117607,-0.011819318600617102
289.6,-0.004318649515258287,-0.011818902216580315
289.70000000000005,-0.004318642146673174,-0.011818454206649271
289.80000000000007,-0.004318634177031642,-0.011817972168721345
289.9,-0.004318625557305444,-0.01181745351824541
290.0,-0.0043186162344670915,-0.011816895474364205
290.1,-0.004318606151163638,-0.011816295045004166
290.20000000000005,-0.004318595245363847,-0.011815649010832771
290.3,-0.0043185834499765915,-0.011814953907997385
290.40000000000003,-0.004318570692438107,-0.01181420600955307
290.50000000000006,-0.004318556894265598,-0.011813401305479755
290.6000000000001,-0.004318541970574414,-0.01181253548118164
290.7,-0.004318525829555856,-0.011811603894353555
290.8,-0.004318508371912376,-0.011810601550090232
290.90000000000003,-0.004318489490246713,-0.011809523074105033
291.00000000000006,-0.004318469068401197,-0.01180836268391455
291.1,-0.004318446980743164,-0.011807114157834548
291.20000000000005,-0.004318423091392075,-0.011805770801621073
291.30000000000007,-0.004318397253383602,-0.011804325412577798
291.40000000000003,-0.004318369307765515,-0.011802770240937193
291.5,-0.004318339082619831,-0.011801096948308479
291.6,-0.0043183063920051975,-0.011799296562969519
291.70000000000005,-0.004318271034812999,-0.011797359431762985
291.80000000000007,-0.004318232793530169,-0.011795275168338863
291.90000000000003,-0.004318191432901069,-0.011793032597465766
292.00000000000006,-0.00431814669848023,-0.011790619695112517
292.1,-0.004318098315067035,-0.011788023523978676
292.20000000000005,-0.004318045985012715,-0.011785230164128411
292.3,-0.004317989386389256,-0.011782224638355718
292.40000000000003,-0.004317928171008935,-0.011778990831880887
292.50000000000006,-0.0043178619622823095,-0.011775511405947603
292.6,-0.004317790352901493,-0.011771767704857439
292.70000000000005,-0.004317712902334441,-0.01176773965594327
292.8,-0.004317629134114854,-0.011763405661945305
292.90000000000003,-0.004317538532911016,-0.011758742485212692
293.0,-0.004317440541355541,-0.011753725123109788
293.1,-0.004317334556616511,-0.011748326673959109
293.20000000000005,-0.004317219926688934,-0.011742518192802125
293.30000000000007,-0.004317095946383689,-0.011736268536204587
293.40000000000003,-0.00431696185298929,-0.01172954419527422
293.5,-0.004316816821579776,-0.011722309115995526
293.6,-0.004316659959939873,-0.011714524505918337
293.70000000000005,-0.004316490303076194,-0.011706148626163664
293.8,-0.004316306807280722,-0.011697136567631623
293.90000000000003,-0.00431610834371004,-0.011687440010211535
294.00000000000006,-0.004315893691440837,-0.011677006963703152
294.1000000000001,-0.004315661529958928,-0.011665781489059895
294.2,-0.004315410431035622,-0.011653703398459498
294.3,-0.004315138849941434,-0.011640707932593915
294.40000000000003,-0.004314845115943097,-0.011626725413448218
294.50000000000006,-0.004314527422025423,-0.01161168087070677
294.6,-0.0043141838137747655,-0.011595493639783584
294.70000000000005,-0.004313812177355711,-0.011578076929321614
294.80000000000007,-0.004313410226507024,-0.011559337355842027
294.90000000000003,-0.004312975488476852,-0.011539174443048382
295.0,-0.004312505288810659,-0.01151748008310113
295.1,-0.004311996734898319,-0.011494137956973936
295.20000000000005,-0.004311446698179127,-0.011469022910783928
295.3,-0.004310851794895294,-0.011442000284751959
295.40000000000003,-0.0043102083652754725,-0.011412925191194929
295.50000000000006,-0.004309512451020311,-0.011381641737678973
295.6,-0.004308759770951475,-0.011347982191168306
295.7,-0.004307945694674376,-0.01131176607868808
295.8,-0.0043070652140925515,-0.011272799219679308
295.90000000000003,-0.004306112912598481,-0.011230872684857583
296.00000000000006,-0.004305082931751283,-0.011185761675993324
296.1,-0.004303968935236311,-0.011137224320607184
296.20000000000005,-0.004302764069884939,-0.011085000375118196
296.3,-0.004301460923514704,-0.011028809829491237
296.40000000000003,-0.004300051479330487,-0.010968351405902362
296.5,-0.004298527066606179,-0.010903300943372276
296.6,-0.0042968783073434455,-0.010833309659706768
296.70000000000005,-0.004295095058579446,-0.010758002281425184
296.80000000000007,-0.004293166349988577,-0.010676975031650068
296.90000000000003,-0.004291080316394394,-0.010589793465169695
297.0,-0.004288824124776509,-0.010495990139065612
297.1,-0.00428638389532344,-0.010395062106415852
297.20000000000005,-0.004283744616045731,-0.010286468219635666
297.3,-0.004280890050424051,-0.010169626228997142
297.40000000000003,-0.004277802637524136,-0.010043909660770733
297.50000000000006,-0.004274463383964096,-0.009908644458250172
297.6000000000001,-0.004270851747069481,-0.009763105367650928
297.7,-0.004266945508497294,-0.009606512049504417
297.8,-0.004262720637551493,-0.009438024894698319
297.90000000000003,-0.004258151143349126,-0.009256740522729809
298.00000000000006,-0.004253208914927635,-0.009061686938034656
298.1,-0.004247863548309698,-0.00885181831842172
298.20000000000005,-0.004242082159461721,-0.00862600940766996
298.30000000000007,-0.004235829181995339,-0.008383049482222613
298.40000000000003,-0.004229066148367398,-0.008121635859629682
298.5,-0.004221751453232388,-0.007840366913932842
298.6,-0.004213840097491515,-0.0075377345605431925
298.70000000000005,-0.004205283411463811,-0.007212116170317938
298.8,-0.004196028755476287,-0.006861765869481569
298.90000000000003,-0.004186019196031179,-0.006484805178744095
299.00000000000006,-0.004175193155558126,-0.006079212941426044
299.1,-0.004163484033596571,-0.00564281448658762
299.2,-0.004150819797077982,-0.005173269969057744
299.3,-0.004137122537187329,-0.004668061823845601
299.40000000000003,-0.0041223079900777025,-0.004124481267668734
299.50000000000006,-0.00410628501848956,-0.0035396137752226643
299.6,-0.004088955051085588,-0.0029103234523199985
299.70000000000005,-0.004070211476052043,-0.0022332362221121095
299.8,-0.004049938985236068,-0.0015047217342427296
299.90000000000003,-0.004028012864784222,-0.0007208738999354303
300.0,-0.004005045835247969,9.595515040423767e-05
300.1,-0.003982049626935112,0.0009071314604079759
300.20000000000005,-0.003958314304614221,0.0017373379947142678
300.30000000000007,-0.003933849983878147,0.002585606031614422
300.40000000000003,-0.003908667091006532,0.003450945774439577
300.5,-0.003882776358522306,0.004332347506499223
300.6,-0.0038561888206176706,0.00522878276926325
300.70000000000005,-0.003828915808451505,0.006139205562412984
300.8,-0.0038009689453202262,0.007062553564360528
300.90000000000003,-0.003772360141704132,0.007997749371812598
301.00000000000006,-0.003743101590191359,0.00894370175693235
301.1,-0.003713205760281603,0.009899306940632327
301.2,-0.0036826853930718322,0.010863449880512648
301.3,-0.003651553495826248,0.011835005571941915
301.40000000000003,-0.003619823336432809,0.01281284036076225
301.5,-0.003587508437748679,0.013795813266087231
301.6,-0.003554622571837016,0.014782777311648827
301.70000000000005,-0.003521179754097552,0.015772580864139865
301.80000000000007,-0.0034871942372934643,0.016764068976991113
301.90000000000003,-0.0034526805054770934,0.017756084738013704
302.0,-0.003417653267817081,0.018747470619335488
302.1,-0.0033821274523295735,0.019737069828055856
302.20000000000005,-0.003346118199516154,0.020723727656042815
302.3,-0.003309640855911211,0.021706292827297587
302.40000000000003,-0.003272710967541515,0.022683618841314153
302.50000000000006,-0.0032353442733007564,0.023654565310867195
302.6000000000001,-0.0031975566982419008,0.024617999292665685
302.7,-0.003159364346790198,0.02557279660932195
302.8,-0.003120783495879749,0.026517843161091133
302.90000000000003,-0.00308183058801655,0.027452036225852204
303.00000000000006,-0.0030425222242709783,0.028374285745812827
303.1,-0.0030028751572026948,0.029283515599437066
303.20000000000005,-0.002962906283720988,0.030178664857111674
303.30000000000007,-0.0029226326378835946,0.03105868901908556
303.40000000000003,-0.0028820713836370726,0.03192256123423838
303.5,-0.0028412398075018186,0.03276927349825585
303.6,-0.0028001553112048496,0.0335978378298136
303.70000000000005,-0.0027588354042634715,0.0344072874233979
303.80000000000007,-0.00271729769652303,0.03519667777741659
303.90000000000003,-0.002675559890651878,0.03596508779628565
304.00000000000006,-0.002633639774596816,0.03671162086520422
304.1,-0.0025915552140021595,0.037435405896364425
304.20000000000005,-0.0025493241445956926,0.03813559834537495
304.3,-0.002506964564544797,0.038811381196712964
304.40000000000003,-0.002464494526785903,0.039461965917054226
304.50000000000006,-0.0024219321313306477,0.04008659337536815
304.6,-0.002379295517551964,0.0406845347287057
304.70000000000005,-0.002336602856453371,0.04125509227264573
304.8,-0.002293872342924812,0.041797600255407186
304.90000000000003,-0.002251122187988294,0.04231142565467769
305.0,-0.002208370611036659,0.04279596891625221
305.1,-0.0021656358320687906,0.04325066465361918
305.20000000000005,-0.0021229360639245477,0.04367498230767856
305.30000000000007,-0.0020802895045227824,0.04406842676582187
305.40000000000003,-0.002037714329105671,0.0444305389396511
305.5,-0.001995228682492744,0.04476089630066375
305.6,-0.001952850671347873,0.0450591133732775
305.70000000000005,-0.0019105983564625078,0.04532484218462023
305.8,-0.0018684897450584916,0.045557772670560416
305.90000000000003,-0.001826542783113656,0.045757633037503125
306.00000000000006,-0.001784775347713589,0.04592419007953139
306.1000000000001,-0.001743205239432681,0.04605724945052092
306.2,-0.0017018501747478594,0.04615665589091169
306.3,-0.0016607277784881033,0.04622229340887168
306.40000000000003,-0.0016198555763230395,0.046254085415641605
306.50000000000006,-0.0015792509872938091,0.04625199481490148
306.6,-0.0015389313163893617,0.046216024046056854
306.70000000000005,-0.0014989137471713614,0.04614621508139188
306.80000000000007,-0.0014592153344508466,0.046042649377094624
306.90000000000003,-0.0014198529970197485,0.045905447778210116
307.0,-0.0013808435104404049,0.04573477037763311
307.1,-0.001342203499896076,0.045530816329304565
307.20000000000005,-0.0013039494331056052,0.04529382361582999
307.3,-0.0012660976133051184,0.04502406877079095
307.40000000000003,-0.0012286641722998883,0.044721866556073346
307.50000000000006,-0.0011916650635892295,0.044387569594589324
307.6,-0.0011551160555673644,0.04402156795882128
307.7,-0.001119032724803222,0.043624288715668
307.8,-0.0010834304494019686,0.043196195428124216
307.90000000000003,-0.001048324402451106,0.04273778761437471
308.00000000000006,-0.0010137295455539658,0.042249600164934266
308.1,-0.0009796606224533274,0.04173220271851417
308.20000000000005,-0.0009461321527478826,0.04118619899734203
308.3,-0.0009131584257042304,0.04061222610271248
308.40000000000003,-0.0008807534941670304,0.04001095377158877
308.5,-0.0008489311685699165,0.03938308359512434
308.6,-0.0008177050110497351,0.038729348200015216
308.70000000000005,-0.0007870883296665744,0.03805051039363851
308.80000000000007,-0.0007570941727321049,0.03734736227397542
308.90000000000003,-0.0007277353232486138,0.03662072430535587
309.0,-0.0006990242934610952,0.03587144436110472
309.1,-0.0006709733195247505,0.03510039673420565
309.20000000000005,-0.000643594356290144,0.03430848111713715
309.3,-0.0006168990722082365,0.03349662155207203
309.40000000000003,-0.0005908988443575148,0.03266576535266358
309.50000000000006,-0.0005656047535952486,0.0318168819986785
309.6000000000001,-0.0005410275798350297,0.030950962004764777
309.7,-0.000517177797452543,0.030069015764675702
309.8,-0.0004940655708215976,0.029172072372297297
309.90000000000003,-0.000471700749982186,0.028261178420856417
310.00000000000006,-0.00045009286644261733,0.0273373967817093
310.1,-0.00042925112911732215,0.02640180536413629
310.20000000000005,-0.0004091844204021731,0.025455495857589577
310.30000000000007,-0.0003899012923889618,0.02449957245786174
310.40000000000003,-0.0003714099632206435,0.02353515057866115
310.5,-0.0003537183135888973,0.02256335555009803
310.6,-0.0003368338833755133,0.02158532130559932
310.70000000000005,-0.00032076386843901336,0.02060218905878522
310.8,-0.0003055151175479203,0.019615105971850476
310.90000000000003,-0.0002910941294618982,0.01862522381700487
311.00000000000006,-0.00027750705016211987,0.017633697632534466
311.1,-0.000264759670231934,0.016641684375051743
311.2,-0.0002528574223890174,0.01565034156950762
311.3,-0.00024180537917005765,0.014660825958539915
311.40000000000003,-0.0002316082507689216,0.013674292152735147
311.50000000000006,-0.00022227038302921089,0.012691891283377494
311.6,-0.000213795755592207,0.011714769659258184
311.70000000000005,-0.00020618798020075393,0.010744067429111595
311.8,-0.00019945029916002607,0.009780917251239125
311.90000000000003,-0.00019339210623289197,0.008795333563032455
312.0,-0.00017443203327360216,0.007856357102203322
312.1,-0.00014264677586597971,0.006990797267069223
312.20000000000005,-9.784079504198632e-05,0.006194013170436262
312.30000000000007,-3.9738449955271926e-05,0.005461732681181547
312.40000000000003,3.201769782714293e-05,0.004790029518293602
312.5,0.00011786908324186787,0.0041753021992633945
312.6,0.00021834385338221577,0.0036142547299529686
312.70000000000005,0.0003340601165937214,0.0031038789324065123
312.8,0.0004657297450001577,0.0026414383158502985
312.90000000000003,0.0006141627538526918,0.002224453404402712
313.00000000000006,0.0007802722846434254,0.0018506884428252657
313.1,0.0009650802226388025,0.0015181394090350263
313.20000000000005,0.0011697234833912152,0.0012250232691045464
313.3,0.0013954610069027385,0.0009697684171379433
313.40000000000003,0.0016436815024681384,0.0007510062487642629
313.5,0.001915911991842499,0.0005675638230677078
313.6,0.0022138272032900044,0.0004184575736098702
313.70000000000005,0.002539259874304872,0.0003028880348245975
313.80000000000007,0.002883096450987441,0.000222788380212946
313.90000000000003,0.003222396889842485,0.00013849300890605987
314.0,0.0035678636757747826,4.753898301783181e-05
314.1,0.003919349576684314,-4.996756827097687e-05
314.20000000000005,0.004276704795226096,-0.00015391287000311032
314.3,0.004639777032651254,-0.0002641756342024043
314.40000000000003,0.005008411553714167,-0.0003806272013980993
314.50000000000006,0.005382451252618048,-0.0005031316907503254
314.6000000000001,0.005761736719970732,-0.0006315461586018888
314.7,0.006146106310722281,-0.0007657207652712189
314.8,0.006535396213055395,-0.0009054989498920099
314.90000000000003,0.006929440518199187,-0.0010507176130953137
315.00000000000006,0.007328071291136717,-0.0012012073073211001
315.1,0.007731118642176077,-0.0013567924345371952
315.20000000000005,0.008138410799354498,-0.0015172914511347863
315.30000000000007,0.008549774181644609,-0.0016825170797616102
315.40000000000003,0.008965033472931786,-0.0018522765278453524
315.5,0.009384011696730896,-0.0020263717125526236
315.6,0.009806530291610677,-0.0022045994919207505
315.70000000000005,0.010232409187293623,-0.0023867519018928012
315.80000000000007,0.010661466881398834,-0.0025726163989792574
315.90000000000003,0.011093520516795356,-0.002761976108263132
316.00000000000006,0.01152838595953266,-0.0029546100764592242
316.1,0.01196587787731555,-0.0031502935297322548
316.20000000000005,0.012405809818489592,-0.0033487981359728095
316.3,0.012847994291503618,-0.0035498922712253866
316.40000000000003,0.013292242844815557,-0.0037533412899575305
316.50000000000006,0.013738366147207179,-0.003958907798854539
316.6,0.014186174068473952,-0.004166351933820546
316.70000000000005,0.014635475760455263,-0.004375431639862497
316.8,0.015086079738370659,-0.00458590295353066
316.90000000000003,0.015537793962427514,-0.004797520287585992
317.0,0.015990425919665038,-0.005010036717562168
317.1,0.016443782706000068,-0.0052232042698879405
317.20000000000005,0.01689767110843957,-0.005436774211233717
317.30000000000007,0.017351897687424764,-0.005650497338744603
317.40000000000003,0.017806268859271647,-0.005864124270821306
317.5,0.01826059097867321,-0.006077405738109623
317.6,0.018714670421227837,-0.006290092874358942
317.70000000000005,0.019168313665958593,-0.006501937506810395
317.8,0.019621327377788753,-0.006712692445775836
317.90000000000003,0.02007351848993786,-0.006922111773069645
318.00000000000006,0.02052469428620338,-0.007129951128957013
318.1000000000001,0.020974662483093442,-0.007335967997283653
318.2,0.021423231311774465,-0.0075399219884543685
318.3,0.021870209599799954,-0.007741575119930297
318.40000000000003,0.022315406852584978,-0.007940692093917429
318.50000000000006,0.022758633334591678,-0.008137040571922514
318.6,0.023199700150191276,-0.00833039144585588
318.70000000000005,0.023638419324168422,-0.008520519105364879
318.80000000000007,0.02407460388183281,-0.008707201701086032
318.90000000000003,0.02450806792870472,-0.008890221403508695
319.0,0.024938626729740287,-0.009069364657148131
319.1,0.02536609678806199,-0.009244422429731544
319.20000000000005,0.02579029592316245,-0.009415190456106136
319.30000000000007,0.02621104334854631,-0.009581469476584756
319.40000000000003,0.02662815974877849,-0.009743065469450897
319.50000000000006,0.02704146735590547,-0.009899789877351843
319.6,0.02745079002521688,-0.010051459827315683
319.70000000000005,0.027855953310315464,-0.010197898344135642
319.8,0.028256784537463067,-0.01033893455687253
319.90000000000003,0.028653112879171473,-0.01047440389823455
320.00000000000006,0.029044769427006026,-0.010604148296601657
320.1,0.029431587263571528,-0.01072801636047056
320.20000000000005,0.029813401533649767,-0.010845863555104987
320.3,0.030190049514457792,-0.010957552371185232
320.40000000000003,0.03056137068499786,-0.011062952485260099
320.5,0.03092720679446863,-0.011161940911814074
320.6,0.03128740192970894,-0.011254402146772275
320.70000000000005,0.031641802581645465,-0.011340228302275691
320.80000000000007,0.0319902577107157,-0.011419319232569536
320.90000000000003,0.032332618811238285,-0.01149158265085773
321.0,0.0326687399747038,-0.011556934236987218
321.1,0.03299847795195839,-0.011615297735836453
321.20000000000005,0.03332169221425432,-0.01166660504629325
321.3,0.033638245013140625,-0.011710796300718173
321.40000000000003,0.03394800143916953,-0.011747819934800742
321.50000000000006,0.034250829479392265,-0.01177763274772696
321.6000000000001,0.03454660007362096,-0.011800199952587923
321.7,0.03483518716943176,-0.01181549521697073
321.8,0.03511646777588638,-0.01182350069368431
321.90000000000003,0.03539032201594872,-0.011824207041584309
322.00000000000006,0.03565663317757441,-0.011817613436472751
322.1,0.03591528776345143,-0.011803727572059752
322.20000000000005,0.036166175539370835,-0.011782565650986152
322.30000000000007,0.036409189581206716,-0.011754152365917566
322.40000000000003,0.036644226320485425,-0.011718520870731882
322.5,0.03687118558852477,-0.011675712741833856
322.6,0.03708997065912411,-0.011625777929641916
322.70000000000005,0.037300488289787465,-0.011568774700303812
322.8,0.037502648761461886,-0.01150476956770909
322.90000000000003,0.03769636591677426,-0.011433837215877752
323.00000000000006,0.03788155719675002,-0.011356060411815631
323.1,0.03805814367599852,-0.011271529908938187
323.2,0.03822605009634948,-0.011180344341175416
323.3,0.03838520489892702,-0.011082610107881405
323.40000000000003,0.03853554025464665,-0.010978441249682868
323.50000000000006,0.038676992093122906,-0.010867959315411497
323.6,0.03880950012997512,-0.0107512932202754
323.70000000000005,0.03893300789251961,-0.010628579095435152
323.8,0.03904746274383737,-0.010499960129159915
323.90000000000003,0.0391528159052069,-0.010365586399749036
324.0,0.03924902247689303,-0.010225614700414068
324.1,0.03933604145728243,-0.01008020835632548
324.20000000000005,0.03941383576035779,-0.009929537034037653
324.30000000000007,0.039482372231503034,-0.009773776543514438
324.40000000000003,0.0395416216616337,-0.009613108632986285
324.50000000000006,0.039591558799644905,-0.009447720776878403
324.6,0.03963216236317322,-0.00927780595705728
324.70000000000005,0.03966341504766678,-0.009103562437650927
324.8,0.03968530353376008,-0.008925193533705503
324.90000000000003,0.03969781849295069,-0.008742907373948342
325.00000000000006,0.03970095459157462,-0.008556916657934135
325.1000000000001,0.0396947104930798,-0.00836743840785769
325.20000000000005,0.03967908885859529,-0.008174693715322829
325.3,0.0396540963457975,-0.007978907483362926
325.40000000000003,0.03961974360607258,-0.007780308164014106
325.50000000000006,0.039576045279977094,-0.007579127491747284
325.6,0.039523019990998345,-0.007375600213070162
325.70000000000005,0.03946069033761749,-0.007169963812614592
325.80000000000007,0.03938908288367845,-0.006962458236029022
325.90000000000003,0.03930822814706663,-0.006753325609999295
326.0,0.039218160586702994,-0.006542809959724504
326.1,0.03911891858785818,-0.006331156924177639
326.20000000000005,0.03901054444579324,-0.006118613469483088
326.3,0.03889308434773418,-0.005905427600745745
326.40000000000003,0.038766588353187754,-0.0056918480726675874
326.50000000000006,0.03863111037260695,-0.0054781240992897405
326.6000000000001,0.038486708144415245,-0.005264505063198493
326.7,0.03833344321039948,-0.005051240224534664
326.8,0.03817138088948179,-0.00483857843014585
326.90000000000003,0.03800059024988184,-0.004626767823220909
327.00000000000006,0.03782114407968101,-0.004416055553745519
327.1,0.037633118855801354,-0.004206687490116616
327.20000000000005,0.03743659471141253,-0.0039989079322523165
327.30000000000007,0.03723165540178038,-0.0037929593265319354
327.40000000000003,0.037018388268571796,-0.0035890819828988414
327.5,0.03679688420263107,-0.0033875137944561363
327.6,0.036567237605244114,-0.0031884899598825615
327.70000000000005,0.03632954634790583,-0.002992242708992173
327.80000000000007,0.036083911730609104,-0.0027990010317583674
327.90000000000003,0.03583043843867254,-0.00260899041111827
328.00000000000006,0.03556923449812528,-0.0024224325598692
328.1,0.03530041122966798,-0.002239545161964446
328.20000000000005,0.03502408320123011,-0.002060541618509989
328.3,0.034740368179142854,-0.0018856307987585967
328.40000000000003,0.03444938707794901,-0.0017150167963919938
328.50000000000006,0.03415126390887162,-0.0015488986913753198
328.6,0.033846125726962016,-0.0013874703176617927
328.70000000000005,0.03353410257695135,-0.0012309200370186901
328.8,0.0332153274378278,-0.0010794305192385403
328.90000000000003,0.03288993616616304,-0.0009331785289918414
329.0,0.032558067438212476,-0.0007923347195703499
329.1,0.032219862690813984,-0.0006570634337611722
329.20000000000005,0.0318754660611094,-0.0005275225120843462
329.30000000000007,0.03152502432511638,-0.00040386310861757237
329.40000000000003,0.031168686835174424,-0.0002862295146229491
329.5,0.030806605456293726,-0.00017475899018148944
329.6,0.030438934501432792,-6.958160403204919e-05
329.70000000000005,0.030065830665732755,2.9179918198653232e-05
329.8,0.029687452959736654,0.00012141033719772695
329.90000000000003,0.029303962641622022,0.00020700203443242866
330.00000000000006,0.028915523148474905,0.0002858551377242797
330.1000000000001,0.028522300026636277,0.0003578776377842433
330.2,0.028124460861148566,0.0004229854955733088
330.3,0.02772217520433406,0.00048110274036293477
330.40000000000003,0.027315614503534327,0.0005321615583810894
330.50000000000006,0.02690495202804234,0.0005761023719403086
330.6,0.026490362795258113,0.0006128739089555583
330.70000000000005,0.026072023496099234,0.0006424332627708584
330.80000000000007,0.025650112419698,0.0006647459422246399
330.90000000000003,0.025224809377417914,0.0006797859118954658
331.0,0.02479629562622087,0.0006875356224814427
331.1,0.024364753791418572,0.0006879860312774735
331.20000000000005,0.023930367788840667,0.0006811366127266027
331.30000000000007,0.023493322746453257,0.0006669953590334194
331.40000000000003,0.02305380492545995,0.0006455787708382673
331.50000000000006,0.022612001640920875,0.0006169118379636147
331.6,0.022168101181922074,0.0005810280102548568
331.70000000000005,0.02172229273132981,0.0005379691585494367
331.8,0.021274766285164178,0.00048778552582031884
331.90000000000003,0.020825712571625802,0.0004305356685500184
332.00000000000006,0.020375322969810945,0.0003662863884044791
332.1,0.019923789428148774,0.0002951126542858479
332.20000000000005,0.019471304382596293,0.00021709751485551876
332.3,0.01901806067462535,0.00013233200162916792
332.40000000000003,0.018564251469036935,4.091502275728638e-05
332.5,0.018110070171637484,-5.704675238533963e-05
332.6,0.017655710346812743,-0.000161439017666078
332.70000000000005,0.01720136563503378,-0.00027213996357199587
332.80000000000007,0.016747229670330738,-0.00038902041934249336
332.90000000000003,0.016293495997769285,-0.0005119440036915283
333.0,0.015840357990965018,-0.0006407672839433727
333.1,0.015388008769670846,-0.0007753399433960261
333.20000000000005,0.014936641117472609,-0.0009155049567175898
333.3,0.014486447399628049,-0.001061098773170302
333.40000000000003,0.014037619481083879,-0.001211951507448671
333.50000000000006,0.01359034864470635,-0.001367887137909387
333.6000000000001,0.013144825509759563,-0.001528723711960939
333.7,0.012701239950666857,-0.0016942735583740706
333.8,0.012259781016089509,-0.0018643435062648279
333.90000000000003,0.011820636848357442,-0.0020387351104949013
334.00000000000006,0.011383994603286023,-0.0022172448832262232
334.1,0.010950040370413618,-0.002399664531359494
334.20000000000005,0.010518959093693173,-0.002585781199579964
334.30000000000007,0.010090934492672385,-0.002775377718726133
334.40000000000003,0.00966614898419544,-0.0029682328591926297
334.5,0.009244783604660082,-0.0031641215890705395
334.6,0.008827017932862953,-0.003362815336724648
334.70000000000005,0.008413030013466181,-0.0035640822575008987
334.8,0.008002996281117686,-0.0037676875042530165
334.90000000000003,0.007597091485257808,-0.003973393501372562
335.00000000000006,0.007195488615643947,-0.004180960222002628
335.1,0.006798358828625372,-0.0043901454681117644
335.2,0.006405871374199158,-0.004600705153101464
335.3,0.00601819352387882,-0.004812393586617092
335.40000000000003,0.0056354904994059055,-0.005024963761230318
335.50000000000006,0.00525792540233542,-0.005238167640658303
335.6,0.004885659144524565,-0.005451756449183353
335.70000000000005,0.004518850379554896,-0.00566548096193553
335.80000000000007,0.004157655435116862,-0.005879091795699185
335.90000000000003,0.003802228246385559,-0.0060923396999043285
336.0,0.0034527202904161645,-0.006304975847463234
336.1,0.0031092805215870113,-0.006516752125112924
336.20000000000005,0.0027720553081176996,-0.006727421422924623
336.30000000000007,0.002441188369689485,-0.006936737922642618
336.40000000000003,0.00211682071619434,-0.007144457384515857
336.50000000000006,0.0017990905876389667,-0.007350337432287682
336.6,0.0014881333952292061,-0.007554137836011193
336.70000000000005,0.001184081663660106,-0.007755620792360131
336.8,0.0008870649746361104,-0.00795455120210838
336.90000000000003,0.000597209911645533,-0.008150696944454073
337.00000000000006,0.00031464000601284445,-0.008343829147868482
337.1000000000001,3.947568425167244e-05,-0.0085337224571534
337.20000000000005,-0.0002281657832589202,-0.008720155296395552
337.3,-0.00048817033225308486,-0.008902910127511186
337.40000000000003,-0.0007404271531904561,-0.009081773704079147
337.50000000000006,-0.0009848287384813087,-0.009256537320166206
337.6,-0.001228920214420122,-0.009432518789055086
337.70000000000005,-0.0014619490044191124,-0.009601394630590593
337.80000000000007,-0.0016774031708543823,-0.009758349197312692
337.90000000000003,-0.0018766081610812014,-0.009904224035246451
338.0,-0.0020607894595347166,-0.010039801284042776
338.1,-0.0022310801267584504,-0.01016580787059013
338.20000000000005,-0.002388527769852485,-0.010282919406591038
338.3,-0.0025341009872226197,-0.010391763811001105
338.40000000000003,-0.0026686953272778502,-0.010492924676752965
338.50000000000006,-0.002793138797733287,-0.010586944399816646
338.6000000000001,-0.002908196959411093,-0.01067432708737346
338.7,-0.003014577635875891,-0.01075554126069622
338.8,-0.0031129352678776847,-0.010831022367227888
338.90000000000003,-0.0032038749393903097,-0.010901175115327684
339.00000000000006,-0.003287956100013147,-0.010966375644202931
339.1,-0.0033656960066357627,-0.011026973540661164
339.20000000000005,-0.0034375729055382736,-0.011083293713495784
339.30000000000007,-0.003504028974503226,-0.011135638135555187
339.40000000000003,-0.0035654730430385814,-0.01118428746283581
339.5,-0.0036222831074462195,-0.011229502539280277
339.6,-0.0036748086562083874,-0.01127152579534888
339.70000000000005,-0.0037233728199975802,-0.011310582547863192
339.80000000000007,-0.003768274359536415,-0.011346882208091191
339.90000000000003,-0.003809789503536612,-0.01138061940455127
340.00000000000006,-0.0038481736480238293,-0.011411975026555358
340.1,-0.003883662927502388,-0.011441117194086282
340.20000000000005,-0.003916475667625503,-0.011468202159209588
340.3,-0.003946813728307678,-0.011493375143852971
340.40000000000003,-0.003974863745541895,-0.01151677111844519
340.50000000000006,-0.004000798279561144,-0.01153851552558936
340.6,-0.004024776876407604,-0.011558724952650746
340.70000000000005,-0.004046947049440147,-0.011577507756865254
340.8,-0.0040674451868182495,-0.011594964646320302
340.90000000000003,-0.004086397390545065,-0.011611189219923133
341.0,-0.004103920252231342,-0.011626268469251685
341.1,-0.0041201215703525656,-0.011640283244978853
341.20000000000005,-0.004135101013411836,-0.01165330869037095
341.30000000000007,-0.004148950733088164,-0.01166541464418465
341.40000000000003,-0.004161755931142183,-0.011676666015122676
341.5,-0.004173595383566833,-0.011687123129855904
341.6,-0.004184541925207522,-0.011696842056477932
341.70000000000005,-0.004194662897833067,-0.011705874905126352
341.8,-0.004204020564413922,-0.011714270107382563
341.90000000000003,-0.004212672492156268,-0.011722072675948245
342.00000000000006,-0.004220671906648329,-0.011729324445990726
342.1000000000001,-0.004228068019297605,-0.011736064299451333
342.2,-0.004234906330073359,-0.011742328373519366
342.3,-0.004241228907416794,-0.0117481502543895
342.40000000000003,-0.00424707464704089,-0.01175356115734146
342.50000000000006,-0.004252479511212019,-0.011758590094107539
342.6,-0.0042574767499853556,-0.011763264028425294
342.70000000000005,-0.004262097105755094,-0.011767608020609496
342.80000000000007,-0.004266369002377858,-0.011771645361918449
342.90000000000003,-0.004270318720032742,-0.011775397699435138
343.0,-0.0042739705568937214,-0.011778885152132764
343.1,-0.004277346978609009,-0.011782126418746998
343.20000000000005,-0.004280468756506945,-0.011785138878033312
343.30000000000007,-0.004283355095378629,-0.011787938681946959
343.40000000000003,-0.004286023751623426,-0.011790540842245184
343.50000000000006,-0.004288491142484133,-0.011792959310976034
343.6,-0.004290772447043822,-0.011795207055285284
343.70000000000005,-0.004292881699605683,-0.01179729612694262
343.8,-0.004294831876030319,-0.01179923772695981
343.90000000000003,-0.0042966349735616294,-0.011801042265647375
344.00000000000006,-0.004298302084632377,-0.01180271941843172
344.1,-0.004299843465103452,-0.011804278177732044
344.20000000000005,-0.004301268597356667,-0.01180572690117515
344.3,-0.004302586248629189,-0.011807073356406668
344.40000000000003,-0.0043038045249485,-0.01180832476273899
344.5,-0.004304930920999675,-0.011809487829859171
344.6,-0.004305972366231757,-0.01181056879380438
344.70000000000005,-0.004306935267486863,-0.011811573450397767
344.80000000000007,-0.0043078255484142935,-0.01181250718632403
344.90000000000003,-0.004308648685912084,-0.011813375008011294
345.0,-0.004309409743820202,-0.011814181568474165
345.1,-0.0043101134040726685,-0.011814931192261877
345.20000000000005,-0.004310763995500232,-0.011815627898645308
345.3,-0.0043113655204608005,-0.011816275423167167
345.40000000000003,-0.004311921679461455,-0.011816877237670926
345.50000000000006,-0.004312435893923504,-0.011817436568915854
345.6000000000001,-0.004312911327230651,-0.011817956415877998
345.7,-0.004313350904189737,-0.011818439565829841
345.8,-0.0043137573290237844,-0.011818888609284865
345.90000000000003,-0.004314133102008053,-0.011819305953887159
346.00000000000006,-0.004314480534851415,-0.011819693837320523
346.1,-0.004314801764917705,-0.011820054339306293
346.20000000000005,-0.004315098768374517,-0.011820389392754226
346.30000000000007,-0.004315373372350343,-0.01182070079412621
346.40000000000003,-0.004315627266174843,-0.011820990213068384
346.5,-0.00431586201177139,-0.01182125920136332
346.6,-0.004316079053265827,-0.011821509201250226
346.70000000000005,-0.004316279725870556,-0.011821741553157834
346.8,-0.004316465264098593,-0.011821957502891403
346.90000000000003,-0.004316636809358146,-0.011822158208312367
347.00000000000006,-0.004316795416974412,-0.011822344745546467
347.1000000000001,-0.004316942062681806,-0.011822518114753626
347.2,-0.004317077648626565,-0.011822679245490535
347.3,-0.0043172030089166325,-0.011822829001694663
347.40000000000003,-0.004317318914752991,-0.011822968186316448
347.50000000000006,-0.004317426079173996,-0.011823097545624495
347.6,-0.004317525161441896,-0.011823217773206848
347.70000000000005,-0.004317616771098536,-0.011823329513689826
347.80000000000007,-0.00431770147171518,-0.011823433366194314
347.90000000000003,-0.004317779784359535,-0.01182352988754809
348.0,-0.004317852190801292,-0.011823619595271371
348.1,-0.0043179191364759156,-0.011823702970351613
348.20000000000005,-0.004317981033224908,-0.011823780459822434
348.30000000000007,-0.004318038261829405,-0.011823852479160473
348.40000000000003,-0.004318091174352695,-0.011823919414513065
348.50000000000006,-0.004318140096306071,-0.011823981624768654
348.6,-0.004318185328651331,-0.011824039443481045
348.70000000000005,-0.0043182271496522645,-0.011824093180657832
348.8,-0.00431826581658649,-0.01182414312442257
348.90000000000003,-0.0043183015673282,-0.011824189542559607
349.00000000000006,-0.00431833462181153,-0.011824232683949878
349.1000000000001,-0.00431836518338357,-0.011824272779905321
349.20000000000005,-0.004318393440055327,-0.011824310045409119
349.3,-0.004318419565658345,-0.011824344680268366
349.40000000000003,-0.004318443720914102,-0.011824376870185394
349.50000000000006,-0.004318466054422739,-0.011824406787753436
349.6,-0.004318486703577235,-0.011824434593382036
349.70000000000005,-0.004318505795408634,-0.011824460436157118
349.80000000000007,-0.0043185234473675175,-0.011824484454640335
349.90000000000003,-0.004318539768046551,-0.011824506777612008
350.0,-0.004318554857848532,-0.0118245275247616
350.1,-0.004318568809604053,-0.011824546807329464
350.20000000000005,-0.004318581709142587,-0.011824564728703277
350.3,-0.004318593635820498,-0.011824581384972383
350.40000000000003,-0.004318604663009231,-0.011824596865442988
350.50000000000006,-0.004318614858546686,-0.011824611253116998
350.6000000000001,-0.004318624285154548,-0.011824624625137057
350.7,-0.00431863300082414,-0.011824637053200157
350.8,-0.0043186410591731835,-0.011824648603942058
350.90000000000003,-0.004318648509775643,-0.011824659339294575
351.00000000000006,-0.0043186553984667034,-0.011824669316817634
351.1,-0.004318661767624739,-0.011824678590007891
351.20000000000005,-0.00431866765643202,-0.011824687208585575
351.30000000000007,-0.004318673101115761,-0.011824695218761061
351.40000000000003,-0.004318678135170982,-0.011824702663482647
351.5,-0.004318682789566567,-0.011824709582666825
351.6,-0.004318687092935782,-0.011824716013412307
351.70000000000005,-0.004318691071752421,-0.01182472199019893
351.80000000000007,-0.004318694750493672,-0.011824727545072534
351.90000000000003,-0.004318698151790696,-0.011824732707816785
352.00000000000006,-0.00431870129656785,-0.011824737506112857
352.1,-0.004318704204171413,-0.011824741965687856
352.20000000000005,-0.004318706892488604,-0.011824746110452764
352.3,-0.004318709378057617,-0.011824749962630639
352.40000000000003,-0.004318711676169365,-0.011824753542875767
352.50000000000006,-0.004318713800961545,-0.011824756870384416
352.6000000000001,-0.004318715765505618,-0.011824759962997743
352.70000000000005,-0.004318717581887214,-0.011824762837297467
352.8,-0.00431871926128049,-0.011824765508694771
352.90000000000003,-0.0043187208140168624,-0.011824767991512932
353.00000000000006,-0.004318722249648576,-0.01182477029906412
353.1,-0.004318723577007457,-0.011824772443720773
353.20000000000005,-0.004318724804259254,-0.011824774436981931
353.30000000000007,-0.0043187259389538685,-0.0118247762895349
353.40000000000003,-0.0043187269880718,-0.011824778011312544
353.5,-0.004318727958067094,-0.011824779611546547
353.6,-0.004318728854907039,-0.011824781098816914
353.70000000000005,-0.004318729684108886,-0.011824782481097966
353.8,-0.00431873045077378,-0.011824783765801105
353.90000000000003,-0.0043187311596181496,-0.011824784959814545
354.00000000000006,-0.004318731815002717,-0.011824786069540249
354.1000000000001,-0.004318732420959328,-0.011824787100928253
354.2,-0.0043187329812157515,-0.011824788059508567
354.3,-0.004318733499218615,-0.011824788950420828
354.40000000000003,-0.00431873397815461,-0.011824789778441857
354.50000000000006,-0.00431873442097009,-0.011824790548011267
354.6,-0.004318734830389201,-0.011824791263255271
354.70000000000005,-0.00431873520893064,-0.01182479192800881
354.80000000000007,-0.004318735558923145,-0.011824792545836097
354.90000000000003,-0.004318735882519829,-0.011824793120049755
355.0,-0.004318736181711416,-0.01182479365372855
355.1,-0.0043187364583384975,-0.01182479414973392
355.20000000000005,-0.004318736714102849,-0.011824794610725302
355.30000000000007,-0.0043187369505779,-0.011824795039174406
355.40000000000003,-0.0043187371692184175,-0.01182479543737845
355.50000000000006,-0.004318737371369449,-0.011824795807472496
355.6,-0.004318737558274603,-0.011824796151440883
355.70000000000005,-0.004318737731083698,-0.01182479647112787
355.8,-0.004318737890859833,-0.011824796768247528
355.90000000000003,-0.004318738038585932,-0.011824797044392934
356.00000000000006,-0.0043187381751707875,-0.011824797301044694
356.1,-0.004318738301454652,-0.011824797539578907
356.20000000000005,-0.0043187384182144075,-0.011824797761274526
356.3,-0.0043187385261683475,-0.011824797967320218
356.40000000000003,-0.00431873862598059,-0.011824798158820744
356.5,-0.004318738718265168,-0.011824798336802873
356.6,-0.004318738803589804,-0.011824798502220898
356.70000000000005,-0.0043187388824794054,-0.011824798655961742
356.80000000000007,-0.004318738955419291,-0.01182479879884972
356.90000000000003,-0.004318739022858179,-0.011824798931650957
357.0,-0.004318739085210944,-0.011824799055077497
357.1,-0.004318739142861172,-0.011824799169791116
357.20000000000005,-0.004318739196163521,-0.011824799276406875
357.3,-0.004318739245445899,-0.011824799375496423
357.40000000000003,-0.004318739291011488,-0.011824799467591044
357.50000000000006,-0.004318739333140599,-0.011824799553184528
357.6000000000001,-0.004318739372092407,-0.011824799632735802
357.7,-0.004318739408106537,-0.011824799706671395
357.8,-0.004318739441404544,-0.01182479977538773
357.90000000000003,-0.004318739472191274,-0.011824799839253245
358.00000000000006,-0.004318739500656123,-0.01182479989861037
358.1,-0.004318739526974202,-0.01182479995377736
358.20000000000005,-0.004318739551307418,-0.011824800005050004
358.30000000000007,-0.004318739573805466,-0.011824800052703211
358.40000000000003,-0.00431873959460675,-0.011824800096992487
358.5,-0.004318739613839238,-0.011824800138155296
358.6,-0.004318739631621245,-0.011824800176412341
358.70000000000005,-0.004318739648062165,-0.011824800211968748
358.80000000000007,-0.004318739663263139,-0.011824800245015159
358.90000000000003,-0.004318739677317682,-0.01182480027572876
359.00000000000006,-0.0043187396903122555,-0.011824800304274226
359.1000000000001,-0.004318739702326802,-0.011824800330804613
359.20000000000005,-0.004318739713435232,-0.011824800355462168
359.3,-0.004318739723705884,-0.011824800378379099
359.40000000000003,-0.00431873973320194,-0.011824800399678278
359.50000000000006,-0.004318739741981822,-0.011824800419473907
359.6,-0.004318739750099539,-0.011824800437872124
359.70000000000005,-0.004318739757605033,-0.011824800454971576
359.80000000000007,-0.004318739764544476,-0.011824800470863943
359.90000000000003,-0.004318739770960558,-0.011824800485634437
360.0,-0.00431873977689275,-0.011824800499362253
360.1,-0.004318739782377547,-0.011824800512120997
360.20000000000005,-0.004318739787448689,-0.011824800523979074
360.30000000000007,-0.004318739792137376,-0.011824800535000068
360.40000000000003,-0.004318739796472449,-0.011824800545243068
360.50000000000006,-0.00431873980048058,-0.011824800554762994
360.6,-0.0043187398041864234,-0.01182480056361089
360.70000000000005,-0.004318739807612779,-0.011824800571834198
360.8,-0.004318739810780725,-0.011824800579477004
360.90000000000003,-0.004318739813709749,-0.011824800586580291
361.00000000000006,-0.004318739816417873,-0.011824800593182142
361.1000000000001,-0.004318739818921754,-0.011824800599317956
361.20000000000005,-0.004318739821236797,-0.011824800605020632
361.3,-0.0043187398233772425,-0.011824800610320743
361.40000000000003,-0.00431873982535626,-0.011824800615246711
361.50000000000006,-0.004318739827186024,-0.011824800619824943
361.6,-0.00431873982887779,-0.01182480062407999
361.70000000000005,-0.0043187398304419655,-0.011824800628034666
361.80000000000007,-0.004318739831888174,-0.011824800631710172
361.90000000000003,-0.004318739833225312,-0.011824800635126217
362.0,-0.004318739834461606,-0.011824800638301117
362.1,-0.0043187398356046595,-0.011824800641251895
362.20000000000005,-0.004318739836661507,-0.011824800643994372
362.3,-0.004318739837638649,-0.011824800646543251
362.40000000000003,-0.004318739838542096,-0.0118248006489122
362.50000000000006,-0.004318739839377406,-0.011824800651113921
362.6000000000001,-0.00431873984014972,-0.011824800653160219
362.7,-0.004318739840863787,-0.011824800655062064
362.8,-0.004318739841524,-0.011824800656829653
362.90000000000003,-0.004318739842134421,-0.011824800658472466
363.00000000000006,-0.004318739842698804,-0.011824800659999309
363.1,-0.004318739843220624,-0.011824800661418368
363.20000000000005,-0.0043187398437030886,-0.011824800662737254
363.30000000000007,-0.004318739844149166,-0.011824800663963037
363.40000000000003,-0.0043187398445616015,-0.011824800665102289
363.5,-0.004318739844942932,-0.011824800666161121
363.6,-0.004318739845295503,-0.011824800667145205
363.70000000000005,-0.004318739845621484,-0.011824800668059823
363.80000000000007,-0.00431873984592288,-0.011824800668909875
363.90000000000003,-0.004318739846201545,-0.011824800669699922
364.00000000000006,-0.004318739846459193,-0.011824800670434196
364.1,-0.00431873984669741,-0.011824800671116638
364.20000000000005,-0.004318739846917662,-0.011824800671750903
364.3,-0.004318739847121302,-0.011824800672340395
364.40000000000003,-0.004318739847309585,-0.011824800672888275
364.50000000000006,-0.004318739847483667,-0.011824800673397477
364.6000000000001,-0.00431873984764462,-0.011824800673870735
364.70000000000005,-0.004318739847793435,-0.011824800674310583
364.8,-0.004318739847931025,-0.011824800674719383
364.90000000000003,-0.004318739848058239,-0.011824800675099324
365.00000000000006,-0.00431873984817586,-0.011824800675452444
365.1,-0.004318739848284609,-0.011824800675780638
365.20000000000005,-0.004318739848385157,-0.011824800676085663
365.30000000000007,-0.004318739848478121,-0.011824800676369155
365.40000000000003,-0.004318739848564074,-0.011824800676632637
365.5,-0.004318739848643545,-0.011824800676877517
365.6,-0.004318739848717022,-0.011824800677105111
365.70000000000005,-0.004318739848784958,-0.01182480067731664
