0.000000000000000000e+00,1.516921213042438987e+00,2.049189021015042316e-08,-2.741385624421929941e+06
5.000000000000000000e-01,1.516920871309705321e+00,-7.643870076097492665e-08,-1.107896542903044261e+07
1.000000000000000000e+00,1.516919523383360557e+00,-3.319916300554515218e-07,-2.535773799145997316e+07
1.500000000000000000e+00,1.516916339111798351e+00,-8.336499707832755605e-07,-4.616864298166593164e+07
2.000000000000000000e+00,1.516910345276477168e+00,-1.679083153401733036e-06,-7.437311023538802564e+07
2.500000000000000000e+00,1.516900517349225819e+00,-2.980191433565770168e-06,-1.111387391226463467e+08
3.000000000000000000e+00,1.516885869615620663e+00,-4.867738601698948452e-06,-1.579874906072573662e+08
3.500000000000000000e+00,1.516865532712611486e+00,-7.496761588705867231e-06,-2.168582649381216168e+08
4.000000000000000000e+00,1.516838809765453711e+00,-1.105297584889091301e-05,-2.901863017424989939e+08
4.500000000000000000e+00,1.516805205616449825e+00,-1.576043419418102117e-05,-3.810024968566308618e+08
5.000000000000000000e+00,1.516764427600282961e+00,-2.189074558827463782e-05,-4.930565043784997463e+08
5.500000000000000000e+00,1.516716360335321312e+00,-2.977422110040689026e-05,-6.309684087824941874e+08
6.000000000000000000e+00,1.516661020472134025e+00,-3.981338896382072637e-05,-8.004148394455835819e+08
6.500000000000000000e+00,1.516598499773505360e+00,-5.249941211571986622e-05,-1.008356691553316474e+09
7.000000000000000000e+00,1.516528905971634922e+00,-6.843205284306172508e-05,-1.263317151083123922e+09
7.500000000000000888e+00,1.516452310454056374e+00,-8.834396393063151311e-05,-1.575720541953547955e+09
8.000000000000000000e+00,1.516368710095273631e+00,-1.131302483958128799e-04,-1.958304673280963898e+09
8.500000000000000000e+00,1.516278007804292560e+00,-1.438844257063679095e-04,-2.426621927637040615e+09
9.000000000000000000e+00,1.516180013072501831e+00,-1.819421775073857845e-04,-2.999647374196763515e+09
9.500000000000000000e+00,1.516074460521046996e+00,-2.289345277181243266e-04,-3.700515806822614193e+09
1.000000000000000000e+01,1.515961041679620314e+00,-2.868524492245486026e-04,-4.557413908508716583e+09
1.050000000000000000e+01,1.515839443393624197e+00,-3.581252928328109960e-04,-5.604658863103927612e+09
1.100000000000000000e+01,1.515709385601785586e+00,-4.457159162280897738e-04,-6.884000828180700302e+09
1.150000000000000000e+01,1.515570651798822999e+00,-5.532359663021626465e-04,-8.446193926859210014e+09
1.200000000000000000e+01,1.515423107143895720e+00,-6.850854549137981369e-04,-1.035288901047467804e+10
1.250000000000000000e+01,1.515266701572441033e+00,-8.466215864011617702e-04,-1.267891160690774918e+10
1.300000000000000000e+01,1.515101457983692779e+00,-1.044362768638343363e-03,-1.551500043739867020e+10
1.350000000000000000e+01,1.514927448140711785e+00,-1.286234895214199243e-03,-1.897109591085496521e+10
1.400000000000000000e+01,1.514744760909988663e+00,-1.581868355181242003e-03,-2.318028435988330078e+10
1.450000000000000000e+01,1.514553468572242823e+00,-1.942955843512128751e-03,-2.830352276173860168e+10
1.500000000000000178e+01,1.514353597004654439e+00,-2.383682949008449764e-03,-3.453529061705886078e+10
1.549999999999999822e+01,1.514145104598063174e+00,-2.921245730967614394e-03,-4.211034091694517517e+10
1.600000000000000000e+01,1.513927873031050142e+00,-3.576472111217835967e-03,-5.131175115756269073e+10
1.650000000000000000e+01,1.513701710807057399e+00,-4.374566960811396461e-03,-6.248050869382910919e+10
1.700000000000000000e+01,1.513466368171428433e+00,-5.346004315559131463e-03,-7.602690299677140808e+10
1.750000000000000000e+01,1.513221560062424365e+00,-6.527594286265335499e-03,-9.244404134383178711e+10
1.800000000000000000e+01,1.512966992444517267e+00,-7.963757023849233480e-03,-1.123238549873612366e+11
1.850000000000000000e+01,1.512702386929895448e+00,-9.708041655027154632e-03,-1.363760208568053589e+11
1.900000000000000000e+01,1.512427499065069458e+00,-1.182493453291366160e-02,-1.654502903400358582e+11
1.950000000000000000e+01,1.512142126932760400e+00,-1.439200857452636872e-02,-2.005627926283836670e+11
2.000000000000000000e+01,1.511846108546446299e+00,-1.750247402256117565e-02,-2.429269663918688354e+11
2.050000000000000000e+01,1.511539308557017902e+00,-2.126820082245573992e-02,-2.939898709504303589e+11
2.100000000000000000e+01,1.511221596679594770e+00,-2.582329410820171853e-02,-3.554747372761546631e+11
2.150000000000000000e+01,1.510892821651402818e+00,-3.132831721083990939e-02,-4.294307406909531860e+11
2.200000000000000000e+01,1.510552785209911431e+00,-3.797527132028213209e-02,-5.182911117018031006e+11
2.250000000000000000e+01,1.510201220429052915e+00,-4.599345763434291301e-02,-6.249408500770917969e+11
2.300000000000000000e+01,1.509837777814543758e+00,-5.565636672843118915e-02,-7.527954717583850098e+11
2.350000000000000000e+01,1.509462021019997824e+00,-6.728976121752280881e-02,-9.058924014068432617e+11
2.400000000000000000e+01,1.509073432190205510e+00,-8.128114185283899507e-02,-1.088996829797233154e+12
2.450000000000000000e+01,1.508671425103796926e+00,-9.809081437058332631e-02,-1.307724091444253174e+12
2.500000000000000000e+01,1.508255362801560029e+00,-1.182648051695788377e-01,-1.568680892760283936e+12
2.550000000000000000e+01,1.507824575507188847e+00,-1.424499088643077505e-01,-1.879628046415275879e+12
2.600000000000000000e+01,1.507378374518701492e+00,-1.714111907502465504e-01,-2.249667758052660156e+12
2.650000000000000000e+01,1.506916058377321121e+00,-2.060523132682095249e-01,-2.689458984984711914e+12
2.700000000000000000e+01,1.506436908874996483e+00,-2.474391089787258413e-01,-3.211464964475573242e+12
2.750000000000000000e+01,1.505940176098690353e+00,-2.968268850054435193e-01,-3.830237717826698242e+12
2.800000000000000000e+01,1.505425053419514159e+00,-3.556920174367408372e-01,-4.562745207974683594e+12
2.850000000000000000e+01,1.504890644799051991e+00,-4.257684813590479345e-01,-5.428747903620753906e+12
2.900000000000000000e+01,1.504335927734861578e+00,-5.090900662646339336e-01,-6.451232835053048828e+12
2.950000000000000000e+01,1.503759715432182231e+00,-6.080391516192898971e-01,-7.656914885069035156e+12
3.000000000000000355e+01,1.503160621329791669e+00,-7.254030685956283087e-01,-9.076817132560128906e+12
3.050000000000000000e+01,1.502537028022643550e+00,-8.644392580069583110e-01,-1.074694467006089453e+13
3.099999999999999645e+01,1.501887061129810075e+00,-1.028950659714716220e+00,-1.270906958836884375e+13
3.150000000000000355e+01,1.501208567049482356e+00,-1.223373045720324015e+00,-1.501164892089675391e+13
3.200000000000000000e+01,1.500499092142520752e+00,-1.452876350597386512e+00,-1.771090243828523438e+13
3.250000000000000000e+01,1.499755859973093575e+00,-1.723482474006752696e+00,-2.087208344122277344e+13
3.300000000000000000e+01,1.498975742996138560e+00,-2.042202547863824158e+00,-2.457098323521114062e+13
3.350000000000000000e+01,1.498155225569716587e+00,-2.417197293404922398e+00,-2.889571881060485938e+13
3.400000000000000000e+01,1.497290356288619062e+00,-2.857964858217546311e+00,-3.394886325224871875e+13
3.450000000000000000e+01,1.496376689147086436e+00,-3.375561433621612206e+00,-3.984998914802022656e+13
3.500000000000000000e+01,1.495409214603899306e+00,-3.982861013119841420e+00,-4.673870590883502344e+13
3.550000000000000000e+01,1.494382282858012889e+00,-4.694861851082819726e+00,-5.477828096202688281e+13
3.600000000000000000e+01,1.493289522187130069e+00,-5.529048477877997136e+00,-6.415993978851942188e+13
3.650000000000000000e+01,1.492123754788751144e+00,-6.505819439723600439e+00,-7.510793690838310938e+13
3.700000000000000000e+01,1.490876911079562328e+00,-7.648992107445447886e+00,-8.788547336943082812e+13
3.750000000000000000e+01,1.489539940932100626e+00,-8.986396686003566003e+00,-1.028014974927782812e+14
3.800000000000000000e+01,1.488102717138609199e+00,-1.055057155767173072e+01,-1.202183522663396562e+14
3.850000000000000000e+01,1.486553922960274221e+00,-1.237957070047692909e+01,-1.405601076273092656e+14
3.900000000000000000e+01,1.484880912562994704e+00,-1.451789024953871632e+01,-1.643212155588578750e+14
3.950000000000000000e+01,1.483069531165843946e+00,-1.701751404335280071e+01,-1.920748198513041562e+14
4.000000000000000000e+01,1.481103881565536184e+00,-1.993906546856057460e+01,-2.244796023652424375e+14
4.050000000000000000e+01,1.478966026035541947e+00,-2.335303275395481748e+01,-2.622834091509608125e+14
4.100000000000000000e+01,1.476635618014032758e+00,-2.734100409747629357e+01,-3.063210263155798125e+14
4.150000000000000000e+01,1.474089466918713232e+00,-3.199680407271427285e+01,-3.575023286004287500e+14
4.200000000000000000e+01,1.471301052089617034e+00,-3.742735974003597477e+01,-4.167855921248098125e+14
4.250000000000000000e+01,1.468240018249802992e+00,-4.375304014192303015e+01,-4.851290968309730625e+14
4.300000000000000000e+01,1.464871704662738860e+00,-5.110710427068306672e+01,-5.634124101463371250e+14
4.350000000000000000e+01,1.461156782601182869e+00,-5.963376176121824557e+01,-6.523173058403252500e+14
4.400000000000000000e+01,1.457051099456169396e+00,-6.948420637026221414e+01,-7.521578053258572500e+14
4.450000000000000000e+01,1.452505850529007603e+00,-8.080984619308229355e+01,-8.626504475502708750e+14
4.500000000000000000e+01,1.447468217677354119e+00,-9.375186749186943302e+01,-9.826212659356957500e+14
4.550000000000000000e+01,1.441882622155457705e+00,-1.084262992404569843e+02,-1.109657304158040000e+15
4.600000000000000000e+01,1.435692729610927865e+00,-1.249039946286864051e+02,-1.239730361135588750e+15
4.650000000000000000e+01,1.428844308361008286e+00,-1.431855473732313726e+02,-1.366851051404041500e+15
4.700000000000000000e+01,1.421288966199506953e+00,-1.631722619488318458e+02,-1.482852113226781000e+15
4.750000000000000000e+01,1.412988664983144460e+00,-1.846360101207683329e+02,-1.577446309460274500e+15
4.800000000000000000e+01,1.403920729831745762e+00,-2.071931171221649493e+02,-1.638743072924235750e+15
4.850000000000000000e+01,1.394082836517873680e+00,-2.302900509835664025e+02,-1.654414752947561250e+15
4.900000000000000000e+01,1.383497203138477127e+00,-2.532109386980733916e+02,-1.613642436197341000e+15
4.950000000000000000e+01,1.372212987018574415e+00,-2.751175868860590867e+02,-1.509804613172523750e+15
5.000000000000000000e+01,1.475058137496656929e+00,-3.371300845444321226e+02,1.663114494769793750e+15
5.050000000000000000e+01,1.462196148789082661e+00,-3.075788450256537772e+02,1.761834113552082750e+15
5.100000000000000000e+01,1.450351734641730728e+00,-2.768937811294563289e+02,1.794523203397903000e+15
5.150000000000000000e+01,1.439543360473333422e+00,-2.461192076671437690e+02,1.772208150949160000e+15
5.200000000000000000e+01,1.429761773724157692e+00,-2.161314230721784213e+02,1.703335440036854750e+15
5.250000000000000000e+01,1.420974728749703875e+00,-1.876642208304319013e+02,1.595974717113453750e+15
5.300000000000000000e+01,1.413131342853067407e+00,-1.613051109106714591e+02,1.459010397095351000e+15
5.350000000000000000e+01,1.406166578539698619e+00,-1.374783455354830153e+02,1.302479416579205000e+15
5.400000000000000000e+01,1.400005989965599440e+00,-1.164282696329116362e+02,1.137195850570540500e+15
5.450000000000000000e+01,1.394570589530488958e+00,-9.821362415503756438e+01,9.738568733221076250e+14
5.500000000000000000e+01,1.389781497872130345e+00,-8.271948807249781055e+01,8.218924988598273750e+14
5.550000000000000000e+01,1.385563955257553825e+00,-6.968868957885695181e+01,6.883593854226578750e+14
5.600000000000000000e+01,1.381850301705989326e+00,-5.876949552583521097e+01,5.771604061288576250e+14
5.650000000000000000e+01,1.378581664846841193e+00,-4.957221660238899119e+01,4.887917556810866875e+14
5.700000000000000000e+01,1.375708295587721564e+00,-4.172497379515954918e+01,4.206930500139733125e+14
5.750000000000000000e+01,1.373188714131156951e+00,-3.491881005341531363e+01,3.681321030048996250e+14
5.800000000000000000e+01,1.370988020086663761e+00,-2.893460370029605855e+01,3.254293027020515625e+14
5.850000000000000000e+01,1.369075835483127834e+00,-2.364828516356266164e+01,2.872478509593400000e+14
5.900000000000000000e+01,1.367424362250556413e+00,-1.901567564684384593e+01,2.496653132787432188e+14
5.950000000000000000e+01,1.366006945392978844e+00,-1.504266050591145820e+01,2.108017567787178438e+14
6.000000000000000711e+01,1.364797364294377813e+00,-1.174929758994876572e+01,1.708945415629358750e+14
6.050000000000000000e+01,1.363769871009821166e+00,-9.137157203523354809e+00,1.318489888918204688e+14
6.100000000000000000e+01,1.362899806918256962e+00,-7.167595081715571581e+00,9.642059160420307812e+13
6.150000000000000000e+01,1.362164502459626281e+00,-5.755275674511094230e+00,6.726531352127212500e+13
6.199999999999999289e+01,1.361544125799059257e+00,-4.777041972734319408e+00,4.611064667778848438e+13
6.250000000000000711e+01,1.361022198016799578e+00,-4.092293747676636784e+00,3.325074454141595312e+13
6.300000000000000711e+01,1.360585614051053716e+00,-3.568373541283241135e+00,2.747089729085021875e+13
6.350000000000000000e+01,1.360224162541544102e+00,-3.103664393495018992e+00,2.638826310004744922e+13
6.400000000000000000e+01,1.359929680473749070e+00,-2.642252019377524963e+00,2.708880569065389453e+13
6.450000000000000000e+01,1.359695072641872393e+00,-2.176670281003010743e+00,2.687148676654017188e+13
6.500000000000000000e+01,1.359513449545997510e+00,-1.738643318121047665e+00,2.389524455708912891e+13
6.550000000000000000e+01,1.359377588980936746e+00,-1.380932596999745021e+00,1.756294320209786719e+13
6.600000000000000000e+01,1.359279824392557900e+00,-1.155571788376873910e+00,8.556069077326921875e+12
6.650000000000000000e+01,1.359212338665679143e+00,-1.094420417786321487e+00,-1.468708106630644531e+12
6.700000000000000000e+01,1.359167731027949522e+00,-1.197011477876641194e+00,-1.042145671232148047e+13
6.750000000000000000e+01,1.359139656993106016e+00,-1.428456216949122615e+00,-1.640267486043375586e+13
6.800000000000000000e+01,1.359123332892761438e+00,-1.727356209693635014e+00,-1.823942918827168750e+13
6.850000000000000000e+01,1.359115746539830027e+00,-2.021030132848270267e+00,-1.579698047805535352e+13
6.900000000000000000e+01,1.359115507025908443e+00,-2.243570528141728193e+00,-9.995149719102500000e+12
6.950000000000000000e+01,1.359122372290885616e+00,-2.351724001373318718e+00,-2.539691243975524414e+12
7.000000000000000000e+01,1.359136583196447257e+00,-2.334405421348235254e+00,4.546891196360850586e+12
7.050000000000000000e+01,1.359158183386301344e+00,-2.213533173790325659e+00,9.462038472905134766e+12
7.100000000000000000e+01,1.359186503129648393e+00,-2.036269778699641542e+00,1.108254876636975000e+13
7.150000000000000000e+01,1.359219935115686395e+00,-1.861022019160222918e+00,9.228429044379957031e+12
7.200000000000000000e+01,1.359256046527995920e+00,-1.741110572479764862e+00,4.669145105398917969e+12
7.250000000000000000e+01,1.359291978800595491e+00,-1.710485209921143612e+00,-1.119707092558550781e+12
7.300000000000000000e+01,1.359325009875956836e+00,-1.775162005262402865e+00,-6.376245828604128906e+12
7.350000000000000000e+01,1.359353113727225004e+00,-1.912424435550187374e+00,-9.532283804824289062e+12
7.400000000000000000e+01,1.359375357916080329e+00,-2.077724313617760554e+00,-9.625748026075863281e+12
7.450000000000000000e+01,1.359392028843182887e+00,-2.217206621757457086e+00,-6.540062441705357422e+12
7.500000000000000000e+01,1.359404451559592442e+00,-2.282381897608943166e+00,-1.013663694983261841e+12
7.550000000000000000e+01,1.359414554945524101e+00,-2.243020503150600753e+00,5.575595964729283203e+12
7.600000000000000000e+01,1.359424301059906082e+00,-2.094928195404262006e+00,1.158810178800600977e+13
7.650000000000000000e+01,1.359435131813438336e+00,-1.860697375355845784e+00,1.555893279377989258e+13
7.700000000000000000e+01,1.359447578585863070e+00,-1.583416294632416621e+00,1.657756865260525195e+13
7.750000000000000000e+01,1.359461134114824832e+00,-1.315157274708938617e+00,1.451328817500330078e+13
7.800000000000000000e+01,1.359474414236857109e+00,-1.103379163845673139e+00,1.003150784322346875e+13
7.850000000000000000e+01,1.359485559542603195e+00,-9.788423422211677272e-01,4.402140993626136719e+12
7.900000000000000000e+01,1.359492764394628406e+00,-9.481500736843846422e-01,-8.449486685969804688e+11
7.950000000000000000e+01,1.359494789243559598e+00,-9.927498916526930062e-01,-4.324109786122000000e+12
8.000000000000000000e+01,1.359491319359354744e+00,-1.074506317121170618e+00,-5.151349118121242188e+12
8.050000000000000000e+01,1.359483076216128516e+00,-1.146248351619785666e+00,-3.163455445595053711e+12
8.100000000000000000e+01,1.359471654736128521e+00,-1.164441643196698406e+00,1.054877609882081299e+12
8.150000000000000000e+01,1.359459132366030110e+00,-1.100647296452243351e+00,6.338800714926696289e+12
8.200000000000000000e+01,1.359447555363110016e+00,-9.488146102288005368e-01,1.125840183382952539e+13
8.250000000000000000e+01,1.359438438426521678e+00,-7.265953015083632671e-01,1.449651486469594336e+13
8.300000000000000000e+01,1.359432408401848091e+00,-4.704525489878239597e-01,1.519008299254418750e+13
8.350000000000000000e+01,1.359429083263637983e+00,-2.259512306589400998e-01,1.314728841995595703e+13
8.400000000000000000e+01,1.359427214840134734e+00,-3.583839683382277624e-02,8.886531353312921875e+12
8.450000000000000000e+01,1.359425054535614796e+00,7.095353638618517866e-02,3.490508967768984375e+12
8.500000000000000000e+01,1.359420843757382258e+00,8.654578283550760920e-02,-1.683388737049601562e+12
8.550000000000000000e+01,1.359413299639192330e+00,2.578400066725467996e-02,-5.358819463526000000e+12
8.600000000000000000e+01,1.359401969622874073e+00,-7.799682968063255395e-02,-6.669238115737900391e+12
8.650000000000000000e+01,1.359387364208632709e+00,-1.819192451957448164e-01,-5.375228992511687500e+12
8.700000000000000000e+01,1.359370835955033829e+00,-2.448314852154361010e-01,-1.916214358449346191e+12
8.750000000000000000e+01,1.359354239059336944e+00,-2.379472495776739638e-01,2.714087938402920410e+12
8.800000000000000000e+01,1.359339460341514094e+00,-1.521170258023223920e-01,7.233518668235212891e+12
8.850000000000000000e+01,1.359327944717810377e+00,9.660293469849374223e-05,1.040783460153902344e+13
8.900000000000000000e+01,1.359320338256267746e+00,1.879977302821591867e-01,1.136965138857828711e+13
8.950000000000000000e+01,1.359316340063372763e+00,3.709810226284255275e-01,9.837864190227041016e+12
9.000000000000000000e+01,1.359314799185793454e+00,5.092072312823093805e-01,6.182366049587269531e+12
9.050000000000000000e+01,1.359314028941238872e+00,5.739364550636103512e-01,1.319663256718007812e+12
9.100000000000000000e+01,1.359312255196635233e+00,5.548551801943821804e-01,-3.531157152493242188e+12
9.150000000000000000e+01,1.359308081419932313e+00,4.625480543514298715e-01,-7.167113625391238281e+12
9.200000000000000000e+01,1.359300850261750959e+00,3.255440477574016445e-01,-8.711465052182140625e+12
9.250000000000000000e+01,1.359290809399308131e+00,1.827725378946337409e-01,-7.835559437324429688e+12
9.300000000000000000e+01,1.359279040833387686e+00,7.343488522888248771e-02,-4.836526317209969727e+12
9.350000000000000000e+01,1.359267174263246503e+00,2.693486719517455483e-02,-5.527627496763118896e+11
9.400000000000000000e+01,1.359256960658613345e+00,5.546116116773870675e-02,3.858921558339143555e+12
9.450000000000000000e+01,1.359249817480473910e+00,1.510990470728979240e-01,7.225379796450943359e+12
9.500000000000000000e+01,1.359246463274678574e+00,2.881588066820224836e-01,8.659660580007945312e+12
9.550000000000000000e+01,1.359246735236177228e+00,4.300564598042102560e-01,7.786085097636242188e+12
9.600000000000000000e+01,1.359249635317508753e+00,5.389184403251676692e-01,4.830870900012875000e+12
9.650000000000000000e+01,1.359253591128118055e+00,5.854032450338495508e-01,5.566549631220781250e+11
9.700000000000000000e+01,1.359256862627327367e+00,5.562086915625881200e-01,-3.940264141966730469e+12
9.750000000000000000e+01,1.359257988636075387e+00,4.573607126727837202e-01,-7.516082638984175781e+12
9.800000000000000000e+01,1.359256157822209099e+00,3.124881456164499971e-01,-9.274451531614964844e+12
9.850000000000000000e+01,1.359251409204284000e+00,1.565862699234622513e-01,-8.794364561536238281e+12
9.900000000000000000e+01,1.359244611861525120e+00,2.692444340449697687e-02,-6.233265396469691406e+12
9.950000000000000000e+01,1.359237230755535153e+00,-4.653301999702166847e-02,-2.280355052107921875e+12
1.000000000000000000e+02,1.359230940562395240e+00,-4.872569283430036591e-02,2.026227242079149170e+12
1.005000000000000000e+02,1.359227188071761239e+00,1.681554070529849010e-02,5.569912894665539062e+12
1.010000000000000000e+02,1.359226816220292955e+00,1.290980157985987253e-01,7.443473787993376953e+12
1.015000000000000000e+02,1.359229846163540145e+00,2.552720870756642890e-01,7.179930064562017578e+12
1.020000000000000000e+02,1.359235472447571480e+00,3.592232700260926115e-01,4.867871150451121094e+12
1.025000000000000000e+02,1.359242271129993407e+00,4.109122595415605761e-01,1.122812678363265625e+12
1.030000000000000000e+02,1.359248565919332963e+00,3.940555895865702207e-01,-3.076477879668906250e+12
1.035000000000000000e+02,1.359252857131844960e+00,3.101921225378094782e-01,-6.643184287976593750e+12
1.040000000000000000e+02,1.359254202744956785e+00,1.781294806746662462e-01,-8.662696914504378906e+12
1.045000000000000000e+02,1.359252453859662868e+00,2.896046013566337674e-02,-8.625790391591380859e+12
1.050000000000000000e+02,1.359248284920218541e+00,-1.020268075637336402e-01,-6.555456402806388672e+12
1.055000000000000000e+02,1.359243012147358209e+00,-1.844387519926682373e-01,-2.995976260504366211e+12
1.060000000000000000e+02,1.359238248098494584e+00,-2.005249544852103494e-01,1.131607193852992676e+12
1.065000000000000000e+02,1.359235482094672820e+00,-1.496106370596940738e-01,4.769293189678157227e+12
1.070000000000000000e+02,1.359235694788896609e+00,-4.810717560630115713e-02,6.994820421317428711e+12
1.075000000000000000e+02,1.359239105767119149e+00,7.486085527583503929e-02,7.257007694732584961e+12
1.080000000000000000e+02,1.359245118338168634e+00,1.850495483311286327e-01,5.513712487502777344e+12
1.085000000000000000e+02,1.359252474648531939e+00,2.519325411206629339e-01,2.237935727772734375e+12
1.090000000000000000e+02,1.359259580152395008e+00,2.565029453807630699e-01,-1.708232068467640625e+12
1.095000000000000000e+02,1.359264913189835111e+00,1.960495502372826826e-01,-5.298234493905335938e+12
1.100000000000000000e+02,1.359267414020719045e+00,8.471109166432430615e-02,-7.605741953506992188e+12
1.105000000000000000e+02,1.359266753489332125e+00,-5.029475287243349857e-02,-8.041252449812812500e+12
1.110000000000000000e+02,1.359263412901436263e+00,-1.757626082659351774e-01,-6.500301938998433594e+12
1.115000000000000000e+02,1.359258555487846243e+00,-2.610652050399321911e-01,-3.386153413295392578e+12
1.120000000000000000e+02,1.359253723410757564e+00,-2.859870080860311137e-01,4.977502177079848633e+11
1.125000000000000000e+02,1.359250438884501255e+00,-2.458252303455164545e-01,4.156945389652263672e+12
1.130000000000000000e+02,1.359249812235724386e+00,-1.524740658538863147e-01,6.662328052589195312e+12
1.135000000000000000e+02,1.359252257490119575e+00,-3.124721739897432307e-02,7.387699380035458008e+12
1.140000000000000000e+02,1.359257388034622149e+00,8.571244977962881595e-02,6.167767526136005859e+12
1.145000000000000000e+02,1.359264118374770902e+00,1.677198255080831479e-01,3.336776173116238281e+12
1.150000000000000000e+02,1.359270945011136877e+00,1.933943241813593783e-01,-3.611365744956210938e+11
1.155000000000000000e+02,1.359276333623190114e+00,1.560604848198249295e-01,-3.965804807551894531e+12
1.160000000000000000e+02,1.359279112793109423e+00,6.533964605379392887e-02,-6.548617448071847656e+12
1.165000000000000000e+02,1.359278773242539096e+00,-5.544384668583701714e-02,-7.450025658048378906e+12
1.170000000000000000e+02,1.359275596191268365e+00,-1.753447304808363194e-01,-6.446324267622078125e+12
1.175000000000000000e+02,1.359270578550873187e+00,-2.637837238282518260e-01,-3.803635196654911133e+12
1.180000000000000000e+02,1.359265174863985237e+00,-2.983811634961450188e-01,-2.061611696448325195e+11
1.185000000000000000e+02,1.359260922796315496e+00,-2.706340783427745311e-01,3.422010732254094238e+12
1.190000000000000000e+02,1.359259048596021646e+00,-1.879996647664312348e-01,6.155205803720534180e+12
1.195000000000000000e+02,1.359260153731130849e+00,-7.187786939986667845e-02,7.303152895034791992e+12
1.200000000000000142e+02,1.359264062757358449e+00,4.796106050380208319e-02,6.586016658598894531e+12
1.204999999999999858e+02,1.359269870869617369e+00,1.410521045307977506e-01,4.203109174342464844e+12
1.210000000000000000e+02,1.359276178287126324e+00,1.840343485106184507e-01,7.784746474695507812e+11
1.214999999999999858e+02,1.359281450798895730e+00,1.665765880268506305e-01,-2.801805426379937500e+12
1.220000000000000000e+02,1.359284413690351911e+00,9.392726298614326175e-02,-5.618152881479914062e+12
1.225000000000000142e+02,1.359284378039848029e+00,-1.453913051514636040e-02,-6.952955116743644531e+12
1.230000000000000000e+02,1.359281416026288269e+00,-1.303789756669108124e-01,-6.472725934254062500e+12
1.235000000000000000e+02,1.359276340811079509e+00,-2.234217741841221794e-01,-4.310808309492242188e+12
1.239999999999999858e+02,1.359270496719624965e+00,-2.695050044139389867e-01,-1.030175615811220703e+12
1.245000000000000000e+02,1.359265413986387561e+00,-2.566213660053417445e-01,2.523371845688731934e+12
1.250000000000000142e+02,1.359262416835411047e+00,-1.879168198447510318e-01,5.439391936472541992e+12
1.255000000000000000e+02,1.359262285357724309e+00,-8.079286102498295374e-02,6.976129701614799805e+12
1.260000000000000142e+02,1.359265057590086201e+00,3.763252513729364174e-02,6.749212048220446289e+12
1.265000000000000000e+02,1.359270022066548567e+00,1.375208994949806418e-01,4.827715157371011719e+12
1.270000000000000000e+02,1.359275902220781429e+00,1.939611009972462274e-01,1.713627701217207031e+12
1.274999999999999858e+02,1.359281184919422181e+00,1.933084970555202786e-01,-1.789263613564617188e+12
1.280000000000000000e+02,1.359284508670337566e+00,1.366032422399049151e-01,-4.782798564804132812e+12
1.285000000000000000e+02,1.359285012029508799e+00,3.921251425785086259e-02,-6.504654811005378906e+12
1.290000000000000000e+02,1.359282553191555998e+00,-7.318779233430229569e-02,-6.522388382669136719e+12
1.295000000000000000e+02,1.359277744933856003e+00,-1.712421964523727913e-01,-4.841984157799494141e+12
1.300000000000000000e+02,1.359271796444630365e+00,-2.294457308853661837e-01,-1.903726597548745117e+12
1.305000000000000000e+02,1.359266202963803849e+00,-2.326454024932402831e-01,1.532888994831210938e+12
1.310000000000000000e+02,1.359262362977182281e+00,-1.798573583909298113e-01,4.585173771008267578e+12
1.315000000000000000e+02,1.359261221036652811e+00,-8.443931648912886279e-02,6.473647961755428711e+12
1.320000000000000000e+02,1.359263027491045328e+00,2.940521541017156182e-02,6.720778987604666016e+12
1.325000000000000000e+02,1.359267276296716620e+00,1.328763597310999578e-01,5.271386400863806641e+12
1.330000000000000000e+02,1.359272836391846262e+00,1.999673497236052755e-01,2.504368408329628906e+12
1.335000000000000000e+02,1.359278242589349706e+00,2.140982983944767493e-01,-8.666106095809609375e+11
1.340000000000000000e+02,1.359282071246470824e+00,1.723028904917845716e-01,-3.977420519455359375e+12
1.345000000000000000e+02,1.359283304482375110e+00,8.591212487317209656e-02,-6.035152127093304688e+12
1.350000000000000000e+02,1.359281589871770501e+00,-2.241962447228027649e-02,-6.520350795956996094e+12
1.355000000000000000e+02,1.359277329466481277e+00,-1.245660261280781833e-01,-5.318278713096330078e+12
1.360000000000000000e+02,1.359271575751288097e+00,-1.941472717488620936e-01,-2.746093348277634766e+12
1.365000000000000000e+02,1.359265761516692983e+00,-2.132643915740883023e-01,5.304450706842470703e+11
1.370000000000000000e+02,1.359261333013435102e+00,-1.770314082204780815e-01,3.668908592076329102e+12
1.375000000000000000e+02,1.359259380333135203e+00,-9.475839404137269273e-02,5.866422243576603516e+12
1.380000000000000000e+02,1.359260359489013359e+00,1.250015081131845493e-02,6.564697733317017578e+12
1.385000000000000000e+02,1.359263977056421879e+00,1.173867708038165009e-01,5.591519367039049805e+12
1.390000000000000000e+02,1.359269266554547162e+00,1.932663957650180286e-01,3.202826323459298828e+12
1.395000000000000000e+02,1.359274836697883293e+00,2.210318066330992370e-01,1.514716464740234375e+10
1.400000000000000000e+02,1.359279227772125953e+00,1.939511173224998664e-01,-3.153762352270796875e+12
1.405000000000000000e+02,1.359281284891403763e+00,1.193287314168311464e-01,-5.494871035674597656e+12
1.410000000000000000e+02,1.359280452755100344e+00,1.657170282781229853e-02,-6.414529307333425781e+12
1.415000000000000000e+02,1.359276916743733521e+00,-8.782662826805946732e-02,-5.685095771699933594e+12
1.420000000000000000e+02,1.359271554561359396e+00,-1.670895628269344069e-01,-3.501370915642224609e+12
1.425000000000000000e+02,1.359265711066223403e+00,-2.010006817205746976e-01,-4.288818031179208984e+11
1.430000000000000000e+02,1.359260854061082879e+00,-1.810400414478243181e-01,2.742292957324429688e+12
1.435000000000000000e+02,1.359258199129306011e+00,-1.125085044146536123e-01,5.200419301454627930e+12
1.440000000000000000e+02,1.359258399383471483e+00,-1.311073845943211066e-02,6.319647055231064453e+12
1.445000000000000000e+02,1.359261379280439996e+00,9.162541040859502328e-02,5.819130645737989258e+12
1.450000000000000000e+02,1.359266354751148542e+00,1.749085107233109837e-01,3.833267804024541016e+12
1.455000000000000000e+02,1.359272034251917116e+00,2.155368765341614257e-01,8.755047283032851562e+11
1.460000000000000000e+02,1.359276949154442526e+00,2.032930852525549059e-01,-2.294543543371417969e+12
1.465000000000000000e+02,1.359279828946761803e+00,1.415081290716115880e-01,-4.866249138528839844e+12
1.470000000000000000e+02,1.359279925401421840e+00,4.615307730092854666e-02,-6.185272123411179688e+12
1.475000000000000000e+02,1.359277203025288872e+00,-5.829428017401169088e-02,-5.920035046508921875e+12
1.480000000000000000e+02,1.359272347338357445e+00,-1.451383242304506438e-01,-4.145071956638542969e+12
1.485000000000000000e+02,1.359266589075077913e+00,-1.922951128134733068e-01,-1.320335926767530273e+12
1.490000000000000000e+02,1.359261389378412010e+00,-1.879162749042667946e-01,1.827837305641123535e+12
1.495000000000000000e+02,1.359258066484789085e+00,-1.333756798811523703e-01,4.493343736621463867e+12
1.500000000000000000e+02,1.359257459250423183e+00,-4.286614700131621825e-02,5.996588453183097656e+12
1.505000000000000000e+02,1.359259713371927303e+00,6.027771558807257235e-02,5.957645426177154297e+12
1.510000000000000000e+02,1.359264244750841621e+00,1.495782736051698147e-01,4.392168215604992188e+12
1.515000000000000000e+02,1.359269889181374147e+00,2.021932913602604298e-01,1.705841031100808594e+12
1.520000000000000000e+02,1.359275199977860060e+00,2.047390044230834316e-01,-1.410796337420121094e+12
1.525000000000000000e+02,1.359278817447318710e+00,1.566740989522135696e-01,-4.159861062482527344e+12
1.530000000000000000e+02,1.359279815861397900e+00,7.039007280409897982e-02,-5.840340624103441406e+12
1.535000000000000000e+02,1.359277939416184022e+00,-3.200206420861606560e-02,-6.026769279762222656e+12
1.540000000000000000e+02,1.359273667066764668e+00,-1.243555626218084825e-01,-4.676876016162605469e+12
1.545000000000000000e+02,1.359268089820886871e+00,-1.831818119539549705e-01,-2.141006552008589844e+12
1.550000000000000000e+02,1.359262631923250586e+00,-1.936415526380149965e-01,9.287367832053359375e+11
1.555000000000000000e+02,1.359258687161863266e+00,-1.533059065541305666e-01,3.746109929501174316e+12
1.560000000000000000e+02,1.359257263138430316e+00,-7.273414652216252108e-02,5.592047856272165039e+12
1.565000000000000000e+02,1.359258724260921758e+00,2.726875263856431628e-02,5.998152618771840820e+12
1.570000000000000000e+02,1.359262698978338957e+00,1.210029701769314431e-01,4.865516152420259766e+12
1.575000000000000000e+02,1.359268174836778309e+00,1.844570646075996967e-01,2.488727390377376953e+12
1.580000000000000000e+02,1.359273757006944416e+00,2.014373470104849073e-01,-5.207356738973125000e+11
1.585000000000000000e+02,1.359278024251542094e+00,1.676792079626531484e-01,-3.391786888072953125e+12
1.590000000000000000e+02,1.359279891492283010e+00,9.189743586198528824e-02,-5.391217788513199219e+12
1.595000000000000000e+02,1.359278886507465645e+00,-6.482015547891444712e-03,-6.010827292526976562e+12
1.600000000000000000e+02,1.359275270233090360e+00,-1.023184020141622297e-01,-5.096480008260675781e+12
1.605000000000000000e+02,1.359269970043157194e+00,-1.711961739547325501e-01,-2.886360407020828125e+12
1.610000000000000000e+02,1.359264343073456338e+00,-1.956598429501915370e-01,5.105432697630566406e+10
1.615000000000000000e+02,1.359259829978354039e+00,-1.696523304225401596e-01,2.963181126020209473e+12
1.620000000000000000e+02,1.359257587433884806e+00,-1.000285421920173307e-01,5.106121566162897461e+12
1.625000000000000000e+02,1.359258193105523427e+00,-4.765932801500660614e-03,5.934685749206467773e+12
1.630000000000000000e+02,1.359261498305657234e+00,9.166131332411031618e-02,5.241101385284430664e+12
1.635000000000000000e+02,1.359266665891491366e+00,1.645543612351438312e-01,3.207104072919462891e+12
1.640000000000000000e+02,1.359272383713025834e+00,1.953007198946980771e-01,3.563572240284882812e+11
1.645000000000000000e+02,1.359277199166403438e+00,1.761118089627856931e-01,-2.580325993585617188e+12
1.650000000000000000e+02,1.359279889550560005e+00,1.119818337444516421e-01,-4.852251216455875000e+12
1.655000000000000000e+02,1.359279773819781933e+00,1.937615375958915906e-02,-5.880621581834359375e+12
1.660000000000000000e+02,1.359276886275772478e+00,-7.800627252609418361e-02,-5.405869638617388672e+12
1.665000000000000000e+02,1.359271967929602365e+00,-1.553061606050578081e-01,-3.553082622293654297e+12
1.670000000000000000e+02,1.359266277721660199e+00,-1.928573681281686991e-01,-7.990514350733300781e+11
1.675000000000000000e+02,1.359261271688933403e+00,-1.811976054092873378e-01,2.150402131277453613e+12
1.680000000000000000e+02,1.359258231826018459e+00,-1.234601169717095687e-01,4.541294524851750000e+12
1.685000000000000000e+02,1.359257939221969247e+00,-3.454176943445533277e-02,5.764221440340810547e+12
1.690000000000000000e+02,1.359260474789748097e+00,6.273218264726294902e-02,5.509697766890548828e+12
1.695000000000000000e+02,1.359265198401270469e+00,1.434594577357794498e-01,3.846484003161362305e+12
1.700000000000000000e+02,1.359270911781297553e+00,1.870281901885210152e-01,1.203073037772332031e+12
1.705000000000000000e+02,1.359276163687628047e+00,1.823723900038487500e-01,-1.742673968995035156e+12
1.710000000000000000e+02,1.359279619648682269e+00,1.307758527886793976e-01,-4.237294763518808594e+12
1.715000000000000000e+02,1.359280402076304295e+00,4.551477936157143772e-02,-5.644348089148726562e+12
1.720000000000000000e+02,1.359278314103887109e+00,-5.156161424786910585e-02,-5.606674358904058594e+12
1.725000000000000000e+02,1.359273890093579462e+00,-1.356319976264664384e-01,-4.136969130928027344e+12
1.730000000000000000e+02,1.359268259879250040e+00,-1.852503271042850452e-01,-1.613728005966087891e+12
1.735000000000000000e+02,1.359262861240524423e+00,-1.878174472005214313e-01,1.316202266126544922e+12
1.740000000000000000e+02,1.359259073770283655e+00,-1.427814257259339414e-01,3.903411583767186523e+12
1.745000000000000000e+02,1.359257867355759153e+00,-6.175370857125715013e-02,5.487591014552289062e+12
1.750000000000000000e+02,1.359259554820166915e+00,3.448253672516048141e-02,5.666059382705696289e+12
1.755000000000000000e+02,1.359263711786506512e+00,1.213013602422037818e-01,4.396124594108157227e+12
1.760000000000000000e+02,1.359269284262645483e+00,1.765338742154693719e-01,2.005248916693214844e+12
1.765000000000000000e+02,1.359274856646655705e+00,1.861273397832504672e-01,-8.933792597714921875e+11
1.770000000000000000e+02,1.359279011990596198e+00,1.477191557043592007e-01,-3.558077218917937500e+12
1.775000000000000000e+02,1.359280692845150407e+00,7.121738412128583717e-02,-5.308374421836679688e+12
1.780000000000000000e+02,1.359279470820976998e+00,-2.375406968900175067e-02,-5.698688356398226562e+12
1.785000000000000000e+02,1.359275656191425874e+00,-1.128868678300406353e-01,-4.631682143120019531e+12
1.790000000000000000e+02,1.359270219530996027e+00,-1.734068222554367156e-01,-2.382498549816691406e+12
1.795000000000000000e+02,1.359264545199718288e+00,-1.898896785950855981e-01,4.721578398854980469e+11
1.800000000000000000e+02,1.359260079291482848e+00,-1.581895719132111744e-01,3.201841560198853516e+12
1.805000000000000000e+02,1.359257961571915585e+00,-8.647970717580047428e-02,5.109234571794740234e+12
1.810000000000000000e+02,1.359258735076622537e+00,6.856177973204460353e-03,5.708268015345125977e+12
1.815000000000000000e+02,1.359262207345567575e+00,9.793795182427485202e-02,4.847986127445808594e+12
1.820000000000000000e+02,1.359267498727751322e+00,1.635000531123133594e-01,2.750572553060193359e+12
1.825000000000000000e+02,1.359273265603845093e+00,1.868354145379067521e-01,-4.603579112547851562e+10
1.830000000000000000e+02,1.359278041855553898e+00,1.620539191783094690e-01,-2.826105933760664062e+12
1.835000000000000000e+02,1.359280611791480187e+00,9.557044055875354993e-02,-4.879239130690910156e+12
1.840000000000000000e+02,1.359280319684558203e+00,4.447162110363305464e-03,-5.681825338676656250e+12
1.845000000000000000e+02,1.359277237136471861e+00,-8.798129992813924494e-02,-5.030508139820597656e+12
1.850000000000000000e+02,1.359272145583720004e+00,-1.580786368911546724e-01,-3.093678208640025391e+12
1.855000000000000000e+02,1.359266338234538241e+00,-1.879465174200499744e-01,-3.679686635989550781e+11
1.860000000000000000e+02,1.359261291647795522e+00,-1.699906323908432215e-01,2.449031402198818359e+12
1.865000000000000000e+02,1.359258290362475252e+00,-1.088485119302438076e-01,4.637257490972968750e+12
1.870000000000000000e+02,1.359258100005116932e+00,-2.018951867935954089e-02,5.638199663941914062e+12
1.875000000000000000e+02,1.359260772060576494e+00,7.330287534293172813e-02,5.197442089489486328e+12
1.880000000000000000e+02,1.359265630076699871e+00,1.477365160327941129e-01,3.429315983757434570e+12
1.885000000000000000e+02,1.359271440969703537e+00,1.841178500162948539e-01,7.872313159422734375e+11
1.890000000000000000e+02,1.359276728027728920e+00,1.731999663531879619e-01,-2.052599235078675781e+12
1.895000000000000000e+02,1.359280146149180801e+00,1.178343261818664695e-01,-4.364203421646441406e+12
1.900000000000000000e+02,1.359280823973316510e+00,3.222867424551713322e-02,-5.557375613221976562e+12
1.905000000000000000e+02,1.359278585903756387e+00,-6.169543195541141861e-02,-5.328300996597757812e+12
1.910000000000000000e+02,1.359273997479718332e+00,-1.399118580987547822e-01,-3.736876783756443359e+12
1.915000000000000000e+02,1.359268222392465475e+00,-1.824313386331883613e-01,-1.191073381935880859e+12
1.920000000000000000e+02,1.359262727300377005e+00,-1.784060740854864491e-01,1.657596087422345703e+12
1.925000000000000000e+02,1.359258909314994268e+00,-1.288943157903095493e-01,4.080749593843525879e+12
1.930000000000000000e+02,1.359257740764955313e+00,-4.658023539404806956e-02,5.459340760719213867e+12
1.935000000000000000e+02,1.359259521553999761e+00,4.747724023582663988e-02,5.441793185154785156e+12
1.940000000000000000e+02,1.359263802172961499e+00,1.292335414522945425e-01,4.033651318448944336e+12
1.945000000000000000e+02,1.359269497109123481e+00,1.778063823702017709e-01,1.595875111341349609e+12
1.950000000000000000e+02,1.359275160021533813e+00,1.808104978454196099e-01,-1.247702199354105469e+12
1.955000000000000000e+02,1.359279350915052698e+00,1.375165779727769988e-01,-3.770004436009929688e+12
1.960000000000000000e+02,1.359281002108618797e+00,5.902923049538991856e-02,-5.326572759770082031e+12
1.965000000000000000e+02,1.359279690015624542e+00,-3.455888555244348431e-02,-5.520163046685996094e+12
1.970000000000000000e+02,1.359275743590215635e+00,-1.193074379150968478e-01,-4.302079309250292969e+12
1.975000000000000000e+02,1.359270161706984670e+00,-1.735488132698566333e-01,-1.984422578993642578e+12
1.980000000000000000e+02,1.359264360238057412e+00,-1.834246344458080602e-01,8.398282897721406250e+11
1.985000000000000000e+02,1.359259812871392858e+00,-1.464242135170872039e-01,3.448470347806793945e+12
1.990000000000000000e+02,1.359257676783420132e+00,-7.202142544905791588e-02,5.174711948385387695e+12
1.995000000000000000e+02,1.359258498239469981e+00,2.075194250182663472e-02,5.577595657893007812e+12
2.000000000000000000e+02,1.359262073006196392e+00,1.081751499110181758e-01,4.554635592876642578e+12
2.005000000000000000e+02,1.359267497219257326e+00,1.679041932739908372e-01,2.367879579876660156e+12
2.010000000000000000e+02,1.359273396009364365e+00,1.846830769403278172e-01,-4.232297039992675781e+11
2.015000000000000000e+02,1.359278272028136669e+00,1.542409408333196008e-01,-3.104972611432847656e+12
2.020000000000000000e+02,1.359280885508652670e+00,8.437996623067466062e-02,-4.991819659811617188e+12
2.025000000000000000e+02,1.359280569399203609e+00,-7.022548272199270920e-03,-5.601607889811500000e+12
2.030000000000000000e+02,1.359277399489677407e+00,-9.658619288508858702e-02,-4.778697131851808594e+12
2.035000000000000000e+02,1.359272176168284663e+00,-1.614047306574061258e-01,-2.733683544961685547e+12
2.040000000000000000e+02,1.359266222206919172e+00,-1.849013617379653140e-01,1.045584859125390625e+10
2.045000000000000000e+02,1.359261047675411227e+00,-1.610659091079901517e-01,2.752040806138921875e+12
2.050000000000000000e+02,1.359257966879398261e+00,-9.599098368306828444e-02,4.790054852119599609e+12
2.055000000000000000e+02,1.359257764506756949e+00,-6.314142416176127433e-03,5.603369508322963867e+12
2.060000000000000000e+02,1.359260495798217061e+00,8.503606554833550990e-02,4.983995784396977539e+12
2.065000000000000000e+02,1.359265471633110289e+00,1.547026841162336408e-01,3.090270885838366211e+12
2.070000000000000000e+02,1.359271432531193868e+00,1.848725296152201325e-01,4.063733171697167969e+11
2.075000000000000000e+02,1.359276867615416773e+00,1.678309771966433883e-01,-2.381466145426878906e+12
2.080000000000000000e+02,1.359280397738480195e+00,1.079350738420229716e-01,-4.560387874206781250e+12
2.085000000000000000e+02,1.359281125609610896e+00,2.050087661634634670e-02,-5.573117081398578125e+12
2.090000000000000000e+02,1.359278864032620993e+00,-7.211054403688572922e-02,-5.160421052575148438e+12
2.095000000000000000e+02,1.359274184199517954e+00,-1.462085032106779925e-01,-3.427431987921007812e+12
2.100000000000000000e+02,1.359268271576574705e+00,-1.828294449470040939e-01,-8.168855255817734375e+11
2.105000000000000000e+02,1.359262625728108631e+00,-1.725873591057285883e-01,2.003929393102085938e+12
2.110000000000000000e+02,1.359258680074248993e+00,-1.180775887652149581e-01,4.313679110224918457e+12
2.115000000000000000e+02,1.359257437998864892e+00,-3.321819131083623283e-02,5.521410041609825195e+12
2.120000000000000000e+02,1.359259217697360578e+00,6.030444453764951390e-02,5.317736698489630859e+12
2.125000000000000000e+02,1.359263570663075793e+00,1.385782760228030375e-01,3.754094283176754883e+12
2.130000000000000000e+02,1.359269394704057943e+00,1.815799567783990820e-01,1.229742234604228516e+12
2.135000000000000000e+02,1.359275213018318773e+00,1.782973875840829225e-01,-1.610187555236185547e+12
2.140000000000000000e+02,1.359279548669939164e+00,1.295502336621178197e-01,-4.039541515471453125e+12
2.145000000000000000e+02,1.359281299518672936e+00,4.778653300320762076e-02,-5.436760573482597656e+12
2.150000000000000000e+02,1.359280018439828153e+00,-4.609373954870783774e-02,-5.443835775825910156e+12
2.155000000000000000e+02,1.359276027601009407e+00,-1.280776777194811422e-01,-4.057991542256902344e+12
2.160000000000000000e+02,1.359270337589925770e+00,-1.771777905923831720e-01,-1.632644992485812500e+12
2.165000000000000000e+02,1.359264391676224593e+00,-1.808014019573313536e-01,1.212673346504867188e+12
2.170000000000000000e+02,1.359259699900083884e+00,-1.379779093800044820e-01,3.750511402919847656e+12
2.175000000000000000e+02,1.359257455737019171e+00,-5.961675710692908303e-02,5.331439939717537109e+12
2.180000000000000000e+02,1.359258232641712860e+00,3.427276183169184615e-02,5.550228053278160156e+12
2.185000000000000000e+02,1.359261837625267422e+00,1.196917119751216008e-01,4.349712496834830078e+12
2.190000000000000000e+02,1.359267359247130047e+00,1.747866774399405299e-01,2.035719328262229492e+12
2.195000000000000000e+02,1.359273398082569750e+00,1.854413871700827943e-01,-8.008529112669082031e+11
2.200000000000000000e+02,1.359278421379474855e+00,1.488942038644374688e-01,-3.434916100087542969e+12
2.205000000000000000e+02,1.359281152020508809e+00,7.445490337094411160e-02,-5.192497936729261719e+12
2.210000000000000000e+02,1.359280893093322229e+00,-1.886475094021352120e-02,-5.623123518302367188e+12
2.215000000000000000e+02,1.359277705597376151e+00,-1.072035115536435212e-01,-4.615219107954882812e+12
2.220000000000000000e+02,1.359272393987101646e+00,-1.679482032679024128e-01,-2.425008332166144531e+12
2.225000000000000000e+02,1.359266302963541451e+00,-1.855190034509884844e-01,3.885764053117226562e+11
2.230000000000000000e+02,1.359260976841413004e+00,-1.553630199695652525e-01,3.106461208648490234e+12
2.235000000000000000e+02,1.359257767778839332e+00,-8.513259988114617316e-02,5.033149293673859375e+12
2.240000000000000000e+02,1.359257492266093603e+00,7.256908469033302930e-03,5.674669505142148438e+12
2.245000000000000000e+02,1.359260223157786829e+00,9.819743523862030365e-02,4.865214292342333984e+12
2.250000000000000000e+02,1.359265270231911460e+00,1.644207707011806630e-01,2.809980532795249023e+12
2.255000000000000000e+02,1.359271354450862557e+00,1.889518624998192398e-01,3.313975875712890625e+10
2.260000000000000000e+02,1.359276931916610920e+00,1.654596669291887312e-01,-2.755853385538441406e+12
2.265000000000000000e+02,1.359280585451015044e+00,9.989075047511321304e-02,-4.843495163474398438e+12
2.270000000000000000e+02,1.359281384470139908e+00,8.964680275701526757e-03,-5.694713137120296875e+12
2.275000000000000000e+02,1.359279121757511533e+00,-8.408788775964450013e-02,-5.089953380536824219e+12
2.280000000000000000e+02,1.359274366882336826e+00,-1.554583909620927129e-01,-3.181791209504050781e+12
2.285000000000000000e+02,1.359268322478040414e+00,-1.868502765635129681e-01,-4.564857850992714844e+11
2.290000000000000000e+02,1.359262519625076715e+00,-1.701687176517478195e-01,2.389855853829685547e+12
2.295000000000000000e+02,1.359258429481705610e+00,-1.096083628503666807e-01,4.629007187927547852e+12
2.300000000000000000e+02,1.359257089679932085e+00,-2.060042158223095166e-02,5.686892569244427734e+12
2.305000000000000000e+02,1.359258840387151723e+00,7.411719740357962383e-02,5.290751096865463867e+12
2.310000000000000000e+02,1.359263237201227215e+00,1.503061667620240460e-01,3.539447190007258789e+12
2.315000000000000000e+02,1.359269163207911468e+00,1.884277375085720296e-01,8.787911919213994141e+11
2.320000000000000000e+02,1.359275111960850824e+00,1.786504722905062348e-01,-2.011962979200548828e+12
2.325000000000000000e+02,1.359279569695092338e+00,1.233824664619929817e-01,-4.393523989520583984e+12
2.330000000000000000e+02,1.359281399803665469e+00,3.667635371907281006e-02,-5.655596961333542969e+12
2.335000000000000000e+02,1.359280131929319957e+00,-5.934573020005250166e-02,-5.473232422557218750e+12
2.340000000000000000e+02,1.359276082140679520e+00,-1.401379445768353993e-01,-3.890475722990113281e+12
2.345000000000000000e+02,1.359270273474887381e+00,-1.850071975471446195e-01,-1.309809883285378906e+12
2.350000000000000000e+02,1.359264176793457679e+00,-1.824162293207335639e-01,1.610099589089892578e+12
2.355000000000000000e+02,1.359259337566377734e+00,-1.329547542506983593e-01,4.122418334532799805e+12
2.360000000000000000e+02,1.359256983268129604e+00,-4.921337530975190139e-02,5.583093986887618164e+12
2.365000000000000000e+02,1.359257711123994072e+00,4.741436054674141864e-02,5.615929635681283203e+12
2.370000000000000000e+02,1.359261335657106384e+00,1.321900060902229113e-01,4.209452783192584473e+12
2.375000000000000000e+02,1.359266934971828045e+00,1.833560134426822363e-01,1.720618121746457031e+12
2.380000000000000000e+02,1.359273084241943375e+00,1.877117166620103916e-01,-1.215798022074447266e+12
2.385000000000000000e+02,1.359278217277368750e+00,1.440106626199629258e-01,-3.849094911719382812e+12
2.390000000000000000e+02,1.359281024426512330e+00,6.330542801973475242e-02,-5.504532395612214844e+12
2.394999999999999716e+02,1.359280785736369124e+00,-3.385450319169373140e-02,-5.756171947289324219e+12
2.400000000000000284e+02,1.359277554628950391e+00,-1.226615012757642648e-01,-4.536438767195339844e+12
2.405000000000000000e+02,1.359272145234658780e+00,-1.803903670337435872e-01,-2.154258532055042969e+12
2.409999999999999716e+02,1.359265926355843535e+00,-1.922211493923562109e-01,7.830868913954023438e+11
2.415000000000000284e+02,1.359260474180232992e+00,-1.550529747702507899e-01,3.524654171883925781e+12
2.420000000000000000e+02,1.359257171840483336e+00,-7.832752720441490957e-02,5.367721212116406250e+12
2.425000000000000000e+02,1.359256857556412790e+00,1.835668705375733539e-02,5.837848180659785156e+12
2.429999999999999716e+02,1.359259610889634207e+00,1.102371214867118310e-01,4.810969641116843750e+12
2.435000000000000284e+02,1.359264731643124113e+00,1.737154241324876669e-01,2.546079601001457031e+12
2.440000000000000000e+02,1.359270917018091440e+00,1.924040039634072330e-01,-3.800985279318574219e+11
2.444999999999999716e+02,1.359276592227196101e+00,1.613418438541985855e-01,-3.219963729013478516e+12
2.450000000000000284e+02,1.359280310682894122e+00,8.829557278393215802e-02,-5.246000085676410156e+12
2.455000000000000000e+02,1.359281122084526228e+00,-8.194589192354374135e-03,-5.937078910635570312e+12
2.460000000000000000e+02,1.359278814761562204e+00,-1.035322716475959026e-01,-5.112429271186062500e+12
2.464999999999999716e+02,1.359273970477161253e+00,-1.733459399219033914e-01,-2.978880260720132812e+12
2.470000000000000000e+02,1.359267817492977537e+00,-1.997304678166176573e-01,-7.905076233588671875e+10
2.475000000000000000e+02,1.359261918973964089e+00,-1.758517332588913074e-01,2.846563733830802734e+12
2.479999999999999716e+02,1.359257775747919395e+00,-1.077304616156921357e-01,5.048599322298640625e+12
2.485000000000000284e+02,1.359256444349636439e+00,-1.273959813045850466e-02,5.960713010955850586e+12
2.490000000000000000e+02,1.359258267557672983e+00,8.481053052805859194e-02,5.345214687214008789e+12
2.495000000000000000e+02,1.359262786165877035e+00,1.598777525168288416e-01,3.354974599859803223e+12
2.500000000000000284e+02,1.359268854720076858e+00,1.931003346883518601e-01,4.954776460066220703e+11
2.505000000000000000e+02,1.359274932078451625e+00,1.757742203348485466e-01,-2.503550816844292969e+12
2.510000000000000000e+02,1.359279473120876824e+00,1.121162443882069704e-01,-4.874322317326375000e+12
2.514999999999999716e+02,1.359281322083440768e+00,1.822573890508770098e-02,-6.007460014839578125e+12
2.520000000000000284e+02,1.359280007428408377e+00,-8.199959987314116294e-02,-5.608520910392148438e+12
2.525000000000000000e+02,1.359275863051947031e+00,-1.629576467894315872e-01,-3.774407001725035156e+12
2.530000000000000000e+02,1.359269944688596965e+00,-2.038923300340351741e-01,-9.698673060112656250e+11
2.535000000000000284e+02,1.359263762425588995e+00,-1.942255001061627129e-01,2.090239792834103516e+12
2.540000000000000000e+02,1.359258897073758243e+00,-1.363009318108985291e-01,4.623139165244594727e+12
2.545000000000000000e+02,1.359256597833430558e+00,-4.482853746334623107e-02,5.978387363665967773e+12
2.549999999999999716e+02,1.359257463647360886e+00,5.684082561496110048e-02,5.804954020804498047e+12
2.555000000000000284e+02,1.359261289527380789e+00,1.426671161544654509e-01,4.142196729129803711e+12
2.560000000000000000e+02,1.359267117291572458e+00,1.905825414512188065e-01,1.411136121188830078e+12
2.565000000000000000e+02,1.359273478172468241e+00,1.881585305918007933e-01,-1.692075694442437500e+12
2.570000000000000000e+02,1.359278765877664386e+00,1.358232149330367289e-01,-4.373516458389871094e+12
2.575000000000000000e+02,1.359281645358364266e+00,4.679715923233397634e-02,-5.944482736965453125e+12
2.580000000000000000e+02,1.359281393278073180e+00,-5.624722533477233277e-02,-5.998221774438558594e+12
2.585000000000000000e+02,1.359278083366682210e+00,-1.469585188303343670e-01,-4.515094197274890625e+12
2.590000000000000000e+02,1.359272569163407773e+00,-2.020420607328435592e-01,-1.869013652433257812e+12
2.595000000000000000e+02,1.359266268135938427e+00,-2.072376628892474981e-01,1.266850404300730469e+12
2.600000000000000000e+02,1.359260801743426228e+00,-1.610057098352137561e-01,4.091370294759847656e+12
2.605000000000000000e+02,1.359257582815790677e+00,-7.496860209076793014e-02,5.880213883498695312e+12
2.610000000000000000e+02,1.359257455245472590e+00,2.901839654538941257e-02,6.171738320948087891e+12
2.615000000000000000e+02,1.359260477896040875e+00,1.244296512602289240e-01,4.886296786045705078e+12
2.620000000000000000e+02,1.359265908089038799e+00,1.868496626778944902e-01,2.348097937076453125e+12
2.625000000000000000e+02,1.359272389292769390e+00,2.002383715598924641e-01,-7.963647238727675781e+11
2.630000000000000000e+02,1.359278295608829623e+00,1.610735697780378561e-01,-3.742782721117728516e+12
2.635000000000000000e+02,1.359282145595938962e+00,7.930101159111875575e-02,-5.734545943327613281e+12
2.640000000000000000e+02,1.359282980117926920e+00,-2.416304101662998874e-02,-6.256797525195003906e+12
2.645000000000000000e+02,1.359280607842757060e+00,-1.227499991087332987e-01,-5.169297299073632812e+12
2.650000000000000000e+02,1.359275655527661275e+00,-1.910264216207147037e-01,-2.743847532465875000e+12
2.655000000000000000e+02,1.359269409824006125e+00,-2.112178681021256166e-01,4.036862514959335938e+11
2.660000000000000000e+02,1.359263490437154775e+00,-1.777964911588852392e-01,3.469806038978519531e+12
2.665000000000000000e+02,1.359259437569208862e+00,-9.894833024967610025e-02,5.668588944525674805e+12
2.670000000000000000e+02,1.359258318647432073e+00,5.469520092525600313e-03,6.433298388702154297e+12
2.675000000000000000e+02,1.359260454704287024e+00,1.089735241336779875e-01,5.562675396804266602e+12
2.680000000000000000e+02,1.359265336523243661e+00,1.852194314995442848e-01,3.274121927958426270e+12
2.685000000000000000e+02,1.359271752438288683e+00,2.147610803154530457e-01,1.497151308995048828e+11
2.690000000000000000e+02,1.359278095731347058e+00,1.900684936233872635e-01,-3.011552461720005859e+12
2.695000000000000000e+02,1.359282773663412547e+00,1.175107525914809020e-01,-5.397791383647054688e+12
2.700000000000000000e+02,1.359284614036058381e+00,1.578220135681364378e-02,-6.392409827925593750e+12
2.705000000000000000e+02,1.359283165524669768e+00,-8.883982494579405198e-02,-5.733141222385945312e+12
2.710000000000000000e+02,1.359278814830819693e+00,-1.692038940869071695e-01,-3.580945470628574219e+12
2.715000000000000000e+02,1.359272690207397716e+00,-2.042488565975788262e-01,-4.807181866046757812e+11
2.720000000000000000e+02,1.359266375323507248e+00,-1.844390239344260440e-01,2.776650943254033203e+12
2.725000000000000000e+02,1.359261505914270529e+00,-1.142685151494957502e-01,5.356015920194007812e+12
2.730000000000000000e+02,1.359259351821271222e+00,-1.117739938706451344e-02,6.592104673411619141e+12
2.735000000000000000e+02,1.359260491108007285e+00,9.886065944715254072e-02,6.161157206761190430e+12
2.740000000000000000e+02,1.359264659788797847e+00,1.879638210786695185e-01,4.165778461470937500e+12
2.745000000000000000e+02,1.359270816146627370e+00,2.334910287568693898e-01,1.110763203698363281e+12
2.750000000000000000e+02,1.359277403942217521e+00,2.238818848587679766e-01,-2.224449957854777344e+12
2.755000000000000000e+02,1.359282747966896965e+00,1.616817675637855778e-01,-4.984459334479166016e+12
2.760000000000000000e+02,1.359285481366625969e+00,6.296157446912471756e-02,-6.457077246007488281e+12
2.765000000000000000e+02,1.359284895703768647e+00,-4.673743151348786623e-02,-6.256888868195421875e+12
2.770000000000000000e+02,1.359281124066364699e+00,-1.389114414604508407e-01,-4.425953957760871094e+12
2.775000000000000000e+02,1.359275109838573359e+00,-1.893982921037206113e-01,-1.425403605069691406e+12
2.780000000000000000e+02,1.359268368302502639e+00,-1.846086313416231972e-01,1.980518795789703125e+12
2.785000000000000000e+02,1.359262601182148478e+00,-1.250791706098809131e-01,4.918865020505832031e+12
2.790000000000000000e+02,1.359259262049042460e+00,-2.542050646919123344e-02,6.631439082270516602e+12
2.795000000000000000e+02,1.359259183465530096e+00,8.934845876522766461e-02,6.670128437710599609e+12
2.800000000000000000e+02,1.359262361420902288e+00,1.901599045572987812e-01,5.013781496052597656e+12
2.805000000000000000e+02,1.359267952804304347e+00,2.513334082664327451e-01,2.076144673089447754e+12
2.810000000000000000e+02,1.359274487427519551e+00,2.571862479338610230e-01,-1.397808488207875977e+12
2.815000000000000000e+02,1.359280241268364886e+00,2.061160416639477300e-01,-4.521159201106886719e+12
2.820000000000000000e+02,1.359283676172065025e+00,1.110935224169737612e-01,-6.491821992029066406e+12
2.825000000000000000e+02,1.359283833866173685e+00,-3.581427305102640075e-03,-6.798849257494308594e+12
2.830000000000000000e+02,1.359280583347566518e+00,-1.084497980023501756e-01,-5.355252774276179688e+12
2.835000000000000000e+02,1.359274657740296988e+00,-1.764241222140899013e-01,-2.522879273710484375e+12
2.840000000000000000e+02,1.359267470253288090e+00,-1.897564879170978991e-01,9.776761585877109375e+11
2.845000000000000000e+02,1.359260755295645495e+00,-1.446531935330456209e-01,4.249734530335486328e+12
2.850000000000000000e+02,1.359256125738979470e+00,-5.233761116887379605e-02,6.449516346896898438e+12
2.855000000000000000e+02,1.359254659210742400e+00,6.373362800685089535e-02,7.002982957860788086e+12
2.860000000000000000e+02,1.359256619438635516e+00,1.738105617752096210e-01,5.754784474490379883e+12
2.865000000000000000e+02,1.359261384643540405e+00,2.494405771942065364e-01,3.010631808371641602e+12
2.870000000000000000e+02,1.359267602359081506e+00,2.707712328354103803e-01,-5.384377297946513672e+11
2.875000000000000000e+02,1.359273532212413649e+00,2.316890157814225082e-01,-3.991138257166273438e+12
2.880000000000000000e+02,1.359277489910564851e+00,1.414627302869237990e-01,-6.465965944573498047e+12
2.885000000000000000e+02,1.359278279338670625e+00,2.244994206780412740e-02,-7.327454907521792969e+12
2.890000000000000000e+02,1.359275502127521573e+00,-9.556744276417490636e-02,-6.350600041111488281e+12
2.895000000000000000e+02,1.359269664798566923e+00,-1.829846036909028306e-01,-3.780930430535652344e+12
2.900000000000000000e+02,1.359262054930237440e+00,-2.179732983170372396e-01,-2.742118551417070312e+11
2.905000000000000000e+02,1.359254416707422752e+00,-1.921292980361806180e-01,3.269496460348996094e+12
2.910000000000000000e+02,1.359248507708785025e+00,-1.127063339764762945e-01,5.935517429245294922e+12
2.915000000000000000e+02,1.359245649651334542e+00,-8.420955771268058250e-04,7.029396187436627930e+12
2.920000000000000000e+02,1.359246388029571984e+00,1.137924168905145306e-01,6.256588439103852539e+12
2.925000000000000000e+02,1.359250348411271236e+00,2.005667667272287291e-01,3.800441098436702637e+12
2.930000000000000000e+02,1.359256327357822425e+00,2.357545585008484212e-01,2.777762767903681641e+11
2.935000000000000000e+02,1.359262596135494494e+00,2.086666570631602879e-01,-3.417227340168482422e+12
2.940000000000000000e+02,1.359267340824045212e+00,1.244674370948807979e-01,-6.341348135790697266e+12
2.945000000000000000e+02,1.359269127098625685e+00,2.931207914096716632e-03,-7.744536103647214844e+12
2.950000000000000000e+02,1.359267270996183274e+00,-1.265645686551578886e-01,-7.263848890240980469e+12
2.955000000000000000e+02,1.359262020309281338e+00,-2.325436766980415737e-01,-5.018986094464703125e+12
2.960000000000000000e+02,1.359254499084059375e+00,-2.895180319062634622e-01,-1.584264454685277344e+12
2.965000000000000000e+02,1.359246427960328019e+00,-2.845801182540830254e-01,2.156561954433203125e+12
2.970000000000000000e+02,1.359239690465995576e+00,-2.207946448896589142e-01,5.236087957656421875e+12
2.975000000000000000e+02,1.359235855189348863e+00,-1.164950494343217763e-01,6.852093794459094727e+12
2.980000000000000000e+02,1.359235775708965699e+00,-6.388087912827995242e-04,6.575487471755902344e+12
2.985000000000000000e+02,1.359239371018432951e+00,9.460763909391720072e-02,4.463446747051555664e+12
2.990000000000000000e+02,1.359245643636279866e+00,1.421608244057774584e-01,1.047902979975425781e+12
2.995000000000000000e+02,1.359252932133603764e+00,1.270560244570359820e-01,-2.798528821932024414e+12
3.000000000000000000e+02,1.359259334832511046e+00,5.040326537154914827e-02,-6.085422065713281250e+12
3.005000000000000000e+02,1.359263197285033975e+00,-7.077808603333858584e-02,-7.959332320477417969e+12
3.010000000000000000e+02,1.359263539219297545e+00,-2.078320768101210858e-01,-7.925039456131742188e+12
3.015000000000000000e+02,1.359260311416191191e+00,-3.277732178579274014e-01,-5.975976230576890625e+12
3.020000000000000000e+02,1.359254415856047116e+00,-4.017648781364169808e-01,-2.599556912024562500e+12
3.025000000000000000e+02,1.359247482655779438e+00,-4.125899606769687367e-01,1.344944517215449219e+12
3.030000000000000000e+02,1.359241459524288764e+00,-3.591771922635947356e-01,4.845522949563976562e+12
3.035000000000000000e+02,1.359238117799757450e+00,-2.569897088718672284e-01,6.997867877003964844e+12
3.040000000000000000e+02,1.359238601129008961e+00,-1.341403396031378426e-01,7.240207518878744141e+12
3.045000000000000000e+02,1.359243132685090893e+00,-2.420049931205047952e-02,5.501670965264610352e+12
3.050000000000000000e+02,1.359250956872367411e+00,4.246748643098122167e-02,2.225058224728374023e+12
3.055000000000000000e+02,1.359260531779438175e+00,4.662710733800716489e-02,-1.742963799294471680e+12
3.060000000000000000e+02,1.359269924394409079e+00,-1.471931507469930595e-02,-5.367003413228419922e+12
3.065000000000000000e+02,1.359277308253953098e+00,-1.273673497796780074e-01,-7.688751132967359375e+12
3.070000000000000000e+02,1.359281436265084464e+00,-2.633829393816886077e-01,-8.075271354869843750e+12
3.075000000000000000e+02,1.359281966987787360e+00,-3.881544452984740379e-01,-6.385577073378585938e+12
3.080000000000000000e+02,1.359279559487256206e+00,-4.692372605608064462e-01,-3.011811320941632812e+12
3.085000000000000000e+02,1.359275710731639331e+00,-4.847255911797961336e-01,1.216734794116785156e+12
3.090000000000000000e+02,1.359272375492470042e+00,-4.289866820441274320e-01,5.243329229670734375e+12
3.095000000000000000e+02,1.359271464931838036e+00,-3.142520179586745233e-01,8.054262833634857422e+12
3.100000000000000000e+02,1.359274352020459986e+00,-1.676139423000367612e-01,8.940891391111214844e+12
3.105000000000000000e+02,1.359281511205848503e+00,-2.415733991050186130e-02,7.685534393716023438e+12
3.110000000000000000e+02,1.359292386239151940e+00,8.203911015009147933e-02,4.622490236270414062e+12
3.115000000000000000e+02,1.359305522104789610e+00,1.267308949987659417e-01,5.572270552368237305e+11
3.120000000000000000e+02,1.359318929281688071e+00,1.018861377696632792e-01,-3.436700745057456055e+12
3.125000000000000000e+02,1.359330588440554655e+00,1.794709057205718869e-02,-6.291721059402603516e+12
3.130000000000000000e+02,1.359338966679647820e+00,-9.864620784354556637e-02,-7.221284203690460938e+12
3.135000000000000000e+02,1.359343412232666193e+00,-2.120758527493162848e-01,-5.925057905431460938e+12
3.140000000000000000e+02,1.359344324602262732e+00,-2.862434746486960391e-01,-2.670868950543777344e+12
3.145000000000000000e+02,1.359343053877955843e+00,-2.940270413449942444e-01,1.768764119803023438e+12
3.150000000000000000e+02,1.359341552252273377e+00,-2.243175912341891787e-01,6.310466668204031250e+12
3.155000000000000000e+02,1.359341864789545218e+00,-8.500656607932692566e-02,9.835492333781132812e+12
3.160000000000000000e+02,1.359345588818039463e+00,9.887942617857302385e-02,1.147664494131944141e+13
3.165000000000000000e+02,1.359353440794816237e+00,2.914567375462476795e-01,1.084280443893288281e+13
3.170000000000000000e+02,1.359365043337874779e+00,4.550949315525920635e-01,8.122640461413662109e+12
3.175000000000000000e+02,1.359378989678623917e+00,5.600351816416802020e-01,4.039792294450307129e+12
3.180000000000000000e+02,1.359393172024943253e+00,5.920436813571613444e-01,-3.300505597475830078e+11
3.185000000000000000e+02,1.359405292304731061e+00,5.561154353345216794e-01,-3.833984459375457031e+12
3.190000000000000000e+02,1.359413426021197413e+00,4.752481302248428574e-01,-5.538426600341226562e+12
3.195000000000000000e+02,1.359416494979315715e+00,3.845696179585065266e-01,-4.971090071334597656e+12
3.200000000000000000e+02,1.359414526612299223e+00,3.223013500914247986e-01,-2.245717779938632812e+12
3.205000000000000000e+02,1.359408631270197620e+00,3.198647700156127538e-01,1.963321451540492188e+12
3.210000000000000000e+02,1.359400700669310957e+00,3.936736500370786040e-01,6.591027707000851562e+12
3.215000000000000000e+02,1.359392902465076380e+00,5.407376462504756010e-01,1.045349013277569727e+13
3.220000000000000000e+02,1.359387099140047406e+00,7.392330882045567986e-01,1.255186256137653516e+13
3.225000000000000000e+02,1.359384340182565154e+00,9.539213543565895348e-01,1.233021651057562500e+13
3.230000000000000000e+02,1.359384559157955419e+00,1.145040342074107098e+00,9.820215135144312500e+12
3.235000000000000000e+02,1.359386555818279385e+00,1.278386406743717618e+00,5.634413031135083984e+12
3.240000000000000000e+02,1.359388270801239029e+00,1.333982058292466411e+00,8.090476324908203125e+11
3.245000000000000000e+02,1.359387285294499925e+00,1.311077284371523044e+00,-3.463679886228024414e+12
3.250000000000000000e+02,1.359381419706565230e+00,1.228172518817001846e+00,-6.144870077599240234e+12
3.255000000000000000e+02,1.359369279127609742e+00,1.118037884718114716e+00,-6.619584744856742188e+12
3.260000000000000000e+02,1.359350606249095428e+00,1.019003911966409381e+00,-4.858318472604027344e+12
3.265000000000000000e+02,1.359326351433769675e+00,9.647759068939272264e-01,-1.426633818045160156e+12
3.270000000000000000e+02,1.359298442400820539e+00,9.754220802255516576e-01,2.660510878021980469e+12
3.275000000000000000e+02,1.359269313861920292e+00,1.051896953546426206e+00,6.202823290600027344e+12
3.280000000000000000e+02,1.359241320254640728e+00,1.175555608794096596e+00,8.129047253386238281e+12
3.285000000000000000e+02,1.359216186019057471e+00,1.312821064316606945e+00,7.779833000646659180e+12
3.290000000000000000e+02,1.359194639236646518e+00,1.423820401058730312e+00,5.084839686196461914e+12
3.295000000000000000e+02,1.359176327826788988e+00,1.472757782821894734e+00,5.869365334832406006e+11
3.300000000000000000e+02,1.359160044775412191e+00,1.437322828222594717e+00,-4.693799745217581055e+12
3.305000000000000000e+02,1.359144208909826901e+00,1.314670300138184533e+00,-9.521462024188777344e+12
3.310000000000000000e+02,1.359127481445276509e+00,1.122395329340366787e+00,-1.276294649379068555e+13
3.315000000000000000e+02,1.359109363374582324e+00,8.942381758513724410e-01,-1.368015836562656250e+13
3.320000000000000000e+02,1.359090624131501945e+00,6.716416149514798928e-01,-1.211848134919373828e+13
3.325000000000000000e+02,1.359073456603957952e+00,4.933870891978634488e-01,-8.540976590598394531e+12
3.330000000000000000e+02,1.359061325935735365e+00,3.860602877513165110e-01,-3.898054233012375000e+12
3.335000000000000000e+02,1.359058560712392172e+00,3.579000694261577631e-01,6.343230957277539062e+11
3.340000000000000000e+02,1.359069803749014538e+00,3.977123396856340198e-01,3.979865068280757812e+12
3.345000000000000000e+02,1.359099477669202249e+00,4.792072451058371207e-01,5.465284016815414062e+12
3.350000000000000000e+02,1.359151417714267174e+00,5.696910794576297565e-01,5.021669748419093750e+12
3.355000000000000000e+02,1.359228781455582347e+00,6.408931345438565463e-01,3.230551933255766602e+12
3.360000000000000000e+02,1.359334273654053682e+00,6.791424961267579219e-01,1.202497233406531494e+12
3.365000000000000000e+02,1.359470643403431600e+00,6.922855150629811938e-01,3.207608480746757812e+11
3.370000000000000000e+02,1.359641341417274107e+00,7.116066044286651904e-01,1.918527222810191406e+12
3.375000000000000000e+02,1.359851186099932718e+00,7.883488985231739132e-01,6.975800651030603516e+12
3.380000000000000000e+02,1.360106887930761621e+00,9.858669568124304172e-01,1.591627460105323438e+13
3.385000000000000000e+02,1.360417321932532841e+00,1.369593776482002090e+00,2.855714371928289453e+13
3.390000000000000000e+02,1.360793506371410722e+00,1.997560819109251984e+00,4.422338541390301562e+13
3.395000000000000000e+02,1.361248323855720921e+00,2.914028260295092654e+00,6.199394889680050000e+13
3.400000000000000000e+02,1.361796088026747231e+00,4.147922377231973101e+00,8.101270691315584375e+13
3.405000000000000000e+02,1.362452097912721483e+00,5.716484197944980750e+00,1.007814821767483594e+14
3.410000000000000000e+02,1.363232323641409005e+00,7.633172814033104103e+00,1.213601306678141562e+14
3.415000000000000000e+02,1.364153332753045511e+00,9.917817072069182061e+00,1.434270423744183125e+14
3.420000000000000000e+02,1.365232506570246640e+00,1.260655387062943866e+01,1.681939084327732812e+14
3.425000000000000000e+02,1.366488527872166570e+00,1.575933352033605495e+01,1.972089798875809062e+14
3.430000000000000000e+02,1.367942062494185373e+00,1.946360591042618182e+01,2.321111695844032188e+14
3.435000000000000000e+02,1.369616522373923617e+00,2.383394300379410424e+01,2.744049762549750625e+14
3.440000000000000000e+02,1.371538792154640696e+00,2.900843489870855052e+01,3.253116211824472500e+14
3.445000000000000000e+02,1.373739822944913813e+00,3.514338141886652522e+01,3.857203655804828125e+14
3.450000000000000000e+02,1.376255035067027732e+00,4.240789126236581552e+01,4.562264794181195625e+14
3.455000000000000000e+02,1.379124512842856198e+00,5.097950052516185337e+01,5.372114167160526250e+14
3.460000000000000000e+02,1.382393005901493499e+00,6.104103547930741058e+01,6.289068476932953750e+14
3.465000000000000000e+02,1.386109765345707512e+00,7.277800531334108314e+01,7.313920485152801250e+14
3.470000000000000000e+02,1.390328238625433421e+00,8.637517209458920320e+01,8.445011526806785000e+14
3.475000000000000000e+02,1.395105630037162925e+00,1.020108585302592132e+02,9.676537135805465000e+14
3.480000000000000000e+02,1.400502314363306633e+00,1.198480799926332736e+02,1.099656078452591750e+15
3.485000000000000000e+02,1.406581079476661111e+00,1.400225708721384308e+02,1.238540071237037750e+15
3.490000000000000000e+02,1.413406176449954588e+00,1.626288938694522415e+02,1.381502124953230000e+15
3.495000000000000000e+02,1.421042173652536489e+00,1.877066895441177508e+02,1.524980404862381250e+15
3.500000000000000000e+02,1.428733813029512856e+00,1.893447370506876837e+02,-1.335132918958219250e+15
3.505000000000000000e+02,1.435723577685457775e+00,1.674519534532100522e+02,-1.202211027877778500e+15
3.510000000000000000e+02,1.442069660338596071e+00,1.477767569159321965e+02,-1.078117584260076750e+15
3.515000000000000000e+02,1.447826724490759664e+00,1.301597194336164023e+02,-9.636731829079226250e+14
3.520000000000000000e+02,1.453045781668801162e+00,1.144330744065230618e+02,-8.590236608196711250e+14
3.525000000000000000e+02,1.457774241366796453e+00,1.004300478217315344e+02,-7.639081415299366250e+14
3.530000000000000000e+02,1.462056052141604834e+00,8.799030363492414608e+01,-6.778413496686466250e+14
3.535000000000000000e+02,1.465931881679562343e+00,7.696281036765473971e+01,-6.002301740321815000e+14
3.540000000000000000e+02,1.469439305588948974e+00,6.720709754041104134e+01,-5.304437203614517500e+14
3.545000000000000000e+02,1.472612989739893852e+00,5.859356827225515474e+01,-4.678526475781696250e+14
3.550000000000000000e+02,1.475484860461389269e+00,5.100329713617792038e+01,-4.118494897137040625e+14
3.555000000000000000e+02,1.478084262258331227e+00,4.432757229382198005e+01,-3.618579716548044375e+14
3.560000000000000000e+02,1.480438105229242129e+00,3.846732779264127799e+01,-3.173364234226208125e+14
3.565000000000000000e+02,1.482571005089234228e+00,3.333254172907457047e+01,-2.777783219764023438e+14
3.570000000000000000e+02,1.484505418408249344e+00,2.884163555870050644e+01,-2.427116164761901875e+14
3.575000000000000000e+02,1.486261774908127276e+00,2.492088853701961071e+01,-2.116976494009674688e+14
3.580000000000000000e+02,1.487858607787699849e+00,2.150387137804550619e+01,-1.843300081124700000e+14
3.585000000000000000e+02,1.489312682283905787e+00,1.853089954635821712e+01,-1.602333977997317812e+14
3.590000000000000000e+02,1.490639122137114470e+00,1.594850593395094940e+01,-1.390625218632416250e+14
3.595000000000000000e+02,1.491851533330782242e+00,1.370893317156808600e+01,-1.205009259198735625e+14
3.600000000000000000e+02,1.492962124377984257e+00,1.176964653286274221e+01,-1.042597671180762969e+14
3.605000000000000000e+02,1.493981822456573960e+00,1.009286889386826225e+01,-9.007648864168864062e+13
3.610000000000000000e+02,1.494920384775232369e+00,8.645139392301381065e+00,-7.771339842775885938e+13
3.615000000000000000e+02,1.495786504631704039e+00,7.396897318434134228e+00,-6.695616614410210156e+13
3.620000000000000000e+02,1.496587911685216987e+00,6.322092445016155970e+00,-5.761226196163884375e+13
3.625000000000000000e+02,1.497331466023281044e+00,5.397822559790652619e+00,-4.950936503831612500e+13
3.630000000000000000e+02,1.498023245691162408e+00,4.603998478717103104e+00,-4.249377005852396094e+13
3.635000000000000000e+02,1.498668627495998829e+00,3.923036348306278676e+00,-3.642881792254584375e+13
3.640000000000000000e+02,1.499272361097148787e+00,3.339576627944365939e+00,-3.119337288253250000e+13
3.645000000000000000e+02,1.499838636618103349e+00,2.840228796957523283e+00,-2.668036394397728125e+13
3.650000000000000000e+02,1.500371146208783202e+00,2.413340562926911126e+00,-2.279540380251786328e+13
3.655000000000000000e+02,1.500873140095013936e+00,2.048790155372136823e+00,-1.945549434422465234e+13
3.660000000000000000e+02,1.501347477643511619e+00,1.737800165274426822e+00,-1.658782401168901562e+13
3.665000000000000000e+02,1.501796673855477549e+00,1.472771326357945387e+00,-1.412865921519424609e+13
3.670000000000000000e+02,1.502222941530778844e+00,1.247134618112927473e+00,-1.202232945650024219e+13
3.675000000000000000e+02,1.502628229191471210e+00,1.055220093006810522e+00,-1.022030389433666016e+13
3.680000000000000000e+02,1.503014254785723036e+00,8.921408818423617326e-01,-8.680355652244597656e+12
3.685000000000000000e+02,1.503382535243600993e+00,7.536909036100754022e-01,-7.365809178423240234e+12
3.690000000000000000e+02,1.503734412106779272e+00,6.362548925567543812e-01,-6.244865337221290039e+12
3.695000000000000000e+02,1.504071073642183398e+00,5.367294499455669277e-01,-5.289998570845890625e+12
3.700000000000000000e+02,1.504393573992379274e+00,4.524539266944831439e-01,-4.477420352173601562e+12
3.705000000000000000e+02,1.504702849946261800e+00,3.811500423850212038e-01,-3.786603198461247070e+12
3.710000000000000000e+02,1.504999735811297867e+00,3.208692435627820139e-01,-3.199859684206148926e+12
3.715000000000000000e+02,1.505284976669819974e+00,2.699468980668722762e-01,-2.701971141802862305e+12
3.720000000000000000e+02,1.505559240087386286e+00,2.269625111582344312e-01,-2.279861042554664062e+12
3.725000000000000000e+02,1.505823126202383566e+00,1.907052327315179874e-01,-1.922308386250898682e+12
3.730000000000000000e+02,1.506077176123951089e+00,1.601440024815907470e-01,-1.619696778932768555e+12
3.735000000000000000e+02,1.506321878701363692e+00,1.344017513835057132e-01,-1.363795233895783691e+12
3.740000000000000000e+02,1.506557675939085295e+00,1.127331432429617836e-01,-1.147567081315009521e+12
3.745000000000000000e+02,1.506784967514386508e+00,9.450539952828353185e-02,-9.650037104707098389e+11
3.750000000000000000e+02,1.507004114909053172e+00,7.918180444919566130e-02,-8.109801905517788086e+11
3.755000000000000000e+02,1.507215445543919063e+00,6.630753561642760419e-02,-6.811301181860749512e+11
3.760000000000000000e+02,1.507419257032527327e+00,5.549750895714992277e-02,-5.717373203891712646e+11
3.765000000000000000e+02,1.507615821348598173e+00,4.642596525334117402e-02,-4.796422998784541016e+11
3.770000000000000000e+02,1.507805388465527585e+00,3.881756009540956315e-02,-4.021615459686224365e+11
3.775000000000000000e+02,1.507988188986749689e+00,3.243974957478244076e-02,-3.370180492859824219e+11
3.780000000000000000e+02,1.508164435480413346e+00,2.709629103410002293e-02,-2.822815533891083984e+11
3.785000000000000000e+02,1.508334322598814392e+00,2.262170199030771184e-02,-2.363172522078734131e+11
3.790000000000000000e+02,1.508498026459857311e+00,1.887654126273711347e-02,-1.977418001605983887e+11
3.795000000000000000e+02,1.508655704025704036e+00,1.574339467383494354e-02,-1.653856430219450378e+11
3.800000000000000000e+02,1.508807493209155304e+00,1.312346372325100610e-02,-1.382608032599403687e+11
3.805000000000000000e+02,1.508953514150553676e+00,1.093366962451593899e-02,-1.155333648732874451e+11
3.810000000000000000e+02,1.509093871637432027e+00,9.104197273926278866e-03,-9.650000100748275757e+10
3.815000000000000000e+02,1.509228658173444426e+00,7.576414307780443558e-03,-8.056797410719888306e+10
3.820000000000000000e+02,1.509357956942748213e+00,6.301109589003268084e-03,-6.723811433070407104e+10
3.825000000000000000e+02,1.509481843987006799e+00,5.237003418655201276e-03,-5.609034858958818054e+10
3.830000000000000000e+02,1.509600389303767276e+00,4.349488643780478024e-03,-4.677141093629257965e+10
3.835000000000000000e+02,1.509713657131551923e+00,3.609567765344978522e-03,-3.898441603183203125e+10
3.840000000000000000e+02,1.509821706163125610e+00,2.992956258441068201e-03,-3.248002190160282135e+10
3.845000000000000000e+02,1.509924590588995752e+00,2.479326708036176143e-03,-2.704894684890822601e+10
3.850000000000000000e+02,1.510022362600023982e+00,2.051672131981352107e-03,-2.251563889954095078e+10
3.855000000000000000e+02,1.510115076336008277e+00,1.695770092532337785e-03,-1.873292510520201874e+10
3.860000000000000000e+02,1.510202792498063218e+00,1.399731961903022490e-03,-1.557749300314125252e+10
3.865000000000000000e+02,1.510285582280375793e+00,1.153624070654388385e-03,-1.294607803330937195e+10
3.870000000000000000e+02,1.510363529211935285e+00,9.491494857992148091e-04,-1.075224921932259560e+10
3.875000000000000000e+02,1.510436728045166932e+00,7.793808865977421441e-04,-8.923701334370954514e+09
3.880000000000000000e+02,1.510505280849344434e+00,6.385364718080354437e-04,-7.399975448032127380e+09
3.885000000000000000e+02,1.510569291599041630e+00,5.217920787281612321e-04,-6.130541481865740776e+09
3.890000000000000000e+02,1.510628861325529204e+00,4.251237530620670933e-04,-5.073186444622989655e+09
3.895000000000000000e+02,1.510684085936228715e+00,3.451759067014875193e-04,-4.192660592250056744e+09
3.900000000000000000e+02,1.510735057972891315e+00,2.791509615918958266e-04,-3.459541059864349365e+09
3.905000000000000000e+02,1.510781872087497257e+00,2.247170223727614500e-04,-2.849278719271566391e+09
3.910000000000000000e+02,1.510824632386688071e+00,1.799306659788941771e-04,-2.341399286147153378e+09
3.915000000000000000e+02,1.510863458687893290e+00,1.431723977872803057e-04,-1.918834177399779797e+09
3.920000000000000000e+02,1.510898488688583452e+00,1.130927138384860641e-04,-1.567360424140357494e+09
3.925000000000000000e+02,1.510929874271994766e+00,8.856703784859878807e-05,-1.275132182517995358e+09
3.930000000000000000e+02,1.510957772378900055e+00,6.865807922799424740e-05,-1.032289138250893593e+09
3.935000000000000000e+02,1.510982333350523676e+00,5.258439187531961212e-05,-8.306294406520766020e+08
3.940000000000000000e+02,1.511003691457267095e+00,3.969410976371239784e-05,-6.633367853998376131e+08
3.945000000000000000e+02,1.511021962643293914e+00,2.944300000769512745e-05,-5.247529416085926294e+08
3.950000000000000000e+02,1.511037252944346543e+00,2.137611211953853742e-05,-4.101884312726985216e+08
3.955000000000000000e+02,1.511049677820133663e+00,1.511241774226487622e-05,-3.157652576331344843e+08
3.960000000000000000e+02,1.511059388660133340e+00,1.033193183533603543e-05,-2.382865798078664541e+08
3.965000000000000000e+02,1.511066599245222797e+00,6.764887046247137149e-06,-1.751290766977956295e+08
3.970000000000000000e+02,1.511071603243493877e+00,4.182600259807577065e-06,-1.241544619803055823e+08
3.975000000000000000e+02,1.511074774708349944e+00,2.389726064856921066e-06,-8.363722726475852728e+07
3.980000000000000000e+02,1.511076547083006316e+00,1.217637742500583030e-06,-5.220622072102710605e+07
3.985000000000000000e+02,1.511077371594354846e+00,5.187137051145572461e-07,-2.879812793402158096e+07
3.990000000000000000e+02,1.511077661676230699e+00,1.613372278213803297e-07,-1.262132141849884205e+07
3.995000000000000000e+02,1.511077734500199998e+00,2.544076662371291336e-08,-3.128894248734181747e+06
