0.000000000000000000e+00,1.516921154074609923e+00,1.383645162101282383e-09,-2.800102036479224599e-17
2.000000000000000475e-03,1.516920481147055799e+00,1.383645162101282383e-09,-9.528095208746949698e-17
4.000000000000000951e-03,1.516914198127274016e+00,1.383645162101282383e-09,-1.301866331638604874e-16
6.000000000000000992e-03,1.516896040625959730e+00,1.383645162101282383e-09,-1.396179478592267099e-16
8.000000000000001901e-03,1.516863909692063528e+00,1.383645162101282383e-09,-1.906610337255722684e-16
1.000000000000000194e-02,1.516817966303833920e+00,1.383645162101282383e-09,-1.791251790783886882e-16
1.200000000000000198e-02,1.516757473047685822e+00,1.383645162101282383e-09,-2.061715150495413068e-16
1.400000000000000376e-02,1.516681771743985330e+00,1.383645162101282383e-09,-1.709650057284025388e-16
1.600000000000000380e-02,1.516591285900477759e+00,1.383645162101282383e-09,-9.530738003947992990e-17
1.800000000000000211e-02,1.516486173216111011e+00,1.383645162101282383e-09,-1.144229008618862168e-16
2.000000000000000389e-02,1.516365975620872053e+00,1.383645162101282383e-09,-1.585610358297754156e-16
2.200000000000000566e-02,1.516230661723709128e+00,1.383645162101282383e-09,-1.344665531913508425e-16
2.400000000000000397e-02,1.516080429247494754e+00,1.383645162101282383e-09,-1.336501356294295897e-16
2.600000000000000575e-02,1.515915008353367233e+00,1.383645162101282383e-09,-1.056834988047297123e-16
2.800000000000000752e-02,1.515734140456570733e+00,1.383645162101282383e-09,-1.080448890126231685e-16
3.000000000000000583e-02,1.515537897546318291e+00,1.383645162101282383e-09,-1.131487387551577500e-16
3.200000000000000761e-02,1.515326161429205287e+00,1.383645162101282383e-09,-1.517200778753333765e-16
3.400000000000000938e-02,1.515098698503289265e+00,1.383645162101282383e-09,-1.891760688139663319e-16
3.600000000000000422e-02,1.514855592746869428e+00,1.383645162101282383e-09,-1.494061110282186404e-16
3.800000000000001293e-02,1.514596853225488093e+00,1.383645162101282383e-09,-2.003435437698406114e-16
4.000000000000000777e-02,1.514322129543754336e+00,1.383645162101282383e-09,-2.700950601525140710e-16
4.200000000000000955e-02,1.514031253232392293e+00,1.383645162101282383e-09,-2.369766758295089496e-16
4.400000000000001132e-02,1.513724309473410967e+00,1.383645162101282383e-09,-3.070494114427307861e-16
4.600000000000001310e-02,1.513401094428348026e+00,1.383645162101282383e-09,-2.390860286969096423e-16
4.800000000000000794e-02,1.513061275872784384e+00,1.383645162101282383e-09,-2.598883642063151287e-16
5.000000000000001665e-02,1.512704839625657049e+00,1.383645162101282383e-09,-2.409152928524010653e-16
5.200000000000001149e-02,1.512331751802732605e+00,1.383645162101282383e-09,-2.395852060270326455e-16
5.400000000000000633e-02,1.511941675803951224e+00,1.383645162101282383e-09,-3.288155720357332642e-16
5.600000000000001504e-02,1.511534383678875493e+00,1.383645162101282383e-09,-3.385429337873224285e-16
5.800000000000000988e-02,1.511109826566651382e+00,1.383645162101282383e-09,-2.105853983848023180e-16
6.000000000000001166e-02,1.510667743801583196e+00,1.383645162101282383e-09,-1.486593922433951287e-16
6.200000000000001343e-02,1.510207810163660236e+00,1.383645162101282383e-09,-2.649574494058453350e-16
6.400000000000001521e-02,1.509729942661392155e+00,1.383645162101282383e-09,-3.073679645273251702e-16
6.600000000000001699e-02,1.509233980438650091e+00,1.383645162101282383e-09,-2.758628120902549926e-16
6.800000000000001876e-02,1.508719476026790351e+00,1.383645162101282383e-09,-3.701726165856993443e-16
7.000000000000002054e-02,1.508186067865940672e+00,1.383645162101282383e-09,-3.870949926442361495e-16
7.200000000000000844e-02,1.507633569691388065e+00,1.383645162101282383e-09,-4.412337126257285476e-16
7.400000000000002409e-02,1.507061669772944645e+00,1.383645162101282383e-09,-3.991611165114546921e-16
7.600000000000002587e-02,1.506469982279163178e+00,1.383645162101282383e-09,-2.797153687287073455e-16
7.800000000000001377e-02,1.505858202508329136e+00,1.383645162101282383e-09,-1.904162120901394403e-16
8.000000000000001554e-02,1.505225923988421588e+00,1.383645162101282383e-09,-2.070695403301763901e-16
8.200000000000001732e-02,1.504572639833037906e+00,1.383645162101282383e-09,-1.631669487834854730e-16
8.400000000000001910e-02,1.503897995449914760e+00,1.383645162101282383e-09,-1.848671411540020190e-16
8.600000000000002087e-02,1.503201643165314794e+00,1.383645162101282383e-09,-5.504981099295311704e-16
8.800000000000002265e-02,1.502482975849929625e+00,1.383645162101282383e-09,-1.825814208369618975e-15
9.000000000000001055e-02,1.501741333303122428e+00,1.383645162101282383e-09,-9.873630365351716988e-15
9.200000000000002620e-02,1.500976178407766870e+00,1.383645162101282383e-09,-5.300746485544057804e-14
9.400000000000002798e-02,1.500186894834493856e+00,1.383645162101282383e-09,-2.795087930061727762e-13
9.600000000000001588e-02,1.499372791143449124e+00,1.383645162101282383e-09,-1.459937839496589332e-12
9.800000000000001765e-02,1.498533280982391247e+00,1.383645162101282383e-09,-7.536207691973913914e-12
1.000000000000000333e-01,1.497667691644451793e+00,1.383645162101279695e-09,-3.855576482014014674e-11
1.020000000000000212e-01,1.496775106386551757e+00,1.383645162101265839e-09,-1.962332273322077659e-10
1.040000000000000230e-01,1.495854636638970225e+00,1.383645162101196150e-09,-9.911401569751637038e-10
1.060000000000000248e-01,1.494905474868970519e+00,1.383645162100848940e-09,-4.971494039915923676e-09
1.080000000000000127e-01,1.493926609793314153e+00,1.383645162099116411e-09,-2.474280812275406310e-08
1.100000000000000283e-01,1.492916926042055614e+00,1.383645162090535653e-09,-1.221525807748697177e-07
1.120000000000000301e-01,1.491875445635123532e+00,1.383645162048393282e-09,-5.980351805202610422e-07
1.140000000000000180e-01,1.490801062778263519e+00,1.383645161843187556e-09,-2.902622398243861736e-06
1.160000000000000198e-01,1.489692341685890487e+00,1.383645160852777946e-09,-1.396235471362615034e-05
1.180000000000000354e-01,1.488547821017447204e+00,1.383645156116304949e-09,-6.654012938181165732e-05
1.200000000000000233e-01,1.487366070688306952e+00,1.383645133679525487e-09,-3.140601363194831116e-04
1.220000000000000112e-01,1.486145388195505790e+00,1.383645028441429869e-09,-1.467523573077825737e-03
1.240000000000000269e-01,1.484883907801848535e+00,1.383644539872675346e-09,-6.786243759505558235e-03
1.260000000000000286e-01,1.483579845412358100e+00,1.383642295773835092e-09,-3.104310351672241730e-02
1.280000000000000304e-01,1.482231221122562337e+00,1.383632101997725919e-09,-1.404109313516525015e-01
1.300000000000000322e-01,1.480835643908606114e+00,1.383586329218084122e-09,-6.276739817188532466e-01
1.320000000000000340e-01,1.479390564089477333e+00,1.383383258017919410e-09,-2.771716683494344302e+00
1.340000000000000357e-01,1.477893290181946595e+00,1.382493577642587236e-09,-1.208410810934746848e+01
1.360000000000000375e-01,1.476340762670783624e+00,1.378646554262112137e-09,-5.198583870616711522e+01
1.380000000000000115e-01,1.474729709620818952e+00,1.362238228377137003e-09,-2.205443526337894298e+02
1.400000000000000411e-01,1.473056687855661018e+00,1.293249687114447352e-09,-9.220688866940288335e+02
1.420000000000000429e-01,1.471317577338316251e+00,1.007512447638982641e-09,-3.796485838519651679e+03
1.440000000000000169e-01,1.469507504610843895e+00,-1.574563406072749039e-10,-1.538226904273609762e+04
1.460000000000000464e-01,1.467621423310493611e+00,-4.829125327884559545e-09,-6.128005413088286878e+04
1.480000000000000482e-01,1.465654097123041621e+00,-2.323947313995652351e-08,-2.398201610712308320e+05
1.500000000000000222e-01,1.463599383738401594e+00,-9.447097330433991140e-08,-9.210691537318857154e+05
1.520000000000000517e-01,1.461449936523431692e+00,-3.647746088028246994e-07,-3.467925362615019083e+06
1.540000000000000258e-01,1.459197323587768436e+00,-1.369634577953996211e-06,-1.278498881711580232e+07
1.560000000000000275e-01,1.456832061203131357e+00,-5.024604979541855966e-06,-4.609024473250740021e+07
1.580000000000000571e-01,1.454343713186663667e+00,-1.801359975282179957e-05,-1.622386382975946963e+08
1.600000000000000311e-01,1.451720523100263671e+00,-6.304315486467890065e-05,-5.566962056130374670e+08
1.620000000000000329e-01,1.448948058220538515e+00,-2.150573660497777536e-04,-1.858631502129462957e+09
1.640000000000000346e-01,1.446008490812729752e+00,-7.137917676694632320e-04,-6.025072258517599106e+09
1.660000000000000364e-01,1.442881484003617709e+00,-2.300380478828291560e-03,-1.891790658962493134e+10
1.680000000000000382e-01,1.439543976877486031e+00,-7.181635990133524231e-03,-5.737349145756596375e+10
1.700000000000000400e-01,1.435967093538133676e+00,-2.166117076639731409e-02,-1.675199815813089294e+11
1.720000000000000417e-01,1.432113305097770795e+00,-6.292765457222530834e-02,-4.691192129882169189e+11
1.740000000000000435e-01,1.427936238522547141e+00,-1.754514332597649773e-01,-1.254268121299827393e+12
1.760000000000000453e-01,1.423379416039137535e+00,-4.675466150796130926e-01,-3.184341395978679688e+12
1.780000000000000471e-01,1.418369408950062249e+00,-1.185050963596470996e+00,-7.626175412934420898e+12
1.800000000000000211e-01,1.412806027823606536e+00,-2.840755192527812500e+00,-1.709111505036641016e+13
1.820000000000000506e-01,1.406556372731712745e+00,-6.398438876745923487e+00,-3.549664314258959375e+13
1.840000000000000524e-01,1.399450578623584907e+00,-1.344231255457071050e+01,-6.754434419605717188e+13
1.860000000000000264e-01,1.391267077880630421e+00,-2.614315231828576458e+01,-1.163420546605820312e+14
1.880000000000000560e-01,1.381716036846873719e+00,-4.678454161433121783e+01,-1.798995819753248125e+14
1.900000000000000300e-01,1.370466546947009423e+00,-7.699298031295008116e+01,-2.517883390141541875e+14
1.920000000000000318e-01,1.357216486553937340e+00,-1.178907161384292408e+02,-3.347171746949785000e+14
1.940000000000000613e-01,1.341661658172382587e+00,-1.727934303883598091e+02,-4.582139812149531875e+14
1.960000000000000353e-01,1.323276189124299229e+00,-2.494283346175058682e+02,-6.401513084260296250e+14
1.980000000000000371e-01,1.301315089004033254e+00,-3.493381654100813307e+02,-7.499645432654042500e+14
2.000000000000000666e-01,1.395305448414088101e+00,-5.351518681819936774e+02,6.768911354694058750e+14
2.020000000000000406e-01,1.365032648991715503e+00,-3.980539436904500121e+02,8.487915287409010000e+14
2.040000000000000424e-01,1.340047101309035149e+00,-2.570539285547533837e+02,7.562102176419836250e+14
2.060000000000000442e-01,1.320112357138742532e+00,-1.433824063870769407e+02,5.551602717331212500e+14
2.080000000000000460e-01,1.304402867990758219e+00,-6.370485542072672303e+01,3.810552240339243750e+14
2.100000000000000477e-01,1.292108464128670198e+00,-7.382562580928566653e+00,2.798589206884061875e+14
2.120000000000000495e-01,1.282660592137770728e+00,3.337597203715437644e+01,1.897417829351751875e+14
2.140000000000000513e-01,1.275566241515212029e+00,5.785254265542486252e+01,9.803953881228845312e+13
2.160000000000000253e-01,1.270332395493117827e+00,6.985421764526233801e+01,4.837847558445593750e+13
2.180000000000000548e-01,1.266582759338026554e+00,7.552005000856193817e+01,1.568846882393812891e+13
2.200000000000000566e-01,1.264021239281631237e+00,7.468159199632911793e+01,-2.416370478984195312e+13
2.220000000000000306e-01,1.262359169006526338e+00,6.875498045476329878e+01,-3.935160192349496094e+13
2.240000000000000602e-01,1.261383893697234360e+00,6.177441801865457194e+01,-4.323963933784642969e+13
2.260000000000000620e-01,1.260937077823854890e+00,5.308874786183105243e+01,-5.737789322984661719e+13
2.280000000000000360e-01,1.260857950382706871e+00,4.297757523732504126e+01,-5.610814404415303125e+13
2.300000000000000655e-01,1.261038965320290028e+00,3.413591755709527575e+01,-4.817870572189415625e+13
2.320000000000000395e-01,1.261406213822546807e+00,2.555404621721301339e+01,-5.178401815298753906e+13
2.340000000000000413e-01,1.261874201814376928e+00,1.695845155654258107e+01,-4.498880898217228906e+13
2.360000000000000708e-01,1.262396280427600992e+00,1.030817589758152231e+01,-3.384354333083783984e+13
2.380000000000000449e-01,1.262946029642092904e+00,4.487384392499500940e+00,-3.441772260101524219e+13
2.400000000000000466e-01,1.263479653341774478e+00,-1.061998039537542793e+00,-2.751002681996529688e+13
2.420000000000000207e-01,1.263982563229023803e+00,-4.753287559521122141e+00,-1.680982689725092188e+13
2.440000000000000224e-01,1.264452807820938718e+00,-7.618244502741187141e+00,-1.740086562832689062e+13
2.460000000000000797e-01,1.264868166599509181e+00,-1.038320362081532267e+01,-1.252548103170336719e+13
2.480000000000000537e-01,1.265228932889602476e+00,-1.166008664172611375e+01,-3.498987428014923340e+12
2.500000000000000555e-01,1.265544448230913499e+00,-1.228900640285381130e+01,-4.946200227232827148e+12
2.520000000000000573e-01,1.265802703367745252e+00,-1.309830139149929984e+01,-2.509933982184936523e+12
2.540000000000000591e-01,1.266009377769134359e+00,-1.283084904907436652e+01,4.717202091357968750e+12
2.560000000000000608e-01,1.266178351517592171e+00,-1.210331321353810985e+01,2.452984172603504883e+12
2.580000000000000626e-01,1.266302161695250117e+00,-1.180436666582802197e+01,2.774264267471051270e+12
2.600000000000000644e-01,1.266387000340200908e+00,-1.077673211266795050e+01,8.562868374789107422e+12
2.620000000000000662e-01,1.266447667904312180e+00,-9.416899358380453222e+00,5.851379727713497070e+12
2.640000000000000679e-01,1.266478266241610084e+00,-8.658271306545916701e+00,4.548071396122869141e+12
2.660000000000000142e-01,1.266483162016247555e+00,-7.438375247893149300e+00,9.320863636923402344e+12
2.680000000000000715e-01,1.266476533082399270e+00,-5.941897554964685746e+00,6.616960969296321289e+12
2.700000000000000733e-01,1.266453076514035603e+00,-5.132709304600371780e+00,4.193769271860668457e+12
2.720000000000000751e-01,1.266414730312884762e+00,-4.059436294894993580e+00,8.249023505925070312e+12
2.740000000000000768e-01,1.266374477620456629e+00,-2.716264242552315800e+00,5.890391069154685547e+12
2.760000000000000231e-01,1.266327237870580547e+00,-2.072377663194830077e+00,2.817976461275283691e+12
2.780000000000000249e-01,1.266272449429371560e+00,-1.298128301075937241e+00,6.384233349987417969e+12
2.800000000000000822e-01,1.266221781430358240e+00,-2.334051321381607758e-01,4.533944111090364258e+12
2.820000000000000839e-01,1.266170517706236121e+00,1.635698014145410550e-01,1.131619414187868164e+12
2.840000000000000857e-01,1.266116030639554468e+00,6.039281463534248440e-01,4.387905596538399414e+12
2.860000000000000320e-01,1.266068815113997381e+00,1.374370805828556863e+00,3.138371240213476562e+12
2.880000000000000338e-01,1.266024688360364303e+00,1.532728955152456107e+00,-4.187234186901333008e+11
2.900000000000000355e-01,1.265979333582564204e+00,1.670785734152778090e+00,2.596956956203368652e+12
2.920000000000000928e-01,1.265942181307536440e+00,2.184947436423853251e+00,1.996374268600062988e+12
2.940000000000000946e-01,1.265909821500476706e+00,2.159954327116092809e+00,-1.586384237300227539e+12
2.960000000000000964e-01,1.265876778483416176e+00,2.063366732549964500e+00,1.177760704359185547e+12
2.980000000000000426e-01,1.265851582310913104e+00,2.380198379440426226e+00,1.188669855257896973e+12
3.000000000000000444e-01,1.265831648702392842e+00,2.237325115154681576e+00,-2.322155537390249023e+12
3.020000000000000462e-01,1.265810654393900281e+00,1.982908020172716279e+00,1.854617546810391235e+11
3.040000000000001035e-01,1.265796390580068209e+00,2.167942617040066189e+00,7.246599205664584961e+11
3.060000000000001052e-01,1.265787234388111138e+00,1.967708099155199175e+00,-2.687100190984722656e+12
3.080000000000000515e-01,1.265776291540926080e+00,1.620509311414617626e+00,-4.425810621329941406e+11
3.100000000000000533e-01,1.265770657400764998e+00,1.731033727990275439e+00,5.666027004220913086e+11
3.120000000000000551e-01,1.265769689605289239e+00,1.525932277485880340e+00,-2.744850947195306641e+12
3.140000000000000568e-01,1.265766135776055235e+00,1.136310740807493280e+00,-8.086521952744697266e+11
3.160000000000001141e-01,1.265766435099904053e+00,1.211597019958852384e+00,6.154318376522404785e+11
3.180000000000000604e-01,1.265770930190991184e+00,1.039362755786835457e+00,-2.567788420402591309e+12
3.200000000000000622e-01,1.265772177638781582e+00,6.459206782726788498e-01,-9.834358204480541992e+11
3.220000000000000639e-01,1.265775955404060626e+00,7.107490024496876391e-01,7.728062511359060059e+11
3.240000000000000657e-01,1.265783528940550351e+00,5.912893744130396367e-01,-2.255598784505219238e+12
3.260000000000000675e-01,1.265787371444045295e+00,2.184626816194883137e-01,-1.029896021370780029e+12
3.280000000000000693e-01,1.265792617132120990e+00,2.883004310071856646e-01,9.849582786742583008e+11
3.300000000000000711e-01,1.265801434250404700e+00,2.301142390836993790e-01,-1.887135280830818848e+12
3.320000000000000728e-01,1.265806270370784636e+00,-1.116419900965893580e-01,-1.023457109585661377e+12
3.340000000000000746e-01,1.265811533643787623e+00,-3.163123959746443059e-02,1.208124543184578613e+12
3.360000000000000764e-01,1.265820259960858785e+00,-2.618738583848358864e-02,-1.495567830899394043e+12
3.380000000000000782e-01,1.265825012403441807e+00,-3.332384354274907090e-01,-1.011502076236297607e+12
3.400000000000000799e-01,1.265829418951511354e+00,-2.468005295530956433e-01,1.390840871732699219e+12
3.420000000000000817e-01,1.265837251759508675e+00,-1.825177882565531262e-01,-1.108913244418778320e+12
3.440000000000000835e-01,1.265841269858049012e+00,-4.539387931051254155e-01,-1.002094583073614014e+12
3.460000000000000853e-01,1.265844338495128563e+00,-3.670603436290131305e-01,1.510565427536187744e+12
3.480000000000000870e-01,1.265850896023565042e+00,-2.541284238166430787e-01,-7.617695685938281250e+11
3.500000000000000333e-01,1.265853927780102861e+00,-4.932245644766052872e-01,-1.005494303764802246e+12
3.520000000000000906e-01,1.265855489621764196e+00,-4.116348008912491530e-01,1.574768495416377197e+12
3.540000000000000924e-01,1.265860641078824900e+00,-2.600059119282294162e-01,-4.619539675417724609e+11
3.560000000000000941e-01,1.265862694825002466e+00,-4.725584509415198808e-01,-1.038111972331157715e+12
3.580000000000000959e-01,1.265862847300004201e+00,-4.036763883478893256e-01,1.582564695289238281e+12
3.600000000000000422e-01,1.265866660327508830e+00,-2.220699679086689249e-01,-1.968481048541967773e+11
3.620000000000000440e-01,1.265867874671223081e+00,-4.118762166981449480e-01,-1.092566714206070801e+12
3.640000000000001013e-01,1.265866860492935064e+00,-3.630461937292112640e-01,1.528353900452929443e+12
3.660000000000001030e-01,1.265869569141530038e+00,-1.610635103936515766e-01,3.331173546932421875e+10
3.680000000000001048e-01,1.265870190426869435e+00,-3.301954891436623130e-01,-1.149418501422825195e+12
3.700000000000000511e-01,1.265868293284742263e+00,-3.052438749212647018e-01,1.427919333046593506e+12
3.720000000000000528e-01,1.265870182280824041e+00,-9.154967513267671386e-02,2.251237175258173828e+11
3.740000000000000546e-01,1.265870531979350400e+00,-2.425317261754430520e-01,-1.205278197055749512e+12
3.760000000000001119e-01,1.265868054189916325e+00,-2.430044955827923292e-01,1.302039572098077148e+12
3.780000000000001137e-01,1.265869339675933514e+00,-2.289408558775800004e-02,3.928727702385795898e+11
3.800000000000000600e-01,1.265869668217769917e+00,-1.571082570108637277e-01,-1.259569260678020996e+12
3.820000000000000617e-01,1.265866875800571778e+00,-1.845307223395664387e-01,1.152937980179751709e+12
3.840000000000000635e-01,1.265867680050728472e+00,3.790014836571187207e-02,5.481454769482158203e+11
3.860000000000000653e-01,1.265868056789658080e+00,-7.859989410950302124e-02,-1.299282763149527344e+12
3.880000000000001226e-01,1.265865061055619245e+00,-1.332246323482641215e-01,9.807423278334066162e+11
3.900000000000000688e-01,1.265865432067711849e+00,8.647899857451783745e-02,6.830739527474672852e+11
3.920000000000000706e-01,1.265865860594056924e+00,-1.177157052245500490e-02,-1.318985044206824219e+12
3.940000000000000724e-01,1.265862694991775061e+00,-9.197967120354308412e-02,7.975076984525891113e+11
3.960000000000000742e-01,1.265862672997626337e+00,1.208153265878903898e-01,7.940850779101333008e+11
3.980000000000000759e-01,1.265863262853496707e+00,3.998931282523739139e-02,-1.326379051842614746e+12
4.000000000000001332e-01,1.265860114528586822e+00,-6.425895320444278969e-02,6.108546137242106934e+11
4.020000000000000795e-01,1.265859862548338821e+00,1.394800403067971983e-01,8.938956724590578613e+11
4.040000000000000813e-01,1.265860817266662108e+00,7.679915163295907010e-02,-1.316942316622123047e+12
4.060000000000000830e-01,1.265857945547342434e+00,-4.968845044847877701e-02,4.207265348030659180e+11
4.080000000000000848e-01,1.265857608795365685e+00,1.431373845653690358e-01,9.873823070107668457e+11
4.100000000000000866e-01,1.265858992273565242e+00,1.009223294693196160e-01,-1.277857858629217773e+12
4.120000000000000884e-01,1.265856460735841349e+00,-4.403849484334580733e-02,2.338545403888947754e+11
4.140000000000000902e-01,1.265855971456141038e+00,1.357560609458422496e-01,1.065731895361360840e+12
4.160000000000000919e-01,1.265857629059985445e+00,1.147308659951254833e-01,-1.214721500668124023e+12
4.180000000000000937e-01,1.265855366653422021e+00,-4.466424574439894352e-02,5.737868089226904297e+10
4.200000000000000955e-01,1.265854680612643612e+00,1.209057600650585013e-01,1.129093035063366211e+12
4.220000000000000417e-01,1.265856583743883546e+00,1.206949076896939171e-01,-1.138099396026225586e+12
4.240000000000000990e-01,1.265854656530829958e+00,-5.047378213501876182e-02,-1.115390950800012207e+11
4.260000000000001008e-01,1.265853840776817174e+00,1.002210367209866587e-01,1.185102024584417969e+12
4.280000000000001026e-01,1.265856027681377283e+00,1.218010444030817319e-01,-1.041923806547106934e+12
4.300000000000001044e-01,1.265854485259240381e+00,-5.817470272699784561e-02,-2.757740755576943359e+11
4.320000000000000506e-01,1.265853474366169795e+00,7.598451301980137240e-02,1.226950044335102539e+12
4.340000000000000524e-01,1.265855788605322108e+00,1.198118364022727894e-01,-9.239242014899912109e+11
4.360000000000001097e-01,1.265854558601424262e+00,-6.499800054814629247e-02,-4.290768530164038086e+11
4.380000000000001115e-01,1.265853302088260746e+00,5.094563071276297234e-02,1.246638933487074951e+12
4.400000000000001132e-01,1.265855689316498722e+00,1.153810620910970530e-01,-7.959703739163569336e+11
4.420000000000000595e-01,1.265854835795215072e+00,-7.095738578693228105e-02,-5.662139850066298828e+11
4.440000000000000613e-01,1.265853400567041209e+00,2.675719445480601380e-02,1.253935453494053955e+12
4.460000000000000631e-01,1.265855825136859680e+00,1.107409937609436512e-01,-6.617993616562700195e+11
4.480000000000001203e-01,1.265855324202045606e+00,-7.508018374978407683e-02,-6.950942866172690430e+11
4.500000000000001221e-01,1.265853656640587577e+00,3.708353266690402137e-03,1.249673560315608154e+12
4.520000000000001239e-01,1.265855993794150036e+00,1.069369917596191266e-01,-5.152440508836645508e+11
4.540000000000000702e-01,1.265855811734669878e+00,-7.573083575895571407e-02,-8.170849378131586914e+11
4.560000000000000719e-01,1.265853946545969277e+00,-1.781861833880868384e-02,1.222322857800388916e+12
4.580000000000000737e-01,1.265856197873473699e+00,1.028169876044758846e-01,-3.588195859521489258e+11
4.600000000000001310e-01,1.265856379631145723e+00,-7.294682733456887835e-02,-9.190080784215151367e+11
4.620000000000001328e-01,1.265854340023585323e+00,-3.604693066277927377e-02,1.175104347893811035e+12
4.640000000000000790e-01,1.265856413802844527e+00,9.902717242300312916e-02,-2.059661037961005859e+11
4.660000000000000808e-01,1.265856899440325645e+00,-6.789586789831626723e-02,-1.004294968409141602e+12
4.680000000000000826e-01,1.265854676759516906e+00,-5.128715366328597675e-02,1.118485676041446045e+12
4.700000000000000844e-01,1.265856540808368402e+00,9.658452646545229170e-02,-5.494381755114941406e+10
4.720000000000001417e-01,1.265857382784515650e+00,-6.046616412219008030e-02,-1.083133742581100586e+12
4.740000000000000879e-01,1.265855057858291444e+00,-6.493853021546400206e-02,1.048178151193263794e+12
4.760000000000000897e-01,1.265856660905761544e+00,9.464272747307778122e-02,1.043138121634980469e+11
4.780000000000001470e-01,1.265857799984299037e+00,-4.955294372681430526e-02,-1.147118836914557129e+12
4.800000000000000933e-01,1.265855369327516078e+00,-7.606830321782848126e-02,9.532418951529694824e+11
4.820000000000001505e-01,1.265856673835196622e+00,9.162771923381222983e-02,2.593929172830200195e+11
4.840000000000000413e-01,1.265858132116821855e+00,-3.692826608019166013e-02,-1.185331642210684082e+12
4.860000000000000986e-01,1.265855669266154226e+00,-8.382184543977097557e-02,8.466103658049635010e+11
4.880000000000000449e-01,1.265856650128486693e+00,8.859000755572123131e-02,3.993204753086569824e+11
4.900000000000001021e-01,1.265858404098146872e+00,-2.406629838844975139e-02,-1.209724073076026855e+12
4.920000000000001594e-01,1.265855928389353791e+00,-8.983555114551194931e-02,7.383780384506672363e+11
4.940000000000001057e-01,1.265856522579828836e+00,8.625279365849745916e-02,5.359288494518442383e+11
4.960000000000001075e-01,1.265858557524444317e+00,-9.864302517395968223e-03,-1.228537975449551270e+12
4.980000000000000537e-01,1.265856162273611307e+00,-9.536340650128757868e-02,6.142579683284038086e+11
5.000000000000001110e-01,1.265856372588224588e+00,8.240438850731127141e-02,6.750133668617360840e+11
5.020000000000001128e-01,1.265858656884769839e+00,5.985680874638101695e-03,-1.223409084480780273e+12
5.040000000000001146e-01,1.265856361253205220e+00,-9.844936244975979744e-02,4.705206141475649414e+11
5.060000000000001164e-01,1.265856122972609965e+00,7.629967503880759339e-02,7.949735846248829346e+11
5.080000000000001181e-01,1.265858634039592090e+00,2.065497472975721255e-02,-1.191481007702314941e+12
5.100000000000001199e-01,1.265856561327965313e+00,-9.913001351623342006e-02,3.299215346786516113e+11
5.120000000000001217e-01,1.265855878820125957e+00,7.013045785544580468e-02,8.935722668622437744e+11
5.140000000000001235e-01,1.265858525800173329e+00,3.368101647813290939e-02,-1.154685377779815430e+12
5.160000000000001252e-01,1.265856706545499755e+00,-1.001167651926077040e-01,1.933486315029707031e+11
5.180000000000001270e-01,1.265855586460195026e+00,6.357317086815843232e-02,9.921160870569096680e+11
5.200000000000001288e-01,1.265858335302991744e+00,4.725665050686241042e-02,-1.110718854261662109e+12
5.220000000000000195e-01,1.265856841987344605e+00,-1.012738300153129545e-01,3.877670548401171875e+10
5.240000000000001323e-01,1.265855285718537226e+00,5.370265386197350249e-02,1.084350844250907593e+12
5.260000000000001341e-01,1.265858061502434184e+00,6.033029325782077873e-02,-1.034981136448045898e+12
5.280000000000001359e-01,1.265856955722691080e+00,-9.986578639005438962e-02,-1.237530154172207031e+11
5.300000000000001377e-01,1.265854978715034829e+00,4.148455334388134741e-02,1.143192043017704834e+12
5.320000000000000284e-01,1.265857690728903417e+00,6.954825420523252921e-02,-9.397752228489858398e+11
5.340000000000001412e-01,1.265857043960688433e+00,-9.753284288533785318e-02,-2.658976432542377930e+11
5.360000000000001430e-01,1.265854720930136068e+00,2.989796451212578879e-02,1.182841219945834229e+12
5.380000000000001448e-01,1.265857273463745214e+00,7.647438889785988791e-02,-8.522079884492631836e+11
5.400000000000001465e-01,1.265857085049283848e+00,-9.738459300131234453e-02,-4.040102721226884766e+11
5.420000000000000373e-01,1.265854471330467801e+00,1.677567631940783677e-02,1.228514368768821289e+12
5.440000000000001501e-01,1.265856812175419455e+00,8.382777976746294546e-02,-7.516767172221499023e+11
5.460000000000000409e-01,1.265857133915115895e+00,-9.693482077422953258e-02,-5.614495424334033203e+11
5.480000000000001537e-01,1.265854304451656809e+00,-6.387275563988555494e-04,1.254740907981488281e+12
5.500000000000001554e-01,1.265856319308485078e+00,8.853052384124540652e-02,-6.145125534724868164e+11
5.520000000000000462e-01,1.265857134805210116e+00,-9.336049362126198903e-02,-7.072272824444199219e+11
5.540000000000001590e-01,1.265854214703595160e+00,-1.866019590781007806e-02,1.237572982619057129e+12
5.560000000000000497e-01,1.265855874119206748e+00,8.791375207260491986e-02,-4.751698283275942383e+11
5.580000000000001625e-01,1.265857159053143111e+00,-9.050784976767556333e-02,-8.171164368474702148e+11
5.600000000000001643e-01,1.265854222151369113e+00,-3.441816098566397031e-02,1.214968539596178223e+12
5.620000000000000551e-01,1.265855463360691546e+00,8.667229410492213737e-02,-3.547170245081630859e+11
5.640000000000001679e-01,1.265857197886438579e+00,-9.029084786500797544e-02,-9.315488700171997070e+11
5.660000000000000586e-01,1.265854387159195626e+00,-5.237671424056646735e-02,1.204006067514958984e+12
5.680000000000001714e-01,1.265855186903982688e+00,8.698715925513485214e-02,-2.076069678559682617e+11
5.700000000000000622e-01,1.265857278505791994e+00,-8.675922550536005473e-02,-1.061548185202405762e+12
5.720000000000000639e-01,1.265854688568708752e+00,-7.311834959959273572e-02,1.154373721810585938e+12
5.740000000000001767e-01,1.265855079277689477e+00,8.351900220433412791e-02,-2.642181406827148438e+10
5.760000000000000675e-01,1.265857470028874054e+00,-7.843018566750385723e-02,-1.150572596684488281e+12
5.780000000000001803e-01,1.265855173357254948e+00,-8.930848187817914952e-02,1.062826743091356567e+12
5.800000000000000711e-01,1.265855176865340104e+00,7.682115371351305733e-02,1.292623315193120117e+11
5.820000000000001839e-01,1.265857801684585615e+00,-7.121715990182564404e-02,-1.198108219139484375e+12
5.840000000000001856e-01,1.265855866533326823e+00,-1.000971976817313785e-01,9.918108768494997559e+11
5.860000000000000764e-01,1.265855518778663757e+00,7.509458317518361015e-02,2.650989147875938721e+11
5.880000000000001892e-01,1.265858303982499322e+00,-6.306737774769725913e-02,-1.267270059533989258e+12
5.900000000000000799e-01,1.265856786187259386e+00,-1.116366989127748066e-01,9.284788952087250977e+11
5.920000000000001927e-01,1.265856145918303977e+00,7.774985972705600323e-02,4.468677399332091064e+11
5.940000000000000835e-01,1.265859004183417902e+00,-4.502588462072369679e-02,-1.335536966285373047e+12
5.960000000000000853e-01,1.265857900549606674e+00,-1.197948025006887601e-01,8.040340841506486816e+11
5.980000000000001981e-01,1.265857031813698130e+00,7.803143184817430689e-02,6.431559972447570801e+11
6.000000000000000888e-01,1.265859930835170344e+00,-1.960637603671203100e-02,-1.330793429007778320e+12
6.020000000000002016e-01,1.265859228023537453e+00,-1.149861598025081616e-01,6.575469114632949219e+11
6.040000000000000924e-01,1.265858118749494610e+00,8.183949657514244524e-02,7.796668473267802734e+11
6.060000000000000941e-01,1.265860974420902840e+00,5.924019536032065075e-03,-1.300451750620502930e+12
6.080000000000002069e-01,1.265860694314875134e+00,-1.018583102097282006e-01,5.611359409706928711e+11
6.100000000000000977e-01,1.265859402134316802e+00,9.822918347769117597e-02,9.111167152885788574e+11
6.120000000000002105e-01,1.265862083440109309e+00,3.904354963042785953e-02,-1.315182651718169434e+12
6.140000000000001013e-01,1.265862098371930866e+00,-8.775105790435450137e-02,4.470024435016220703e+11
6.160000000000001030e-01,1.265860659757066076e+00,1.193740442961264414e-01,1.101793092409635010e+12
6.180000000000001048e-01,1.265863168920359660e+00,8.719648175790252476e-02,-1.297772004676273926e+12
6.200000000000001066e-01,1.265863366638009246e+00,-6.356482121484192949e-02,2.504574396468701172e+11
6.220000000000002194e-01,1.265861641672740623e+00,1.374139813979950719e-01,1.258141751546059082e+12
6.240000000000001101e-01,1.265863877814935368e+00,1.384974450139888624e-01,-1.190879671813290527e+12
6.260000000000001119e-01,1.265864249419649701e+00,-2.415425508855885764e-02,7.082248413378027344e+10
6.280000000000001137e-01,1.265862191371835976e+00,1.621781949840768178e-01,1.321502120717687744e+12
6.300000000000001155e-01,1.265863946748258195e+00,1.842107819742704322e-01,-1.109235413996716309e+12
6.320000000000002283e-01,1.265864324136474872e+00,1.424161617422833002e-02,-4.691647122952636719e+10
6.340000000000001190e-01,1.265861901834430814e+00,1.950002747467404485e-01,1.409090670153768799e+12
6.360000000000001208e-01,1.265863087713014146e+00,2.340622283134548842e-01,-1.094969303442473145e+12
6.380000000000001226e-01,1.265863300510187583e+00,4.246649354187521930e-02,-2.387658953908559570e+11
6.400000000000001243e-01,1.265860361885746688e+00,2.144246919618481573e-01,1.542975355283516602e+12
6.420000000000001261e-01,1.265860836728866845e+00,2.841042707439637161e-01,-1.007650679600519043e+12
6.440000000000001279e-01,1.265860786801544347e+00,7.019302435704874443e-02,-5.228432691188388672e+11
6.460000000000001297e-01,1.265857257095834409e+00,2.111167117887098044e-01,1.561749450612075684e+12
6.480000000000001315e-01,1.265856869655763495e+00,3.072619068170831524e-01,-8.495222267771010742e+11
6.500000000000001332e-01,1.265856414126922624e+00,8.785472768737262461e-02,-7.347288463731538086e+11
6.520000000000001350e-01,1.265852240965012587e+00,1.945418995328545009e-01,1.474169219321509766e+12
6.540000000000001368e-01,1.265850939632433558e+00,2.949525782043646571e-01,-7.992575174011323242e+11
6.560000000000001386e-01,1.265850038926551679e+00,6.423693565287874607e-02,-9.053184671106611328e+11
6.580000000000001403e-01,1.265845228913729192e+00,1.494949640076778663e-01,1.461019606696596680e+12
6.600000000000001421e-01,1.265842998807007902e+00,2.569214764579532129e-01,-8.073397778336127930e+11
6.620000000000001439e-01,1.265841695644666975e+00,-5.404333682114422985e-03,-1.221284349127259766e+12
6.640000000000001457e-01,1.265836431431051068e+00,4.325917978177545170e-02,1.451239758048384033e+12
6.660000000000000364e-01,1.265833471265318755e+00,1.735683921342752734e-01,-6.762016215470007324e+11
6.680000000000001492e-01,1.265831947064943730e+00,-1.082387375421197534e-01,-1.578899730921071289e+12
6.700000000000001510e-01,1.265826492815065096e+00,-1.206460192965037176e-01,1.253921425670162598e+12
6.720000000000001528e-01,1.265823194595004919e+00,1.517755143985299870e-02,-5.179888564601893311e+11
6.740000000000001545e-01,1.265821988797626974e+00,-2.639230061667864335e-01,-1.765020925943164062e+12
6.760000000000001563e-01,1.265816918323962481e+00,-3.219286880622733160e-01,1.030883180690670410e+12
6.780000000000001581e-01,1.265813787800488921e+00,-2.003098550594394067e-01,-5.126729447811600342e+11
6.800000000000001599e-01,1.265813599371563347e+00,-4.911813995448743309e-01,-1.931744250458051270e+12
6.820000000000001616e-01,1.265809936207313413e+00,-5.738320847650582035e-01,9.976012361473168945e+11
6.840000000000001634e-01,1.265807958482883633e+00,-4.392313261038187644e-01,-4.296666597634044800e+11
6.860000000000001652e-01,1.265809648021001710e+00,-7.485530144414783704e-01,-2.229985900774786133e+12
6.880000000000001670e-01,1.265808492513540884e+00,-8.741525503494000926e-01,9.530397366477182617e+11
6.900000000000000577e-01,1.265809062364650517e+00,-7.006449197482200741e-01,-6.027266608081179810e+10
6.920000000000001705e-01,1.265814044353863466e+00,-9.810994511169597310e-01,-2.351477680981434570e+12
6.940000000000001723e-01,1.265816686151249648e+00,-1.148409036022130847e+00,7.817393909705522461e+11
6.960000000000001741e-01,1.265821087356634900e+00,-9.516617293285618562e-01,3.422565703537282104e+11
6.980000000000001759e-01,1.265830914817712705e+00,-1.165364354261982704e+00,-2.107491720751478516e+12
7.000000000000000666e-01,1.265839072489024053e+00,-1.314438554108048329e+00,8.595384318018671875e+11
7.020000000000001794e-01,1.265848667957644835e+00,-1.078827917966481031e+00,7.070446498353488770e+11
7.040000000000001812e-01,1.265864394811954341e+00,-1.230845853340126528e+00,-1.809503419198266113e+12
7.060000000000001830e-01,1.265879339811261772e+00,-1.323425497249951066e+00,1.318840830383304688e+12
7.080000000000001847e-01,1.265895427692790065e+00,-9.750899972027106122e-01,1.461665212842962158e+12
7.100000000000000755e-01,1.265917752250733441e+00,-1.027900748577665668e+00,-1.481583028584613770e+12
7.120000000000001883e-01,1.265939583599272389e+00,-1.072012581498758887e+00,1.760573395887584961e+12
7.140000000000000790e-01,1.265962025151920800e+00,-5.781442505419203126e-01,2.636454832954615723e+12
7.160000000000001918e-01,1.265990529684176025e+00,-4.432577730619513545e-01,-6.763715895946674805e+11
7.180000000000001936e-01,1.266018042434070345e+00,-3.979061140575706479e-01,2.180343022390599609e+12
7.200000000000000844e-01,1.266044459319569437e+00,2.193642664502376549e-01,3.707533501351103027e+12
7.220000000000001972e-01,1.266075859158035666e+00,5.614126419049649819e-01,4.702501750494448242e+11
7.240000000000000879e-01,1.266105109893464364e+00,7.685350153360560599e-01,2.974164633470875977e+12
7.260000000000002007e-01,1.266130294717392690e+00,1.533036887415730964e+00,4.652746107148943359e+12
7.280000000000002025e-01,1.266157551106326551e+00,2.031943477587151214e+00,1.261997324701384766e+12
7.300000000000000933e-01,1.266179991855251874e+00,2.363050106046522991e+00,3.738630270190801758e+12
7.320000000000002061e-01,1.266194132356964097e+00,3.292738657687557691e+00,5.729612341448295898e+12
7.340000000000000968e-01,1.266205643502172018e+00,3.930549271956060409e+00,1.617786933895834961e+12
7.360000000000002096e-01,1.266207432948937894e+00,4.255318432197222833e+00,3.543086276585816406e+12
7.380000000000001004e-01,1.266194738931126773e+00,5.202657092227591207e+00,6.169429001322102539e+12
7.400000000000001021e-01,1.266173195972474019e+00,5.902454467131173388e+00,1.579376910087066895e+12
7.420000000000002149e-01,1.266135309494472727e+00,6.100104310896004911e+00,2.217305922807566406e+12
7.440000000000001057e-01,1.266074773868588021e+00,6.799354310999903284e+00,4.796970178739942383e+12
7.460000000000002185e-01,1.265997855758047130e+00,7.260855918173306556e+00,-7.135821863136962891e+09
7.480000000000001092e-01,1.265897708663025201e+00,7.095688074644496801e+00,-4.164206235074619141e+11
7.500000000000001110e-01,1.265766910376245447e+00,7.273385355619065962e+00,1.430539818944754883e+12
7.520000000000002238e-01,1.265612851582221809e+00,7.074948906153268879e+00,-4.382666946507809570e+12
7.540000000000001146e-01,1.265431014118286956e+00,6.065559508762839336e+00,-5.676231819096622070e+12
7.560000000000002274e-01,1.265215236466428195e+00,5.317216035411040487e+00,-4.073412036974373047e+12
7.580000000000001181e-01,1.264976080315456164e+00,4.068854863337863392e+00,-1.130981325656615430e+13
7.600000000000001199e-01,1.264713711615760294e+00,1.704847211367617188e+00,-1.420508911437286523e+13
7.620000000000001217e-01,1.264427204581932251e+00,-5.163881618605791202e-01,-1.241735506251370312e+13
7.640000000000001235e-01,1.264135463831992157e+00,-3.203442794178804842e+00,-1.992312594396025391e+13
7.660000000000002363e-01,1.263848825981761292e+00,-7.162954282726666122e+00,-2.401233588549460938e+13
7.680000000000001270e-01,1.263578047874451604e+00,-1.108099035764700346e+01,-2.197597435024855859e+13
7.700000000000001288e-01,1.263358918024879207e+00,-1.531150982998760313e+01,-2.820435607637620312e+13
7.720000000000001306e-01,1.263222911098072387e+00,-2.056400865045045023e+01,-3.058153965674270312e+13
7.740000000000001323e-01,1.263204923534918533e+00,-2.539597823535896026e+01,-2.584620419290461719e+13
7.760000000000002451e-01,1.263371449058807938e+00,-2.999493670062152972e+01,-2.836183938432657422e+13
7.780000000000001359e-01,1.263792729156633987e+00,-3.477974746098421122e+01,-2.440593002984158203e+13
7.800000000000001377e-01,1.264549713150973087e+00,-3.775557871931867027e+01,-1.014377780025154297e+13
7.820000000000001394e-01,1.265763880014124654e+00,-3.872411672452189180e+01,-1.803877779343944092e+12
7.840000000000001412e-01,1.267571607118952448e+00,-3.780253597819142186e+01,1.606944703294319922e+13
7.860000000000002540e-01,1.270132238564788851e+00,-3.210884460876691548e+01,5.102506306531731250e+13
7.880000000000001448e-01,1.273661161447232404e+00,-2.034917312016695234e+01,8.497933886919439062e+13
7.900000000000001465e-01,1.278404727290114229e+00,-2.057940119392515754e+00,1.313972016247832969e+14
7.920000000000001483e-01,1.284643998561668665e+00,2.658935940637423556e+01,2.036871176084065625e+14
7.940000000000001501e-01,1.292736365839880053e+00,6.865988815294863912e+01,2.844978834070941250e+14
7.960000000000001519e-01,1.303098720840782265e+00,1.256118940159271773e+02,3.804249079759700625e+14
7.980000000000001537e-01,1.316192976548534066e+00,2.020921850735585110e+02,5.114969870207298750e+14
8.000000000000002665e-01,1.332524707922957186e+00,2.926778821126901562e+02,-5.427880478012041250e+14
8.020000000000001572e-01,1.348505225120105067e+00,2.100190470226545756e+02,-4.207800608367289375e+14
8.040000000000001590e-01,1.361808810745945841e+00,1.457904138531051217e+02,-3.270006131901225000e+14
8.060000000000001608e-01,1.372879254125028980e+00,9.639862805013960667e+01,-2.468652074543799062e+14
8.080000000000001625e-01,1.382081188883843126e+00,6.012281306738893960e+01,-1.751124481704606562e+14
8.100000000000002753e-01,1.389734344887763484e+00,3.528278621838011020e+01,-1.150832301244889688e+14
8.120000000000001661e-01,1.396126657406782767e+00,1.952725811281419865e+01,-7.008685031084621875e+13
8.140000000000001679e-01,1.401511332982008806e+00,1.023790071569266225e+01,-3.980555934731536719e+13
8.160000000000001696e-01,1.406101159702727976e+00,5.110337222805296342e+00,-2.124885342764352734e+13
8.180000000000001714e-01,1.410067132650508981e+00,2.440306192045711864e+00,-1.074078726344440820e+13
8.200000000000001732e-01,1.413541971542481068e+00,1.119613514875041904e+00,-5.174194258238434570e+12
8.220000000000001750e-01,1.416626447288582336e+00,4.953993708212870439e-01,-2.388393685053123047e+12
8.240000000000001767e-01,1.419396394221511981e+00,2.120889415234489817e-01,-1.061169620491209961e+12
8.260000000000001785e-01,1.421909067013027883e+00,8.809939302563758734e-02,-4.555287323806102295e+11
8.280000000000001803e-01,1.424208236181209619e+00,3.559356359493897476e-02,-1.895283363884920654e+11
8.300000000000001821e-01,1.426327924849487339e+00,1.401604295473075912e-02,-7.663456927523661804e+10
8.320000000000001839e-01,1.428294997232192109e+00,5.389261044132436645e-03,-3.018296157967531586e+10
8.340000000000001856e-01,1.430130937688484982e+00,2.026649585276507105e-03,-1.160222258904790878e+10
8.360000000000001874e-01,1.431853133635765607e+00,7.464246594338892022e-04,-4.360181951095800400e+09
8.380000000000001892e-01,1.433475861662138362e+00,2.695825269379989670e-04,-1.604351781756029367e+09
8.400000000000001910e-01,1.435011058999261291e+00,9.558148541435243625e-05,-5.787544012130285501e+08
8.420000000000001927e-01,1.436468898108585801e+00,3.330063267623676823e-05,-2.049223327007904053e+08
8.440000000000000835e-01,1.437858174961764490e+00,1.141009849519377273e-05,-7.128973601243743300e+07
8.460000000000001963e-01,1.439186543337662716e+00,3.847402650738944640e-06,-2.438932522035592794e+07
8.480000000000001981e-01,1.440460649074736033e+00,1.277078450340321308e-06,-8.212148612184965983e+06
8.500000000000001998e-01,1.441686225481111805e+00,4.170310107471888662e-07,-2.723392120313942898e+06
8.520000000000002016e-01,1.442868200983662641e+00,1.335148849239541971e-07,-8.901028561884287046e+05
8.540000000000000924e-01,1.444010844523662573e+00,4.138049894022605707e-08,-2.868794746927402448e+05
8.560000000000002052e-01,1.445117940838150705e+00,1.184828735510307678e-08,-9.122547269970082561e+04
8.580000000000002069e-01,1.446192961035887903e+00,2.506743888099305349e-09,-2.863491649313410016e+04
8.600000000000002087e-01,1.447239187718680542e+00,-4.105920020304673170e-10,-8.876136002743060089e+03
8.620000000000002105e-01,1.448259770545657910e+00,-1.310454140231065247e-09,-2.718102931012313093e+03
8.640000000000001013e-01,1.449257715470087637e+00,-1.584703198311017031e-09,-8.225635597480211345e+02
8.660000000000002141e-01,1.450235832310371675e+00,-1.667313555086845817e-09,-2.460741104679512148e+02
8.680000000000001048e-01,1.451196672172716307e+00,-1.691915472918814293e-09,-7.279003582371177572e+01
8.700000000000002176e-01,1.452142480765578503e+00,-1.699160828050917558e-09,-2.129567774414543280e+01
8.720000000000002194e-01,1.453075182443505753e+00,-1.701271427874360913e-09,-6.163362354095520246e+00
8.740000000000001101e-01,1.453996397361009718e+00,-1.701879698480504398e-09,-1.764959474573695841e+00
8.760000000000002229e-01,1.454907482728035939e+00,-1.702053164032361086e-09,-5.001716382096363933e-01
8.780000000000001137e-01,1.455809582025895388e+00,-1.702102122610456984e-09,-1.402945228316179183e-01
8.800000000000002265e-01,1.456703666686413934e+00,-1.702115800249618931e-09,-3.895509778337549744e-02
8.820000000000002283e-01,1.457590562897964626e+00,-1.702119583131692049e-09,-1.070901826892483796e-02
8.840000000000001190e-01,1.458470966255059231e+00,-1.702120619041477150e-09,-2.915096079088990832e-03
8.860000000000002318e-01,1.459345452206187721e+00,-1.702120899948797922e-09,-7.858263899756363045e-04
8.880000000000001226e-01,1.460214488738079019e+00,-1.702120975388080275e-09,-2.098072037117617661e-04
8.900000000000002354e-01,1.461078453164383228e+00,-1.702120995454696528e-09,-5.548582908629936492e-05
8.920000000000001261e-01,1.461937651886441092e+00,-1.702121000742058164e-09,-1.453638452968671201e-05
8.940000000000002389e-01,1.462792341569500110e+00,-1.702121002122241483e-09,-3.772995997688480140e-06
8.960000000000002407e-01,1.463642750177840846e+00,-1.702121002479193492e-09,-9.703198710908070452e-07
8.980000000000001315e-01,1.464489095284389641e+00,-1.702121002570668087e-09,-2.472762164884501910e-07
9.000000000000002442e-01,1.465331596257820612e+00,-1.702121002593898421e-09,-6.245112468965889194e-08
9.020000000000001350e-01,1.466170478259790633e+00,-1.702121002599744727e-09,-1.563211414164791081e-08
9.040000000000002478e-01,1.467005969140216415e+00,-1.702121002601203253e-09,-3.877799972417737737e-09
9.060000000000002496e-01,1.467838292778345322e+00,-1.702121002601563490e-09,-9.534308199112118988e-10
9.080000000000001403e-01,1.468667662277542529e+00,-1.702121002601651998e-09,-2.324020567470353329e-10
9.100000000000002531e-01,1.469494274418156943e+00,-1.702121002601673298e-09,-5.613255598099537658e-11
9.120000000000001439e-01,1.470318305199105335e+00,-1.702121002601678675e-09,-1.346807087500006309e-11
9.140000000000002567e-01,1.471139906378644335e+00,-1.702121002601679295e-09,-3.204099151994201557e-12
9.160000000000001474e-01,1.471959203771744829e+00,-1.702121002601679295e-09,-7.620941330523689983e-13
9.180000000000001492e-01,1.472776298116371452e+00,-1.702121002601679295e-09,-1.809746122638400081e-13
9.200000000000002620e-01,1.473591268251348785e+00,-1.702121002601679295e-09,-4.287411132407561140e-14
9.220000000000001528e-01,1.474404175237044257e+00,-1.702121002601679295e-09,-1.073327713330687382e-14
9.240000000000002656e-01,1.475215065990318264e+00,-1.702121002601679295e-09,-3.279258925619438983e-15
9.260000000000001563e-01,1.476023975932948984e+00,-1.702121002601679295e-09,-1.326994597440790126e-15
9.280000000000001581e-01,1.476830931099544442e+00,-1.702121002601679295e-09,-8.062999476194877915e-16
9.300000000000002709e-01,1.477635950336888770e+00,-1.702121002601679295e-09,-5.132185875000272583e-16
9.320000000000001616e-01,1.478439047709963816e+00,-1.702121002601679295e-09,-3.347856471683431121e-16
9.340000000000002744e-01,1.479240234638184104e+00,-1.702121002601679295e-09,-2.996646164646274860e-16
9.360000000000001652e-01,1.480039521168297512e+00,-1.702121002601679295e-09,-2.467631660424591881e-16
9.380000000000001670e-01,1.480836916233533529e+00,-1.702121002601679295e-09,-2.067666990194541116e-16
9.400000000000001688e-01,1.481632427391184059e+00,-1.702121002601679295e-09,-2.235528496220173796e-16
9.420000000000001705e-01,1.482426060831020687e+00,-1.702121002601679295e-09,-2.605326183569473788e-16
9.440000000000002833e-01,1.483217822078568560e+00,-1.702121002601679295e-09,-3.219870599947926984e-16
9.460000000000001741e-01,1.484007717017862937e+00,-1.702121002601679295e-09,-2.898284342131933416e-16
9.480000000000001759e-01,1.484795752363024413e+00,-1.702121002601679295e-09,-2.102553650187070575e-16
9.500000000000001776e-01,1.485581935104473228e+00,-1.702121002601679295e-09,-2.304017005948580155e-16
9.520000000000001794e-01,1.486366271473692935e+00,-1.702121002601679295e-09,-1.802193242526805801e-16
9.540000000000001812e-01,1.487148766567842673e+00,-1.702121002601679295e-09,-1.988640011217997840e-16
9.560000000000002940e-01,1.487929425180423371e+00,-1.702121002601679295e-09,-1.580465312758557374e-16
9.580000000000001847e-01,1.488708253071018950e+00,-1.702121002601679295e-09,-1.703550793908861743e-16
9.600000000000001865e-01,1.489485257282363806e+00,-1.702121002601679295e-09,-1.259560271519174231e-16
9.620000000000000773e-01,1.490260445013727342e+00,-1.702121002601679295e-09,-1.187142297013553192e-16
9.640000000000003011e-01,1.491033822162690425e+00,-1.702121002601679295e-09,-2.708216300443327830e-16
9.660000000000001918e-01,1.491805393181016015e+00,-1.702121002601679295e-09,-2.425917151095501990e-16
9.680000000000000826e-01,1.492575162584188764e+00,-1.702121002601679295e-09,-1.282588033481139796e-16
9.700000000000003064e-01,1.493343136584165842e+00,-1.702121002601679295e-09,-1.250342453153715841e-16
9.720000000000001972e-01,1.494109322978393051e+00,-1.702121002601679295e-09,-1.421619277649856501e-16
9.740000000000001990e-01,1.494873729203255008e+00,-1.702121002601679295e-09,-1.298834505684544969e-16
9.760000000000000897e-01,1.495636360554385869e+00,-1.702121002601679295e-09,-1.038582273300424439e-16
9.780000000000002025e-01,1.496397220624912983e+00,-1.702121002601679295e-09,-1.499324257930040864e-16
9.800000000000002043e-01,1.497156313730735544e+00,-1.702121002601679295e-09,-1.237692609484680731e-16
9.820000000000000950e-01,1.497913646817221833e+00,-1.702121002601679295e-09,-1.050918739370613101e-16
9.840000000000003189e-01,1.498669228645235219e+00,-1.702121002601679295e-09,-1.538135863061601653e-16
9.860000000000002096e-01,1.499423066859496778e+00,-1.702121002601679295e-09,-1.242745868558263495e-16
9.880000000000002114e-01,1.500175165962775559e+00,-1.702121002601679295e-09,-1.860572954533092595e-16
9.900000000000003242e-01,1.500925528528253450e+00,-1.702121002601679295e-09,-2.170527094937117846e-16
9.920000000000002149e-01,1.501674158652845481e+00,-1.702121002601679295e-09,-1.968631644177085402e-16
9.940000000000002167e-01,1.502421064106924220e+00,-1.702121002601679295e-09,-1.320407781211263032e-16
9.960000000000001075e-01,1.503166254723081963e+00,-1.702121002601679295e-09,-8.483946225334485134e-17
9.980000000000002203e-01,1.503909738414292541e+00,-1.702121002601679295e-09,-7.317307999151599956e-17
1.000000000000000222e+00,1.504651518885861128e+00,-1.702121002601679295e-09,-1.546448165417574003e-16
1.002000000000000224e+00,1.505391597635570955e+00,-1.702121002601679295e-09,-1.927846937714146072e-16
1.004000000000000226e+00,1.506129978475609921e+00,-1.702121002601679295e-09,-1.813169717365788322e-16
1.006000000000000227e+00,1.506866669987227070e+00,-1.702121002601679295e-09,-1.498359001979686711e-16
1.008000000000000229e+00,1.507601683142617999e+00,-1.702121002601679295e-09,-9.770407240688629415e-17
1.010000000000000009e+00,1.508335026208578844e+00,-1.702121002601679295e-09,-1.035043106278412487e-16
1.012000000000000233e+00,1.509066702068228905e+00,-1.702121002601679295e-09,-7.692420459841350197e-17
1.014000000000000234e+00,1.509796710964174338e+00,-1.702121002601679295e-09,-1.078201170287726054e-16
1.016000000000000236e+00,1.510525056242312480e+00,-1.702121002601679295e-09,-9.621311257430937458e-17
1.018000000000000238e+00,1.511251747364920295e+00,-1.702121002601679295e-09,-1.413460264379573468e-16
1.020000000000000240e+00,1.511976796837424919e+00,-1.702121002601679295e-09,-1.072310843135025816e-16
1.022000000000000242e+00,1.512700213706041685e+00,-1.702121002601679295e-09,-1.332486955619611725e-16
1.024000000000000243e+00,1.513422000022115244e+00,-1.702121002601679295e-09,-1.569418699085349314e-16
1.026000000000000245e+00,1.514142154155680986e+00,-1.702121002601679295e-09,-1.525605144387489730e-16
1.028000000000000247e+00,1.514860678185721898e+00,-1.702121002601679295e-09,-1.476847965634265810e-16
1.030000000000000027e+00,1.515577582232900733e+00,-1.702121002601679295e-09,-1.945121311743390343e-16
1.032000000000000250e+00,1.516292881086710675e+00,-1.702121002601679295e-09,-2.708012924784941198e-16
1.034000000000000252e+00,1.517006585817842756e+00,-1.702121002601679295e-09,-1.853084586280314585e-16
1.036000000000000254e+00,1.517718698298349933e+00,-1.702121002601679295e-09,-1.966911568390612583e-16
1.038000000000000256e+00,1.518429214337481792e+00,-1.702121002601679295e-09,-1.714073750549820401e-16
1.040000000000000258e+00,1.519138133117380773e+00,-1.702121002601679295e-09,-9.131074161318046824e-17
1.042000000000000259e+00,1.519845464223442688e+00,-1.702121002601679295e-09,-8.501733545248373549e-17
1.044000000000000039e+00,1.520551225167239062e+00,-1.702121002601679295e-09,-1.179136945757924171e-16
1.046000000000000263e+00,1.521255430938240449e+00,-1.702121002601679295e-09,-1.598031228791684920e-16
1.048000000000000265e+00,1.521958084979864845e+00,-1.702121002601679295e-09,-1.885337681290327957e-16
1.050000000000000266e+00,1.522659180447685445e+00,-1.702121002601679295e-09,-1.032060143596741533e-16
1.052000000000000268e+00,1.523358711531661358e+00,-1.702121002601679295e-09,-1.865772269256373493e-16
1.054000000000000270e+00,1.524056684974033571e+00,-1.702121002601679295e-09,-1.204280233691623134e-16
1.056000000000000272e+00,1.524753120790043770e+00,-1.702121002601679295e-09,-8.645314822846560823e-17
1.058000000000000052e+00,1.525448040371639724e+00,-1.702121002601679295e-09,-1.816552365484246480e-16
1.060000000000000275e+00,1.526141451897591317e+00,-1.702121002601679295e-09,-1.610781633761114180e-16
1.062000000000000277e+00,1.526833346546213610e+00,-1.702121002601679295e-09,-1.983296326984009359e-16
1.064000000000000057e+00,1.527523710343372754e+00,-1.702121002601679295e-09,-1.516783091622798508e-16
1.066000000000000281e+00,1.528212542430205545e+00,-1.702121002601679295e-09,-1.212534616591519195e-16
1.068000000000000282e+00,1.528899863488879518e+00,-1.702121002601679295e-09,-9.248720484928522543e-17
1.070000000000000284e+00,1.529585705176488508e+00,-1.702121002601679295e-09,-8.310369446815475745e-17
1.072000000000000286e+00,1.530270087730122519e+00,-1.702121002601679295e-09,-8.451131609034153055e-17
1.074000000000000288e+00,1.530953004710821075e+00,-1.702121002601679295e-09,-1.084632823474276616e-16
1.076000000000000290e+00,1.531634430034121364e+00,-1.702121002601679295e-09,-1.126131787286806783e-16
1.078000000000000069e+00,1.532314344476008783e+00,-1.702121002601679295e-09,-1.098123274288937086e-16
1.080000000000000293e+00,1.532992760783056241e+00,-1.702121002601679295e-09,-4.388034481899136963e-17
1.082000000000000295e+00,1.533669724147880720e+00,-1.702121002601679295e-09,-6.197076975219563769e-17
1.084000000000000075e+00,1.534345282450167769e+00,-1.702121002601679295e-09,-5.768978682211574663e-17
1.086000000000000298e+00,1.535019446282107403e+00,-1.702121002601679295e-09,-5.279106223808811229e-17
1.088000000000000300e+00,1.535692172047607551e+00,-1.702121002601679295e-09,-5.318185152596858022e-17
1.090000000000000302e+00,1.536363388910287009e+00,-1.702121002601679295e-09,-7.128974064029106347e-17
1.092000000000000082e+00,1.537033055708520779e+00,-1.702121002601679295e-09,-7.530578434589448852e-17
1.094000000000000306e+00,1.537701192562039187e+00,-1.702121002601679295e-09,-6.571681679789820652e-17
1.096000000000000307e+00,1.538367783321161530e+00,-1.702121002601679295e-09,-7.513970462112746520e-17
1.098000000000000087e+00,1.539032294206015505e+00,-1.702121002601679295e-09,-1.451214562787636815e-16
1.100000000000000311e+00,1.419448279835120452e+00,-1.383600064595442753e-09,-4.937907772810576127e-16
1.102000000000000313e+00,1.419971645547208672e+00,-1.383600064595442753e-09,-1.266960570857946462e-15
1.104000000000000092e+00,1.420470827013459170e+00,-1.383600064595442753e-09,-1.849269792828337132e-15
1.106000000000000094e+00,1.420939955333655691e+00,-1.383600064595442753e-09,-1.818956692189182968e-15
1.108000000000000318e+00,1.421377509521247973e+00,-1.383600064595442753e-09,-1.379576086504044116e-15
1.110000000000000320e+00,1.421785226671269164e+00,-1.383600064595442753e-09,-1.187720339934888445e-15
1.112000000000000099e+00,1.542419167367950372e+00,-1.702121002601679295e-09,-6.678192945618827279e-16
1.114000000000000323e+00,1.422629108100528894e+00,-1.383600064595442753e-09,-1.190221108061781021e-15
1.116000000000000325e+00,1.422986734222335015e+00,-1.383600064595442753e-09,-2.333692549023120209e-15
1.118000000000000105e+00,1.423320629079183330e+00,-1.383600064595442753e-09,-3.240973804425100251e-15
1.120000000000000329e+00,1.423625220381256051e+00,-1.383600064595442753e-09,-3.863651653943896761e-15
1.122000000000000330e+00,1.423899356315913023e+00,-1.383600064595442753e-09,-4.089156265021426498e-15
1.124000000000000110e+00,1.424144586142994884e+00,-1.383600064595442753e-09,-3.532738298607201584e-15
1.126000000000000112e+00,1.424364768579811757e+00,-1.383600064595442753e-09,-2.037643528954841213e-15
1.128000000000000336e+00,1.544812839708912255e+00,-1.702121002601679295e-09,-6.489724490847406268e-16
1.130000000000000338e+00,1.545053931517090362e+00,-1.702121002601679295e-09,-1.503395603398563637e-16
1.132000000000000117e+00,1.545292133466414919e+00,-1.702121002601679295e-09,-1.015830928993598115e-16
1.134000000000000341e+00,1.545528786857111259e+00,-1.702121002601679295e-09,-8.977400290445459097e-17
1.136000000000000343e+00,1.545764119854293739e+00,-1.702121002601679295e-09,-9.027110476433416109e-17
1.138000000000000123e+00,1.545998098846154134e+00,-1.702121002601679295e-09,-9.899335874241925031e-17
1.140000000000000124e+00,1.546230664785869013e+00,-1.702121002601679295e-09,-7.326540181032417367e-17
1.142000000000000348e+00,1.546461805115572519e+00,-1.702121002601679295e-09,-5.842591036435350764e-17
1.144000000000000128e+00,1.546691555631491743e+00,-1.702121002601679295e-09,-8.179363046591082150e-17
1.146000000000000130e+00,1.546919968229269804e+00,-1.702121002601679295e-09,-7.232035997588820169e-17
1.148000000000000353e+00,1.547147075284547979e+00,-1.702121002601679295e-09,-7.882477091959719201e-17
1.150000000000000355e+00,1.547372873842919550e+00,-1.702121002601679295e-09,-9.061483954230089212e-17
1.152000000000000135e+00,1.547597335741714764e+00,-1.702121002601679295e-09,-8.446232847597448003e-17
1.154000000000000137e+00,1.547820432308059768e+00,-1.702121002601679295e-09,-9.082529347777361532e-17
1.156000000000000361e+00,1.548042154867587117e+00,-1.702121002601679295e-09,-6.569132267351646127e-17
1.158000000000000140e+00,1.548262518175943736e+00,-1.702121002601679295e-09,-1.416211899505857326e-16
1.160000000000000142e+00,1.548481547300735839e+00,-1.702121002601679295e-09,-4.784010602778658877e-17
1.162000000000000366e+00,1.548699259501753911e+00,-1.702121002601679295e-09,-7.736118519292262484e-17
1.164000000000000368e+00,1.548915654277133624e+00,-1.702121002601679295e-09,-5.945799449090783819e-17
1.166000000000000147e+00,1.549130717204612040e+00,-1.702121002601679295e-09,-8.575964682917165740e-17
1.168000000000000371e+00,1.549344432908293712e+00,-1.702121002601679295e-09,-8.552412677387239905e-17
1.170000000000000373e+00,1.549556796841977668e+00,-1.702121002601679295e-09,-7.598607424141470844e-17
1.172000000000000153e+00,1.549767817842614859e+00,-1.702121002601679295e-09,-7.561971078571730642e-17
1.174000000000000155e+00,1.549977510944655412e+00,-1.702121002601679295e-09,-8.729110074991873348e-17
1.176000000000000378e+00,1.550185886822164294e+00,-1.702121002601679295e-09,-9.195124668961615153e-17
1.178000000000000158e+00,1.550392945732790739e+00,-1.702121002601679295e-09,-7.616608762384808314e-17
1.180000000000000160e+00,1.550598679621919551e+00,-1.702121002601679295e-09,-5.505298928630555821e-17
1.182000000000000384e+00,1.550803079809445428e+00,-1.702121002601679295e-09,-6.838442239018984102e-17
1.184000000000000385e+00,1.551006144080237403e+00,-1.702121002601679295e-09,-6.564161984746443481e-17
1.186000000000000165e+00,1.551207878239950322e+00,-1.702121002601679295e-09,-1.069905606632669638e-16
1.188000000000000167e+00,1.551408291780377535e+00,-1.702121002601679295e-09,-7.308171753862358659e-17
1.190000000000000391e+00,1.551607391535823721e+00,-1.702121002601679295e-09,-6.121353865610373934e-17
1.192000000000000171e+00,1.551805178124416207e+00,-1.702121002601679295e-09,-5.549707849883732305e-17
1.194000000000000172e+00,1.552001647328475675e+00,-1.702121002601679295e-09,-1.060407542008076971e-16
1.196000000000000396e+00,1.552196794729165941e+00,-1.702121002601679295e-09,-6.697321376241650529e-17
1.198000000000000176e+00,1.552390619797096472e+00,-1.702121002601679295e-09,-7.741708428319210026e-17
1.200000000000000178e+00,1.552583126561866145e+00,-1.702121002601679295e-09,-1.177190446965537244e-16
1.202000000000000179e+00,1.552774320876652903e+00,-1.702121002601679295e-09,-8.329876332238280355e-17
1.204000000000000403e+00,1.552964206784583245e+00,-1.702121002601679295e-09,-1.221889888214826104e-16
1.206000000000000183e+00,1.553152784797625863e+00,-1.702121002601679295e-09,-7.784231337326631184e-17
1.208000000000000185e+00,1.553340053071927906e+00,-1.702121002601679295e-09,-3.347369494540056884e-17
1.210000000000000409e+00,1.553526010145712011e+00,-1.702121002601679295e-09,-8.062871349777553115e-17
1.212000000000000188e+00,1.553710656910451737e+00,-1.702121002601679295e-09,-8.185612138017275682e-17
1.214000000000000190e+00,1.553893996409499545e+00,-1.702121002601679295e-09,-6.873154759956895311e-17
1.216000000000000414e+00,1.554076031957358550e+00,-1.702121002601679295e-09,-7.933035091248949552e-17
1.218000000000000194e+00,1.554256765349699920e+00,-1.702121002601679295e-09,-1.179915474714521965e-16
1.220000000000000195e+00,1.554436196642860146e+00,-1.702121002601679295e-09,-1.044175622259177838e-16
1.222000000000000197e+00,1.554614325510103034e+00,-1.702121002601679295e-09,-7.488822273012357673e-17
1.224000000000000421e+00,1.554791152834253287e+00,-1.702121002601679295e-09,-8.466760658760282630e-17
1.226000000000000201e+00,1.554966681079576363e+00,-1.702121002601679295e-09,-8.453515883131724698e-17
1.228000000000000203e+00,1.555140913128325808e+00,-1.702121002601679295e-09,-6.136721475293330813e-17
1.230000000000000426e+00,1.555313850650990481e+00,-1.702121002601679295e-09,-5.612370644019605151e-17
1.232000000000000206e+00,1.555485493516524320e+00,-1.702121002601679295e-09,-8.673960444960850716e-17
1.234000000000000208e+00,1.555655840867370854e+00,-1.702121002601679295e-09,-5.638455016543219085e-17
1.236000000000000210e+00,1.555824893023771471e+00,-1.702121002601679295e-09,-5.441263510584983649e-17
1.238000000000000211e+00,1.555992652579180735e+00,-1.702121002601679295e-09,-6.471827573522195985e-17
1.240000000000000213e+00,1.556159123616555284e+00,-1.702121002601679295e-09,-6.122982664345183883e-17
1.242000000000000215e+00,1.556324309503148706e+00,-1.702121002601679295e-09,-6.529424368399467396e-17
1.244000000000000439e+00,1.556488210981605391e+00,-1.702121002601679295e-09,-7.732116388047552756e-17
1.246000000000000218e+00,1.556650826199746485e+00,-1.702121002601679295e-09,-6.267998922653815685e-17
1.248000000000000220e+00,1.556812152879300415e+00,-1.702121002601679295e-09,-8.532721425299009519e-17
1.250000000000000222e+00,1.556972191093781044e+00,-1.702121002601679295e-09,-9.535868799728890444e-17
1.252000000000000224e+00,1.557130944485407564e+00,-1.702121002601679295e-09,-6.927082519564705844e-17
1.254000000000000226e+00,1.557288418793756568e+00,-1.702121002601679295e-09,-1.070528010947357903e-16
1.256000000000000227e+00,1.557444618591296459e+00,-1.702121002601679295e-09,-1.044296099618669683e-16
1.258000000000000229e+00,1.557599544603626596e+00,-1.702121002601679295e-09,-1.159288821371735057e-16
1.260000000000000231e+00,1.557753193739858322e+00,-1.702121002601679295e-09,-1.051754591258098538e-16
1.262000000000000233e+00,1.557905562044732850e+00,-1.702121002601679295e-09,-7.132397761584897390e-17
1.264000000000000457e+00,1.558056648565832258e+00,-1.702121002601679295e-09,-4.355475839553012241e-17
1.266000000000000236e+00,1.558206457280039592e+00,-1.702121002601679295e-09,-5.947193963851437933e-17
1.268000000000000238e+00,1.558354995477355232e+00,-1.702121002601679295e-09,-4.505008509951496033e-17
1.270000000000000240e+00,1.558502269545724905e+00,-1.702121002601679295e-09,-7.958682796554523454e-17
1.272000000000000242e+00,1.558648281108241163e+00,-1.702121002601679295e-09,-8.770313215432851313e-17
1.274000000000000243e+00,1.558793026402302662e+00,-1.702121002601679295e-09,-1.267675948029821379e-16
1.276000000000000245e+00,1.558936499581803581e+00,-1.702121002601679295e-09,-1.067363962135711606e-16
1.278000000000000247e+00,1.559078697776527855e+00,-1.702121002601679295e-09,-5.995028482482048474e-17
1.280000000000000249e+00,1.559219624317638386e+00,-1.702121002601679295e-09,-1.075015606320116413e-16
1.282000000000000250e+00,1.559359287658756532e+00,-1.702121002601679295e-09,-9.934875061347912310e-17
1.284000000000000252e+00,1.559497696508925335e+00,-1.702121002601679295e-09,-1.530231383289493834e-16
1.286000000000000254e+00,1.559634854472851551e+00,-1.702121002601679295e-09,-1.020569868551808198e-16
1.288000000000000256e+00,1.559770758039332517e+00,-1.702121002601679295e-09,-8.225754162635201974e-17
1.290000000000000258e+00,1.559905399561644312e+00,-1.702121002601679295e-09,-1.406606965135466693e-16
1.292000000000000259e+00,1.560038773377846466e+00,-1.702121002601679295e-09,-1.317794911997922194e-16
1.294000000000000261e+00,1.560170880869649279e+00,-1.702121002601679295e-09,-1.976422315559278129e-16
1.296000000000000263e+00,1.560301730792999386e+00,-1.702121002601679295e-09,-1.227425604977875815e-16
1.298000000000000487e+00,1.560431334388872937e+00,-1.702121002601679295e-09,-8.734742268134691945e-17
1.300000000000000266e+00,1.560559698464455414e+00,-1.702121002601679295e-09,-6.040921973049221375e-17
1.302000000000000268e+00,1.560686821234130495e+00,-1.702121002601679295e-09,-1.189979347810613075e-16
1.304000000000000270e+00,1.560812693998903766e+00,-1.702121002601679295e-09,-9.926426328569036864e-17
1.306000000000000272e+00,1.560937307779380223e+00,-1.702121002601679295e-09,-9.446076412941052484e-17
1.308000000000000274e+00,1.561060660490698027e+00,-1.702121002601679295e-09,-6.441888635344167677e-17
1.310000000000000275e+00,1.561182759654719865e+00,-1.702121002601679295e-09,-8.856521867738552674e-17
1.312000000000000277e+00,1.561303618530155646e+00,-1.702121002601679295e-09,-7.671987650057841481e-17
1.314000000000000279e+00,1.561423248039909728e+00,-1.702121002601679295e-09,-9.317518950634607617e-17
1.316000000000000281e+00,1.561541649918201102e+00,-1.702121002601679295e-09,-9.664334023654066343e-17
1.318000000000000282e+00,1.561658815906233899e+00,-1.702121002601679295e-09,-6.752833362046215068e-17
1.320000000000000284e+00,1.561774733850111119e+00,-1.702121002601679295e-09,-8.250179620048482212e-17
1.322000000000000286e+00,1.561889396808901598e+00,-1.702121002601679295e-09,-6.453762847929395435e-17
1.324000000000000288e+00,1.562002809014951143e+00,-1.702121002601679295e-09,-6.070498358428903866e-17
1.326000000000000290e+00,1.562114984413962571e+00,-1.702121002601679295e-09,-6.652398650256665392e-17
1.328000000000000291e+00,1.562225938428055017e+00,-1.702121002601679295e-09,-9.530118002528413831e-17
1.330000000000000293e+00,1.562335678280168949e+00,-1.702121002601679295e-09,-6.988343982043510302e-17
1.332000000000000073e+00,1.562444198459697731e+00,-1.702121002601679295e-09,-1.127937673298656209e-16
1.334000000000000297e+00,1.562551484696422799e+00,-1.702121002601679295e-09,-1.187055373429010131e-16
1.336000000000000298e+00,1.562657524145952825e+00,-1.702121002601679295e-09,-7.354837947313962430e-17
1.338000000000000300e+00,1.562762315134050617e+00,-1.702121002601679295e-09,-7.733341458451121888e-17
1.340000000000000302e+00,1.562865869785529549e+00,-1.702121002601679295e-09,-8.562711661991785684e-17
1.342000000000000304e+00,1.562968207383253150e+00,-1.702121002601679295e-09,-1.080578665603441311e-16
1.344000000000000306e+00,1.563069342499171066e+00,-1.702121002601679295e-09,-9.257237003792022148e-17
1.346000000000000307e+00,1.563169275688653492e+00,-1.702121002601679295e-09,-9.217420103507399319e-17
1.348000000000000309e+00,1.563267993193405703e+00,-1.702121002601679295e-09,-1.296590531140589859e-16
1.350000000000000311e+00,1.563365476330492054e+00,-1.702121002601679295e-09,-1.127063382845247637e-16
1.352000000000000313e+00,1.563461714736962049e+00,-1.702121002601679295e-09,-6.088753185774844034e-17
1.354000000000000314e+00,1.563556714735887754e+00,-1.702121002601679295e-09,-5.990345294960847909e-17
1.356000000000000316e+00,1.563650496914007038e+00,-1.702121002601679295e-09,-1.521994237449342738e-16
1.358000000000000318e+00,1.563743083938752942e+00,-1.702121002601679295e-09,-1.064276483553654199e-16
1.360000000000000320e+00,1.563834486252166478e+00,-1.702121002601679295e-09,-1.510377416376373469e-16
1.362000000000000322e+00,1.563924695126820641e+00,-1.702121002601679295e-09,-1.835635350850813095e-16
1.364000000000000323e+00,1.564013688177104733e+00,-1.702121002601679295e-09,-1.181370077113841091e-16
1.366000000000000103e+00,1.564101444386848616e+00,-1.702121002601679295e-09,-8.192477847885308506e-17
1.368000000000000327e+00,1.564187959187937293e+00,-1.702121002601679295e-09,-7.184176810746910910e-17
1.370000000000000329e+00,1.564273249518776776e+00,-1.702121002601679295e-09,-9.364366830590528978e-17
1.372000000000000330e+00,1.564357344838203323e+00,-1.702121002601679295e-09,-9.007614702319325747e-17
1.374000000000000332e+00,1.564440269150280116e+00,-1.702121002601679295e-09,-8.973253997279406524e-17
1.376000000000000334e+00,1.564522025390696180e+00,-1.702121002601679295e-09,-1.069590820735720145e-16
1.378000000000000336e+00,1.564602592719537721e+00,-1.702121002601679295e-09,-1.078131472718228050e-16
1.380000000000000115e+00,1.564681939449390269e+00,-1.702121002601679295e-09,-6.899546955677098319e-17
1.382000000000000339e+00,1.564760044198554967e+00,-1.702121002601679295e-09,-8.924346011875073493e-17
1.384000000000000341e+00,1.564836911889046611e+00,-1.702121002601679295e-09,-1.018149976702168654e-16
1.386000000000000121e+00,1.564912573593816303e+00,-1.702121002601679295e-09,-6.036870061047554978e-17
1.388000000000000345e+00,1.564987069003097808e+00,-1.702121002601679295e-09,-5.170101850865943437e-17
1.390000000000000346e+00,1.565060421598738705e+00,-1.702121002601679295e-09,-9.570210466830182272e-17
1.392000000000000348e+00,1.565132622260660300e+00,-1.702121002601679295e-09,-5.668962485869878713e-17
1.394000000000000350e+00,1.565203632890643126e+00,-1.702121002601679295e-09,-6.510135482420285546e-17
1.396000000000000352e+00,1.565273409616266598e+00,-1.702121002601679295e-09,-6.644948327340994964e-17
1.398000000000000353e+00,1.565341932320521323e+00,-1.702121002601679295e-09,-1.050551595876809396e-16
1.400000000000000133e+00,1.565409221790676986e+00,-1.702121002601679295e-09,-1.210244885912379688e-16
1.402000000000000357e+00,1.565475331844261575e+00,-1.702121002601679295e-09,-8.469845446566384099e-17
1.404000000000000359e+00,1.565540318589237367e+00,-1.702121002601679295e-09,-1.160572796659815294e-16
1.406000000000000139e+00,1.565604203986826315e+00,-1.702121002601679295e-09,-9.250962468821253070e-17
1.408000000000000362e+00,1.565666956677422839e+00,-1.702121002601679295e-09,-1.105871157863605639e-16
1.410000000000000364e+00,1.565728505010692828e+00,-1.702121002601679295e-09,-7.373835888874794076e-17
1.412000000000000366e+00,1.565788778858507646e+00,-1.702121002601679295e-09,-9.398887132306816092e-17
1.414000000000000146e+00,1.565847758192122186e+00,-1.702121002601679295e-09,-6.453767910300894012e-17
1.416000000000000369e+00,1.565905498799218254e+00,-1.702121002601679295e-09,-5.537192534048167176e-17
1.418000000000000371e+00,1.565962114591332499e+00,-1.702121002601679295e-09,-1.070705617470150882e-16
1.420000000000000151e+00,1.566017717668445108e+00,-1.702121002601679295e-09,-5.272016364260772239e-17
1.422000000000000375e+00,1.566072337543064075e+00,-1.702121002601679295e-09,-8.638845157568222793e-17
1.424000000000000377e+00,1.566125833405680012e+00,-1.702121002601679295e-09,-6.955360641708289199e-17
1.426000000000000156e+00,1.566177707533317420e+00,-1.702121002601679295e-09,-6.698566519462367911e-17
1.428000000000000158e+00,1.445992361639035995e+00,-1.383600064595442753e-09,-5.656230891003424413e-17
1.430000000000000382e+00,1.446025092135152956e+00,-1.383600064595442753e-09,-6.679395894751746980e-17
1.432000000000000384e+00,1.446047202064098869e+00,-1.383600064595442753e-09,-9.715978757372994663e-17
1.434000000000000163e+00,1.446057919557460325e+00,-1.383600064595442753e-09,-7.583158233115395242e-17
1.436000000000000387e+00,1.446060567520571771e+00,-1.383600064595442753e-09,-5.037704181419769628e-17
