0.000000e+00
2.200000e+05
4.400000e+05
6.600000e+05
8.800000e+05
1.100000e+06
1.320000e+06
1.540000e+06
1.760000e+06
1.980000e+06
2.200000e+06
2.420000e+06
2.640000e+06
2.860000e+06
3.080000e+06
3.300000e+06
3.520000e+06
3.740000e+06
3.960000e+06
4.180000e+06
4.400000e+06
4.620000e+06
4.840000e+06
5.060000e+06
5.280000e+06
5.500000e+06
5.720000e+06
5.940000e+06
6.160000e+06
6.380000e+06
6.600000e+06
6.820000e+06
7.040000e+06
7.260000e+06
7.480000e+06
7.700000e+06
7.920000e+06
8.140000e+06
8.360000e+06
8.580000e+06
8.800000e+06
9.020000e+06
9.240000e+06
9.460000e+06
9.680000e+06
9.900000e+06
1.012000e+07
1.034000e+07
1.056000e+07
1.078000e+07
1.100000e+07