0.0,-0.005490856256735515,-0.003571602764278971,-0.0018915761917480184,-0.00023806307293230256,0.0014176786648114163,-0.004942178026702822,-0.0020843731113397348
0.1,-0.005490856188434403,-0.0035716026741982464,-0.0018915761157100948,-0.00023806301090396564,0.001417678715007464,-0.004942178001075313,-0.002084373095841751
0.2,-0.005490856072905983,-0.0035716025217560833,-0.0018915759869773576,-0.00023806290584541632,0.0014176788000612147,-0.004942177957721889,-0.002084373069605091
0.30000000000000004,-0.005490855907570719,-0.00357160230343593,-0.0018915758024969332,-0.00023806275519834747,0.0014176789220980426,-0.004942177895667128,-0.002084373032010428
0.4,-0.0054908556887369835,-0.0035716020142025906,-0.0018915755578956517,-0.00023806255529645922,0.0014176790841651614,-0.004942177813516313,-0.002084372982171398
0.5000000000000001,-0.005490855411518623,-0.0035716016473867464,-0.0018915752473774815,-0.00023806230127758208,0.0014176792903062504,-0.00494217770942501,-0.0020843729189143705
0.6000000000000001,-0.005490855069725868,-0.0035716011945318665,-0.0018915748635873653,-0.0002380619869668652,0.0014176795456607764,-0.004942177581058638,-0.002084372840751534
0.7000000000000001,-0.005490854655727119,-0.0035716006452000057,-0.0018915743974382885,-0.00023806160472825328,0.001417679856590415,-0.004942177425541176,-0.0020843727458466866
0.8,-0.005490854160278554,-0.0035715999867320463,-0.0018915738378975351,-0.00023806114528071215,0.0014176802308356446,-0.004942177239391899,-0.002084372631972959
0.9000000000000001,-0.005490853572317727,-0.0035715992039568926,-0.0018915731717271355,-0.00023806059747481724,0.0014176806777063294,-0.004942177018448762,-0.0020843724964615174
1.0000000000000002,-0.005490852878716563,-0.0035715982788429553,-0.0018915723831724306,-0.00023805994802436817,0.0014176812083109332,-0.004942176757776783,-0.002084372336140089
1.1,-0.005490852063988237,-0.003571597190083943,-0.0018915714535914646,-0.00023805918118661602,0.0014176818358299587,-0.004942176451559438,-0.0020843721472599045
1.2000000000000002,-0.005490851109941376,-0.0035715959126094653,-0.0018915703610165268,-0.00023805827838346147,0.001417682575840279,-0.0049421760929707,-0.002084371925409412
1.3000000000000003,-0.0054908499952738875,-0.0035715944170092396,-0.0018915690796375833,-0.0002380572177545708,0.0014176834466982733,-0.004942175674024954,-0.0020843716654128006
1.4000000000000001,-0.005490848695097315,-0.0035715926688577033,-0.0018915675791955047,-0.00023805597363173257,0.0014176844699911103,-0.004942175185401526,-0.002084371361211031
1.5,-0.005490847180381129,-0.0035715906279235633,-0.00189156582427089,-0.0002380545159218987,0.0014176856710671768,-0.004942174616240017,-0.002084371005722686
1.6,-0.005490845417304531,-0.0035715882472461716,-0.0018915637734518492,-0.0002380528093841778,0.0014176870796585787,-0.004942173953902014,-0.0020843705906814784
1.7000000000000002,-0.005490843366501292,-0.0035715854720575722,-0.0018915613783612745,-0.00023805081278352206,0.0014176887306108703,-0.004942173183694006,-0.0020843701064467497
1.8000000000000003,-0.005490840982180785,-0.003571582238525536,-0.001891558582520859,-0.000238048477900915,0.0014176906647377764,-0.004942172288545505,-0.0020843695417826712
1.9000000000000004,-0.005490838211105558,-0.003571578472288793,-0.0018915553200252971,-0.00023804574837645235,0.0014176929298216963,-0.004942171248635414,-0.00208436888360116
2.0000000000000004,-0.005490834991402648,-0.003571574086750938,-0.0018915515139956902,-0.00023804255835773602,0.0014176955817843137,-0.004942170040958566,-0.0020843681166627143
2.1,-0.005490831251182067,-0.0035715689810939433,-0.0018915470747760176,-0.00023803883092137477,0.0014176986860557547,-0.004942168638823057,-0.002084367223228415
2.2,-0.005490826906931632,-0.003571563037965819,-0.0018915418978305502,-0.00023803447622999587,0.001417702319175538,-0.0049421670112675484,-0.0020843661826552675
2.3000000000000003,-0.005490821861652298,-0.0035715561207895078,-0.0018915358612931158,-0.00023802938938089367,0.0014177065706641675,-0.004942165122385948,-0.002084364970925772
2.4000000000000004,-0.0054908160026923445,-0.0035715480706314338,-0.0018915288231110105,-0.00023802344789512558,0.0014177115452107525,-0.004942162930544946,-0.0020843635601011526
2.5000000000000004,-0.005490809199232074,-0.003571538702558077,-0.001891520617716917,-0.00023801650878733815,0.0014177173652296748,-0.00494216038747754,-0.0020843619176859713
2.6000000000000005,-0.00549080129936285,-0.0035715278013972378,-0.001891511052151194,-0.0002380084051466708,0.001417724173848226,-0.0049421574372330804,-0.0020843600058898766
2.7000000000000006,-0.005490792126695259,-0.003571515116807054,-0.00189149990154412,-0.00023799894214749964,0.001417732138397523,-0.004942154014961253,-0.002084357780769943
2.8000000000000003,-0.005490781476420666,-0.003571500357540032,-0.0018914869038527866,-0.0002379878923952859,0.0014177414544911495,-0.004942150045503918,-0.002084355191234413
2.9000000000000004,-0.005490769110738213,-0.0035714831847709558,-0.0018914717537299812,-0.00023797499049705708,0.0014177523507901068,-0.004942145441764585,-0.002084352177885565
3.0,-0.0054907547535451694,-0.003571463204336179,-0.00189145409538226,-0.0002379599267277095,0.0014177650945691902,-0.004942140102820612,-0.0020843486716758657
3.1,-0.0054907380842720704,-0.003571439957706939,-0.001891433514250874,-0.00023794233964194214,0.001417779998219166,-0.0049421339117376875,-0.0020843445923474256
3.2,-0.005490718730724997,-0.0035714129114904417,-0.0018914095273219083,-0.00023792180745671945,0.0014177974268416193,-0.004942126733039882,-0.0020843398466199817
3.3000000000000003,-0.005490696260775176,-0.003571381445218872,-0.001891381571840125,-0.00023789783800012008,0.0014178178071195876,-0.0049421184097811904,-0.0020843343260870716
3.4000000000000004,-0.005490670172710348,-0.00357134483714741,-0.0018913489921639666,-0.0002378698569885885,0.0014178416376777075,-0.004942108760156059,-0.002084327904773602
3.5000000000000004,-0.00549063988403246,-0.0035713022477369244,-0.0018913110244560161,-0.0002378371943551614,0.001417869501181336,-0.0049420975735766075,-0.002084320436300573
3.6000000000000005,-0.005490604718451573,-0.0035712527004441866,-0.0018912667788530035,-0.00023779906830528292,0.0014179020784657803,-0.0049420846061329505,-0.0020843117505940246
3.7,-0.005490563890785553,-0.0035711950593810627,-0.0018912152187010056,-0.00023775456672325257,0.0014179401650354078,-0.0049420695753399895,-0.0020843016500652635
3.8000000000000007,-0.005490516489428424,-0.0035711280033327367,-0.0018911551363734022,-0.0002377026254899389,0.0014179846903291263,-0.004942052154058931,-0.002084289905177782
3.900000000000001,-0.005490461455995888,-0.0035710499955420192,-0.0018910851251100083,-0.00023764200319965385,0.0014180367402149105,-0.0049420319634643824,-0.0020842762493028222
4.000000000000001,-0.005490397561693575,-0.00357095924857028,-0.001891003546223571,-0.00023757125167934257,0.0014180975832532366,-0.004942008564907722,-0.0020842603727499005
4.1,-0.0054903233798803425,-0.003570853683433351,-0.0018909084909125389,-0.0002374886816144828,0.001418168701359329,-0.004941981450504159,-0.002084241915840555
4.2,-0.005490237254214034,-0.003570730882080284,-0.0018907977357941596,-0.00023739232247106142,0.001418251825599143,-0.004941950032244047,-0.002084220460872582
4.3,-0.005490137261668425,-0.0035705880321311996,-0.0018906686911265508,-0.00023727987576891744,0.0014183489779764924,-0.004941913629397921,-0.0020841955227978094
4.4,-0.005490021169595624,-0.003570421862614116,-0.0018905183405193019,-0.0002371486606056128,0.0014184625202115636,-0.004941871453948881,-0.0020841665384082834
4.5,-0.00548988638587519,-0.00357022856923568,-0.001890343170735256,-0.00023699555014802473,0.0014185952106776634,-0.004941822593744515,-0.0020841328537932356
4.6000000000000005,-0.0054897299010368905,-0.003570003727482389,-0.0018901390899570248,-0.00023681689759694153,0.0014187502708572846,-0.004941765993012671,-0.0020840937097914704
4.7,-0.005489548221064828,-0.0035697421915718494,-0.0018899013326251725,-0.00023660844988303195,0.0014189314629050962,-0.004941700429830159,-0.0020840482251201485
4.800000000000001,-0.005489337289382542,-0.003569437976951506,-0.0018896243486446996,-0.00023636524706497565,0.0014191431801695903,-0.004941624490069613,-0.0020839953768104057
4.9,-0.005489092396277195,-0.003569084123667873,-0.0018893016743954565,-0.00023608150506556125,0.0014193905528330497,-0.004941536537276081,-0.002083933977521706
5.000000000000001,-0.005488808073740428,-0.003568672537493977,-0.0018889257825618825,-0.00023575047899134294,0.0014196795711885505,-0.004941434677839791,-0.002083862649239052
5.1000000000000005,-0.005488477973377885,-0.0035681938051967347,-0.0018884879073086372,-0.0002353643038270274,0.0014200172294912545,-0.004941316720733317,-0.0020837797927787814
5.200000000000001,-0.005488094724661353,-0.0035676369797377236,-0.0018879778407597876,-0.0002349138087664383,0.0014204116938092255,-0.00494118013096797,-0.00208368355243785
5.300000000000001,-0.005487649770358554,-0.0035669893305170274,-0.001887383696077224,-0.00023438830082547364,0.0014208724978677816,-0.004941021975793282,-0.002083571775016427
5.400000000000001,-0.005487133175466034,-0.00356623605297493,-0.0018866916316638831,-0.00023377531266459764,0.0014214107715444346,-0.004940838862512339,-0.002083441962322028
5.500000000000001,-0.005486533405378983,-0.003565359930942236,-0.0018858855301212396,-0.000233060308712361,0.001422039507444278,-0.004940626866611297,-0.0020832912161226824
5.6000000000000005,-0.0054858370683449256,-0.003564340944055917,-0.0018849466245477447,-0.00023222634270794583,0.0014227738718863997,-0.004940381448700056,-0.0020831161743537626
5.7,-0.005485028616450751,-0.0035631558113082555,-0.0018838530635522156,-0.00023125365864705132,0.001423631567681684,-0.004940097358528746,-0.002082912937194727
5.800000000000001,-0.005484089998466679,-0.0035617774603464037,-0.0018825794049445275,-0.0002301192257954468,0.0014246332573057525,-0.004939768524076542,-0.0020826769814140536
5.9,-0.005483000256795821,-0.0035601744104523563,-0.0018810960264245414,-0.00022879619689755324,0.0014258030564964837,-0.004939387923399925,-0.002082403061128402
6.0,-0.005481735059529941,-0.0035583100551725413,-0.0018793684396797776,-0.00022725327691786135,0.0014271691099668887,-0.004938947436570535,-0.0020820850928304803
6.1000000000000005,-0.005480266157163132,-0.003556141828287103,-0.0018773564920808031,-0.0002254539875695186,0.0014287642628599236,-0.004938437674620865,-0.0020817160222026017
6.2,-0.005478560751832792,-0.003553620234159859,-0.001875013437578032,-0.00022335581045877882,0.0014306268438273784,-0.004937847781940885,-0.0020812876698427657
6.300000000000001,-0.0054765807650042474,-0.0035506877204308502,-0.0018722848553972427,-0.0002209091888500632,0.0014328015782429197,-0.004937165208020515,-0.002080790552578899
6.4,-0.005474281987247777,-0.003547277367434553,-0.001869107391633105,-0.00021805636476903827,0.0014353406531210425,-0.004936375443800591,-0.0020802136765250084
6.500000000000001,-0.0054716130911241214,-0.0035433113645672747,-0.001865407294771729,-0.0002147300243342232,0.001438304958880464,-0.004935461717165611,-0.0020795442974297362
6.6000000000000005,-0.005468514485138066,-0.0035386992389926353,-0.0018610987114409323,-0.00021085171975305505,0.0014417655372455645,-0.004934404641270428,-0.002078767643170284
6.700000000000001,-0.0054649169831709945,-0.003533335796455076,-0.0018560817031822833,-0.00020633003123319378,0.0014458052694194868,-0.004933181808422927,-0.0020778665924380663
6.800000000000001,-0.005460740259683311,-0.003527098727440685,-0.0018502399386369581,-0.00020105842602450305,0.0014505208443002676,-0.0049317673211260685,-0.0020768213027305975
6.900000000000001,-0.005455891056194283,-0.0035198458243346064,-0.0018434380080908303,-0.00019491276478262752,0.0014560250530777999,-0.004930131250592679,-0.0020756087796862128
7.000000000000001,-0.0054502610989933115,-0.003511411746403065,-0.001835518298663929,-0.0001877483972694569,0.0014624494641973026,-0.004928239011558984,-0.002074202378553161
7.100000000000001,-0.005443724681589004,-0.0035016042591760827,-0.0018262973583567789,-0.00017939677989083837,0.0014699475415818548,-0.004926050640508022,-0.00207257122714521
7.200000000000001,-0.005436135857916612,-0.003490199862892347,-0.0018155616654518393,-0.00016966153649861933,0.0014786982793790857,-0.004923519962437013,-0.0020706795579726245
7.300000000000001,-0.0054273251836333795,-0.003476938710820947,-0.0018030627061455832,-0.0001583138709978892,0.0014889104385760472,-0.004920593629023711,-0.002068485935315875
7.4,-0.0054170959327409715,-0.0034615187021827566,-0.0017885112474432608,-0.00014508722530471403,0.001500827484891448,-0.004917210008419582,-0.0020659423607885053
7.500000000000001,-0.005405219705059177,-0.003443588615693205,-0.0017715706739253312,-0.00012967105875036575,0.001514733343731548,-0.004913297903869608,-0.0020629932383706222
7.600000000000001,-0.005391431326473954,-0.003422740128015396,-0.0017518492355694491,-0.00011170360472396773,0.0015309591070644234,-0.004908775074868442,-0.0020595741769308213
7.700000000000001,-0.005375422928091796,-0.0033984985361568466,-0.0017288910288992567,-9.076343672098351e-05,0.0015498908492676171,-0.004903546530540515,-0.002055610604831227
7.800000000000002,-0.005356837072098947,-0.003370311973493626,-0.001702165504761457,-6.635964847756664e-05,0.0015719787348500245,-0.00489750256029675,-0.0020510161672564913
7.9,-0.005335258770838663,-0.0033375388749996193,-0.0016710552623471952,-3.7920420890515355e-05,0.001597747631036857,-0.004890516461479351,-0.002045690872341116
8.000000000000002,-0.005310206220907322,-0.0032994334076252474,-0.0016348418499068495,-4.779711216281075e-06,0.0016278094732313454,-0.004882441917552395,-0.0020395189468964564
8.100000000000001,-0.005281120045378974,-0.003255128535714364,-0.0015926892470657218,3.383824324206124e-05,0.0016628776721363586,-0.00487310997330551,-0.002032366356448908
8.2,-0.0052473508039571435,-0.0032036163378302267,-0.0015436246506977454,7.883696510474229e-05,0.0017037838987731357,-0.004862325545369508,-0.0020240779372705303
8.3,-0.005208144492178811,-0.0031437251291727385,-0.0014865161247526655,0.00013126873726238006,0.0017514976388658288,-0.004849863396933119,-0.002014474079965153
8.4,-0.005162625705894671,-0.003074092871506454,-0.0014200466028539654,0.00019235904845724916,0.0018071489723411056,-0.004835463494710567,-0.002003346894802791
8.500000000000002,-0.00510977809511981,-0.002993136268550533,-0.0013426836492746001,0.00026353504821101663,0.00187205510850009,-0.004818825653725079,-0.001990455778176547
8.6,-0.005048421670825556,-0.002899014847213429,-0.0012526442871527539,0.0003464586673969731,0.0019477512944752616,-0.00479960336109417,-0.0019755222870712678
8.700000000000001,-0.004977186457975303,-0.002789589211685453,-0.001147854090345796,0.0004430651679743948,0.0020360268158872187,-0.0047773966534426305,-0.001958224214021559
8.8,-0.004894481906525525,-0.0026623725256736414,-0.001025899604575522,0.0005556080101054588,0.0021389669264911095,-0.0047517439034993406,-0.0019381887384059358
8.900000000000002,-0.004798461377396403,-0.0025144741250051335,-0.0008839730115327779,0.0006867110699040952,0.002259001680753608,-0.004722112349474885,-0.0019149845107328009
9.0,-0.004686980910449748,-0.0023425339849856156,-0.0007188077729313495,0.0008394294097290408,0.0023989628028733235,-0.00468788717553346,-0.001888112504429251
9.100000000000001,-0.004557551353839729,-0.0021426465602690783,-0.0005266037861281112,0.0010173199990738653,0.0025621499114050284,-0.0046483589225624605,-0.0018569954440949387
9.200000000000001,-0.004407282785873644,-0.001910272274915987,-0.0003029403442048645,0.0012245240121911082,0.002752407634621988,-0.004602708974930348,-0.0018209655897066575
9.300000000000002,-0.004232819988426121,-0.001640134661378483,-4.26749159213799e-05,0.0014658625938109297,0.002974215402990438,-0.004549992830344504,-0.0017792506222589516
9.4,-0.004030267531147889,-0.0013261008230670622,0.00026017456157254645,0.0017469482927075608,0.003232791997380656,-0.004489120815513239,-0.0017309573371037843
9.500000000000002,-0.0037951027937385196,-0.0009610425186223747,0.0006125665592550057,0.0020743147214473344,0.0035342172715750442,-0.00441883585920243,-0.0016750528060169368
9.600000000000001,-0.0035220749842321294,-0.0005366747285558623,0.0010225951196664654,0.002455567417566126,0.003885573863017023,-0.004337687875450141,-0.0016103426168486857
9.700000000000001,-0.0032050878985616597,-4.336805668160018e-05,0.001499674931339489,0.002899559366146378,0.004295112165592996,-0.004244004242000382,-0.0015354457394543834
9.8,-0.0028370638036406427,0.0005300692717064661,0.0020547565268337654,0.003416595207298961,0.004772442373039308,-0.004135855781110281,-0.001448765497228412
9.9,-0.0024097854047243103,0.001196644738945853,0.002700576500960202,0.004018668807191402,0.005328758023496507,-0.00401101756023645,-0.0013484560435804867
10.000000000000002,-0.0019348253854334966,0.0019384890811556762,0.0034199532029908367,0.004689879964102314,0.005949476623160289,-0.0038730487398084437,-0.0012373204941101882
10.1,-0.0014520564844746663,0.0026939656251239587,0.004153575101685654,0.0053752944180672346,0.006584168031771549,-0.0037340854807311656,-0.0011249312284133495
10.200000000000001,-0.000942770094700611,0.0034925192808906006,0.0049301534515980815,0.00610184300374716,0.007257869450661287,-0.0035889154974373585,-0.0010070213101176571
10.3,-0.00040796426252646695,0.004332830905278917,0.005748578304605139,0.006868642310139192,0.007969906153810335,-0.003438069178093172,-0.0008839456303179612
10.400000000000002,0.00015131295528780266,0.005213508536955371,0.006607672454711711,0.00767474955498298,0.008719552151315087,-0.0032821012124847238,-0.0007560780737593913
10.5,0.0007339655455097464,0.006133089313724596,0.007506192358007008,0.008519162634926195,0.009506029529326221,-0.003121588839945984,-0.0006238106865219259
10.600000000000001,0.001338851686287096,0.007090041524096962,0.008442829176419059,0.009400820282598405,0.010328507877647383,-0.0029571299807389993,-0.0004875527614461835
10.700000000000001,0.0019647859847711875,0.008082766790877952,0.00941620994590891,0.01031860233325902,0.011186103808903228,-0.002789341255898727,-0.000347729842300452
10.800000000000002,0.0026105418001264877,0.009109602384269435,0.010424898869515037,0.01127133010354301,0.012077880573138505,-0.0026188559011465678,-0.00020478264804753982
10.9,0.003274853647373459,0.010168823661715039,0.011467398735449478,0.012257766884671943,0.013002847771649385,-0.0024463215810616844,-5.91659189253615e-05
11.000000000000002,0.00395641967735419,0.011258646631466163,0.012542152460197256,0.013276618552334158,0.013959961173773953,-0.002272398110273584,8.865281357262663e-05
11.100000000000001,0.004653904227960842,0.01237723063659077,0.013647544756345524,0.014326534295259489,0.014948122640282346,-0.0020977550889992222,0.000238194530362387
11.200000000000001,0.005365940441626982,0.013522681155894924,0.014781903924619273,0.015406107464330278,0.015966180156907237,-0.001923069460792983,0.00038897009925135864
11.3,0.006091132943952796,0.01469305271798092,0.015943503769353846,0.016513876543870487,0.017012927981440107,-0.0017490230009007605,0.0005404817170312258
11.4,0.00682806057821445,0.015886351924417796,0.01713056563638131,0.017648326246547174,0.01808710690769224,-0.0015762997441121016,0.000692224415601564
11.500000000000002,0.0075752791903988944,0.01710054057776316,0.018341260572047435,0.0188078887331026,0.019187404649476013,-0.0014055833614797886,0.0008436876281704021
11.600000000000001,0.008331324459306622,0.018333538909935825,0.01957371160182482,0.019990944957902945,0.020312456347606138,-0.0012375544957233206,0.0009943568112090752
11.700000000000001,0.009094714766175668,0.019583228906210757,0.020825996126708386,0.021195826141054915,0.021460845202748494,-0.0010728880655488699,0.0011437151174716375
11.8,0.009863954098203846,0.02084745771988082,0.022096148435324786,0.022420815367590646,0.022631103236759428,-0.000912250549498542,0.0012912451150375072
11.900000000000002,0.01063753498027871,0.022124041172412106,0.023382162329415028,0.02366414931396516,0.02382171218495677,-0.0007562972602859104,0.0014364305469841015
12.0,0.011413941429170332,0.023410767333706783,0.024681993860073102,0.024924020101842366,0.02503110452154806,-0.0006056696208779563,0.0015787581259625759
12.100000000000001,0.012191651924397164,0.024705400176882598,0.025993564171853653,0.026198577278871954,0.026257664620212545,-0.0004609924538442334,0.0017177193576275447
12.200000000000001,0.012969142389943702,0.026005683301780023,0.027314762451596423,0.027485929925872912,0.027499730051586787,-0.0003228712957088452,0.0018528123865616825
12.300000000000002,0.01374488918098539,0.027309343721221135,0.028643448978528174,0.028784148889549315,0.02875559301914486,-0.00019188974820953837,0.00198354385805079
12.4,0.014517372069769621,0.02861409570385975,0.029977458271936083,0.0300912691395628,0.030023501934689303,-6.860687848386435e-05,0.0021094307887866886
12.500000000000002,0.015285077224799246,0.029917644667295382,0.03131460233244248,0.03140529224848029,0.03130166313437992,4.64453197302336e-05,0.0022300024393367085
12.600000000000001,0.016046500177482114,0.031217691114959024,0.03265267397262599,0.03272418899280217,0.03258824273592635,0.00015276439178159122,0.0023448021809794493
12.700000000000003,0.016800148770431837,0.032511934610125935,0.033989450232477576,0.03404590207295482,0.03388136863725077,0.0002498798026265318,0.002453389349315373
12.8,0.01754454608164235,0.03379807778027331,0.03532269587491031,0.03536834894981086,0.03517913265659858,0.00033735522023010944,0.0025553410768841198
12.9,0.01827823331880588,0.03507383034486586,0.03665016695628434,0.03668942479496545,0.036479592813732656,0.0004147906900530433,0.002650254096871027
13.000000000000002,0.01899977267810212,0.03633691315953497,0.03796961446664539,0.03800700555166911,0.0377807757514875,0.0004818246890496104,0.0027377465098779056
13.100000000000001,0.01970775016185634,0.037585062269510416,0.0392787880341271,0.039318951102976035,0.03908067929659523,0.0005381360478779141,0.0028174595056423704
13.200000000000001,0.02040077834954479,0.038816032965066555,0.04057543968773011,0.04062310854333022,0.04037727515831254,0.0005834457303636178,0.002889059031553891
13.3,0.021077499116716972,0.04002760383166222,0.041857327672426496,0.041917315549469196,0.04166851176298936,0.0006175184596570668,0.0029522373997846263
13.400000000000002,0.021736586296506287,0.041217580787384106,0.043122220310338105,0.04319940384618426,0.042952317222318584,0.0006401641809815634,0.003006714824896166
13.500000000000002,0.02237674827851395,0.04238380110024533,0.04436789990148325,0.04446720276213101,0.04422660243259573,0.0006512393513903175,0.003052240883827508
13.600000000000001,0.02299673053997215,0.043524137377846654,0.04559216665739303,0.04571854287054616,0.045489264301898535,0.0006506480475270606,0.0030885958902828747
13.700000000000001,0.023595318104227634,0.04463650152187955,0.04679284266066669,0.04695125970938247,0.04673818910167034,0.0006383428830196089,0.003115592175672111
13.800000000000002,0.024171337921725954,0.045718848639930885,0.047967775843372376,0.048163197575040034,0.047971255938758714,0.0006143257278287016,0.003133075268937891
13.9,0.02472366116883175,0.04676918090704977,0.04911484397696874,0.049352213383535265,0.049186340343518806,0.0005786482226191004,0.003140924967832329
14.000000000000002,0.025251205459980074,0.047785551369547825,0.05023195866629683,0.05051618059262127,0.05038131796915079,0.0005314120820196552,0.003139056294460427
14.100000000000001,0.02575293696882256,0.04876606768353,0.05131706933998096,0.05165299317805014,0.05155406839699082,0.00047276918148622844,0.00312742032822437
14.200000000000003,0.026227872454212854,0.04970889578069705,0.05236816722946321,0.05276056965684755,0.052702479042026004,0.0004029214233773285,0.003106004909642011
14.3,0.02667508118705989,0.0506122634540139,0.053383289328740174,0.053836857150165444,0.053824449152453074,0.0003221203787917284,0.003074835208910504
14.400000000000002,0.02709368677427417,0.0514744638559104,0.05436052232674443,0.05487983547797218,0.05491789389664993,0.00023066670269649824,0.0030339741535093563
14.500000000000002,0.02748286887623136,0.052293858901768825,0.055298006504224784,0.05588752127755288,0.05598074853047996,0.00012890932089125017,0.0029835227096173273
14.600000000000001,0.02784186481438857,0.05306888257154856,0.05619393958685751,0.0568579721375122,0.057010972637401874,1.7244388402304703e-05,0.0029236200126215696
14.700000000000001,0.028169971065902154,0.05379804410252189,0.057046580546266594,0.05778929073869983,0.05800655443341813,-0.00010388598002086889,0.0028544433425535098
14.8,0.028466544642318806,0.05447993106621651,0.05785425334055753,0.05867962899323138,0.05896551512845609,-0.0002339952055349856,0.0027762079408674735
14.900000000000002,0.02873100434963706,0.055113212322816546,0.058615350585922585,0.05952719217252773,0.0598859133353511,-0.0003725539640656982,0.002689166665608341
15.000000000000002,0.028962831927270873,0.055696640846425484,0.05932833715086366,0.06033024301507886,0.06076584951717813,-0.0005189921243789484,0.00259360948266264
15.100000000000001,0.029161573063682715,0.056229056414776796,0.0599917536645476,0.06108710580442467,0.06160347046327195,-0.0006727009001952639,0.0024898627914816014
15.200000000000003,0.029326838286696043,0.05670938815716414,0.06060421993083718,0.06179617040765385,0.06239697378387825,-0.0008330352100375769,0.002378288584381178
15.3,0.02945830372674209,0.057136656954570784,0.06116443823955621,0.06245589626455453,0.06314461241299657,-0.0009993162373635456,0.0022592834392646793
15.400000000000002,0.02955571175154622,0.05750997768619417,0.06167119656660772,0.06306481631738703,0.06384469910860942,-0.0011708341824025106,0.0021332773463852827
15.500000000000002,0.029618871471008036,0.05782856131679657,0.06212337165461185,0.0636215408711314,0.0644956109391419,-0.0013468511960025033,0.0020007323705519605
15.600000000000003,0.02964765911128875,0.058091716819558305,0.06251993196583996,0.06412476137393783,0.06509579374466662,-0.001526604484698671,0.0018621411509893507
15.700000000000001,0.029642018257369576,0.05829885292937077,0.0628599404993117,0.06457325410743149,0.06564376656106155,-0.0017093095751492585,0.0017180252418789958
15.8,0.02960195996360853,0.05844947972178045,0.06314255746405567,0.06496588377645177,0.06613812599504079,-0.0018941637250538697,0.0015689332974449743
15.900000000000002,0.029527562732076955,0.05854321001307705,0.06336704280068325,0.06530160698777486,0.06657755053771362,-0.0020803494666776245,0.0014154391062749056
16.000000000000004,0.029418972358719223,0.05857976057732587,0.06353275854359401,0.06557947560734609,0.06696080480410188,-0.0022670382681613727,0.0012581394804140698
16.1,0.02927640164763745,0.05855895317644365,0.06363917101632201,0.06579863998557159,0.0672867436858252,-0.0024533942969061323,0.0010976520055998341
16.200000000000003,0.02910012999405974,0.05848071539974873,0.06368585285273995,0.06595835204025187,0.0675543164039983,-0.0026385782684887234,0.0009346126598368028
16.300000000000004,0.02889050283681094,0.05834508130974169,0.06367248483707688,0.06605796818681157,0.0677625704492283,-0.002821751363798965,0.0007696733083320576
16.4,0.02864793098135722,0.058152191891221554,0.06359885755595446,0.06609695210557907,0.06791065539549605,-0.003002079196391348,0.0006034990836105416
16.5,0.028372889794752554,0.057902295301190426,0.06346487285591951,0.06607487733599327,0.06799782657462047,-0.003178735811426826,0.0004367656604154697
16.6,0.0280659182740638,0.05759574691736547,0.06327054510025244,0.06599142968777291,0.06802344859796679,-0.0033509076970402946,0.000270156435757079
16.700000000000003,0.02772761799010063,0.057233009183486755,0.06301600221914082,0.0658464094592747,0.06798699871205278,-0.0035177977885206,0.00010435962519793123
16.8,0.02735865190851918,0.05681465124998738,0.06270148654764433,0.06563973345347784,0.06788806997474435,-0.003678629445328422,-5.993471283964732e-05
16.900000000000002,0.0269597430906115,0.056341348408981834,0.062327355446235244,0.06537143678229333,0.06772637423880572,-0.0038326503807156577,-0.0002220377123075914
17.000000000000004,0.026531673276325253,0.055813881322916425,0.06189408169908031,0.06504167445016723,0.06750174492968702,-0.0039791365235449065,-0.000381264781261425
17.1,0.026075281352291126,0.0552331350466319,0.06140225368560234,0.06465072270826822,0.0672141396045935,-0.004117395791847502,-0.000536938716473635
17.2,0.025591461707860173,0.05460009784298538,0.060852575321310706,0.06419898017089173,0.06686364228008301,-0.004246771757704455,-0.0006883928368203651
17.3,0.02508116248237277,0.05391585979259289,0.060245865764283736,0.06368696868609332,0.06645046551569056,-0.004366647183189047,-0.0008349741208714622
17.400000000000002,0.02454538370709402,0.0531816111986643,0.059583058884158595,0.06311533395296987,0.06597495224137215,-0.004476447407375135,-0.0009760463337351074
17.500000000000004,0.02398517534545633,0.0523986407883176,0.05886520249095083,0.062484845878455444,0.06543757731690293,-0.004575643564792822,-0.0011109931278813106
17.6,0.02340163523545088,0.05156833371217898,0.05809345732149079,0.061796398666962835,0.06483894881175609,-0.004663755616203715,-0.0012392211024184947
17.700000000000003,0.022795906938198773,0.05069216934449122,0.05726909578178044,0.06105101063671541,0.06417980899442323,-0.004740355173171873,-0.0013601628051216194
17.800000000000004,0.022169177496919202,0.04977171888637608,0.05639350044408056,0.06024982375714072,0.06346103502062546,-0.004805068098623005,-0.0014732796614069137
17.9,0.021522675110685778,0.04880864277531196,0.05546816229805893,0.05939410290227165,0.06268363931039818,-0.004857576866413244,-0.0015780648144285508
18.0,0.020857666727529724,0.04780468790430715,0.0544946787558785,0.05848523481568557,0.061848769604613024,-0.004897622663867049,-0.0016740458605334308
18.1,0.020175455561607575,0.046761684654665576,0.05347475141164457,0.057524726783145214,0.06095770869213358,-0.004925007222290183,-0.0017607874644582446
18.200000000000003,0.01947737853929747,0.04568154374665202,0.05241018355620483,0.056514205009750886,0.06001187379947956,-0.004939594361614336,-0.0018378938388825053
18.3,0.018764803679230023,0.04456625291277434,0.05130287744884597,0.055455412699092356,0.05901281563560075,-0.004941311236581724,-0.0019050110732760847
18.400000000000002,0.01803912741138815,0.04341787339880314,0.05015483134803854,0.05435020783259561,0.05796221708513421,-0.004930149273225899,-0.001961829297386861
18.500000000000004,0.017301771840529046,0.042238536298046664,0.04896813630393375,0.05320056064798421,0.05686189154433845,-0.004906164785844376,-0.002008084665214459
18.600000000000005,0.016554181959291286,0.04103043872479067,0.047744972715936376,0.052008550816530975,0.055713780894763816,-0.004869479266183507,-0.0020435611459057026
18.7,0.01579782281644881,0.03979583983319625,0.04648760665925941,0.05077636431954333,0.054519953110622646,-0.004820279338159924,-0.0020680921086842093
18.8,0.015034176645860983,0.03853705668832338,0.045198385984961675,0.04950629002532531,0.05328259949677834,-0.004758816373118761,-0.0020815616896933085
18.900000000000002,0.014264739961745106,0.0372564599963148,0.04387973619858895,0.048200715968664466,0.05200403155525733,-0.0046854057623691575,-0.002083905929483744
19.000000000000004,0.013491020625963631,0.03595646970112875,0.04253415612311204,0.04686212533572433,0.05068667747922442,-0.004600425845533903,-0.0020751136708137803
19.1,0.01271453489307368,0.03463955045555408,0.04116421335248632,0.04549309215806416,0.049333078274422515,-0.004504316495093546,-0.002055227207448127
19.200000000000003,0.011936804438929274,0.03330820697457445,0.039772539502723595,0.044096276720360914,0.047945883509184585,-0.004397577359386962,-0.0020243426757381826
19.300000000000004,0.011159353378659451,0.031964979279465976,0.038361825267984664,0.04267442068728033,0.0465278466952536,-0.004280765768239991,-0.00198261018193711
19.400000000000002,0.010383705279866207,0.030612437841319274,0.03693481528977106,0.0412303419558076,0.04508182030281434,-0.004154494307321128,-0.001930233659444718
19.5,0.009611380176895546,0.029253178632968443,0.03549430284787868,0.03976692924024011,0.04361075041432506,-0.0040194280692584005,-0.001867470451482782
19.6,0.008843891592032312,0.027889818098583746,0.03404312438234652,0.03828713639791671,0.04211767102295537,-0.0038762815914822374,-0.0017946306160678892
19.700000000000003,0.00808274356945703,0.026524988050446095,0.03258415385618982,0.03679397650465023,0.040605697982663454,-0.0037258154926758237,-0.0017120759515680617
19.8,0.0073294277277767125,0.02516133050266321,0.031120296969260247,0.03529051568970842,0.03907802261820213,-0.0035688328216037894,-0.001620218742596542
19.900000000000002,0.006585420336906136,0.023801492451811315,0.029654485234091144,0.03377986674106838,0.03753790500460008,-0.0034061751339426877,-0.001519520227502521
20.000000000000004,0.0058521794250278305,0.02244812061469598,0.028189669925121084,0.03226518249254102,0.035988666926942886,-0.003238718314538032,-0.0014104887902584517
20.100000000000005,0.0051311419213003135,0.021103856133609815,0.02672881591317719,0.03074964900522206,0.03443368453254901,-0.003067368164254978,-0.0012936778811066276
20.2,0.004423720839914006,0.019771329259635262,0.025274895397581577,0.029236478556577527,0.032876380688921986,-0.0028930557722564765,-0.0011696836719100015
20.3,0.0037313025110132557,0.018453154024687203,0.023830881548696305,0.027728902451302825,0.03132021706212855,-0.002716732696127266,-0.001039142453738059
20.400000000000002,0.0030552438639108977,0.01715192291311751,0.022399742074174982,0.02623016366890977,0.02976868593152639,-0.002539365973749637,-0.0009027277858075541
20.500000000000004,0.0023968697679195164,0.01587020154380857,0.020984432722581187,0.024743509363792094,0.02822530175801406,-0.002361932992217943,-0.000761147406470633
20.6,0.001757470436010643,0.014610523373767347,0.019587890738433048,0.023272183234281846,0.026693592524220357,-0.002185416240342198,-0.0006151399185031642
20.700000000000003,0.0011382988963896832,0.013375384434291322,0.018213028283088854,0.021819417777959732,0.025177090866261714,-0.002010797972427692,-0.0004654712624663391
20.800000000000004,0.0005405685369418408,0.01216723811081694,0.01686272583622005,0.02038842645118508,0.023679325017888646,-0.0018390548120153075,-0.0003129309934064475
20.900000000000002,-3.454927263908409e-05,0.010988489977576876,0.015539825592913767,0.018982395751492628,0.02220380958899874,-0.0016711523251190293,-0.00015832837758726756
21.0,-0.0005859274763790161,0.009841492698182831,0.01424712487172293,0.017604477242143184,0.020754036201614978,-0.0015080395931944507,-2.4883273329352057e-06
21.1,-0.0011124855407104771,0.008728541003219657,0.012987369549208027,0.016257779538714847,0.019333464007505557,-0.0013506438166049437,0.00015375280664084315
21.200000000000003,-0.0016131915719897394,0.0076518667558802145,0.01176324753672762,0.014945360278181772,0.01794551011265426,-0.001199864979716806,0.00030955156479468317
21.3,-0.002087064338694481,0.006613634116590238,0.010577382315386049,0.013670218091438707,0.01659353993476826,-0.001056570608941881,0.0004640618084902617
21.400000000000002,-0.002533175194339114,0.005615934817467827,0.00943232654518693,0.012435284600695965,0.015280857520931355,-0.0009215906550526067,0.0006164392270783243
21.500000000000004,-0.0029506498973394207,0.004660783557333476,0.008330555764527053,0.011243416463581261,0.014010695853369119,-0.0007957125309164068,0.0007658458986356514
21.600000000000005,-0.0033386703242601653,0.0037501135278331815,0.007274462196211697,0.010097387486145592,0.012786207172083463,-0.0006796763354273575,0.0009114548798080028
21.7,-0.0036964760730881546,0.002885772081059445,0.006266348676195811,0.008999880827274202,0.011610453343830256,-0.0005741702938558855,0.00105245479953251
21.8,-0.0040233659533889165,0.002069516548852821,0.00530842272121192,0.00795348131724721,0.010486396307555403,-0.0004798264440862409,0.0011880544308454839
21.900000000000002,-0.004331146119256597,0.0012700024282421376,0.00436366897421365,0.006917719415617716,0.009370576035580419,-0.00039350046532474637,0.0013233405808292789
22.000000000000004,-0.004602293643456348,0.0005506989552186898,0.0035129284099205396,0.00598458962174104,0.008364900007284612,-0.0002605758323036304,0.0014996163551067939
22.1,-0.004828865569710021,-6.876140411836863e-05,0.0027794128963590367,0.005179649623258929,0.00749703925320961,-8.235071472939125e-05,0.0017143696844079534
22.200000000000003,-0.005015920828464325,-0.0006021484976373036,0.002146956555219441,0.004485319993732001,0.006748211926065129,0.0001443797375819799,0.0019715297870775486
22.300000000000004,-0.005167636016349624,-0.00106131669845625,0.0016016256312795037,0.0038864448031237188,0.006102223263010807,0.00042369888217665044,0.002275801534959842
22.400000000000002,-0.005287398651828206,-0.0014564690060929796,0.0011314100548791301,0.003369958425883412,0.0055451119804356104,0.0007606405341549155,0.00263274975456066
22.5,-0.005377882812192071,-0.0017963843185382115,0.0007259576804022308,0.002924598452774762,0.005064845644862041,0.001161277917128411,0.003048898984882153
22.6,-0.005441108840744015,-0.0020886129497193163,0.00037634529208442017,0.002540658352980584,0.004651058308580633,0.0016328311469548107,0.003531850436781724
22.700000000000003,-0.005478488457312505,-0.0023396447571119947,7.488128768267169e-05,0.00220977441548527,0.004294824633493762,0.0021837951069305847,0.004090418201948778
22.8,-0.005490856279334356,-0.002555053632216738,-0.00018506434387577093,0.0019247422593376769,0.0039884655331248586,0.002824089931123864,0.004734787097811842
22.900000000000002,-0.005478488457312501,-0.002739621578538343,-0.0004092065270330735,0.0016793588581127585,0.003725381058820058,0.0035652367080767147,0.005476694913710801
23.000000000000004,-0.0054411088407440075,-0.0028974451457640846,-0.0006024713390352337,0.0014682865893722208,0.0034999068573490673,0.0044205614570199305,0.006329642250020354
23.100000000000005,-0.005377882812192056,-0.003032026594823111,-0.0007691047860710319,0.0012869363077870149,0.0033071910467900624,0.005405430920599589,0.007309133622913146
23.200000000000003,-0.005287398651828191,-0.0031463518276063636,-0.0009127665294991608,0.0011313668617122068,0.0031430888073210195,0.0065375242703272236,0.00843295405129162
23.3,-0.005167636016349605,-0.003242956819704941,-0.001036610640921506,0.0009981988367847247,0.003004072373335577,0.007837145442985688,0.009721485958420258
23.400000000000002,-0.005015920828464303,-0.0033239840379768793,-0.0011433551765571712,0.0008845406246484586,0.0028871544518081728,0.009327581528634884,0.011198071919372957
23.500000000000004,-0.0048288655697099935,-0.0033912301013399398,-0.001235342112952103,0.0007879251872039817,0.002789823386559126,0.011035513425625235,0.012889429578496234
23.6,-0.004602293643456315,-0.003446185747917437,-0.0013145889719778042,0.0007062561228855751,0.0027099886455407875,0.012991485878611585,0.014826125962049057
23.700000000000003,-0.004331146119256559,-0.0034900690001713128,-0.0013828332785543053,0.0006377618466343176,0.002645935434174412,0.015230445037233234,0.01704311943530761
23.800000000000004,-0.004023365953388867,-0.003522641092566262,-0.0014392282458731928,0.000583253495361063,0.0025983073160521083,0.017684066661115827,0.01947300950051952
23.900000000000006,-0.0036964760730881035,-0.00354611752906984,-0.001490610199021301,0.0005316737380427237,0.00255192824925397,0.02009281649206593,0.021868414537260437
24.0,-0.0033386703242601046,-0.003562013633092061,-0.001539343016790852,0.0004807827486013051,0.0025048641785575237,0.022544238702902168,0.024316223269719252
24.1,-0.0029506498973393518,-0.0035702955890702095,-0.0015853118370566994,0.00043071136214993826,0.0024572442749944967,0.02502330170280103,0.026801794704812726
24.200000000000003,-0.00253317519433904,-0.003570945744413279,-0.0016284078917920934,0.0003815890485493708,0.0024092003460101192,0.02751474089578885,0.02931018659066075
24.3,-0.00208706433869442,-0.003563962715154888,-0.0016685288174940471,0.00033354354436577983,0.0023608664671049876,0.030003150202127273,0.03182624184497735
24.400000000000002,-0.0016131915719896656,-0.003549361456994378,-0.0017055789529040384,0.0002867004846304361,0.00231237860018127,0.03247307539451105,0.034334677378698567
24.500000000000004,-0.0011124855407104034,-0.003527173301312516,-0.0017394696231000568,0.00024118303547711656,0.0022638741995825423,0.03490910868995073,0.0368201748059468
24.600000000000005,-0.0005859274763789337,-0.0034974459558220657,-0.0017701194090563044,0.00019711152875226658,0.0022154918068831397,0.03729598402136125,0.03926747250969659
24.700000000000003,-3.454927263900603e-05,-0.0034602434695888687,-0.0017974544017914996,0.00015460309970922935,0.0021673706355479125,0.03961867239942441,0.04166145851368139
24.8,0.0005405685369419336,-0.0034156461622358715,-0.0018214084402534453,0.00011377132891119418,0.0021196501466453355,0.041862476765392016,0.043987263595389264
24.900000000000002,0.0011382988963897552,-0.0033637505172205533,-0.0018419233321177863,7.472588947698134e-05,0.0020724696168567384,0.044013125729291294,0.04623035406261237
25.000000000000004,0.0017574704360107203,-0.003304669039155272,-0.00185894905671043,3.757220081045893e-05,0.002025967700081322,0.04605686558560603,0.04837662360709395
25.1,0.002396869767919617,-0.003238530075220022,-0.0018724439492996577,2.411089957077094e-06,0.001980281983989869,0.04798055000002489,0.050412483643521105
25.200000000000003,0.0030552438639109966,-0.00316547760079786,-0.0018823748660408003,-3.066153826966671e-05,0.0019355485429302687,0.04977172676634985,0.052324951540562985
25.300000000000004,0.003731302511013365,-0.0030856709695443966,-0.0018887173288974896,-6.155502125333609e-05,0.0018919014886337542,0.051418721042189516,0.05410173615293861
25.400000000000006,0.004423720839914083,-0.0029992846281845158,-0.0018914556499067066,-9.01842475012795e-05,0.0018494725202130068,0.052910714485639485,0.05573132006975268
25.5,0.0051311419213004176,-0.002906507796411197,-0.001890583034200218,-0.00011646995341481147,0.0018083904749804066,0.054237819732774806,0.05720303800451587
25.6,0.005852179425027909,-0.0028075441123431117,-0.001886101661243347,-0.0001403390068007746,0.0017687808816477138,0.055391149677408644,0.058507150766542955
25.700000000000003,0.006585420336906245,-0.002702611244079459,-0.0018780227438022787,-0.0001617246760425624,0.0017307655174961143,0.056362881040151816,0.059634914271637425
25.8,0.0073294277277767975,-0.002591940467971457,-0.0018663665642039003,-0.00018056688387227258,0.001694461971128158,0.05714631174324013,0.060578643072245086
25.900000000000002,0.008082743569457106,-0.002475776214310814,-0.001851162487506873,-0.0001968124447139682,0.0016599832124300313,0.05773591164076776,0.06133176791345411
26.000000000000004,0.008843891592032437,-0.0023543755812153932,-0.0018324489512594477,-0.00021041528459976144,0.0016274371713841241,0.05812736619073226,0.061888886851277136
26.100000000000005,0.009611380176895626,-0.0022280078175710193,-0.0018102734315783987,-0.00022133664269654248,0.0015969263273771326,0.05831761269547116,0.06224580950345654
26.200000000000003,0.010383705279866293,-0.00209695377596632,-0.001784692385343372,-0.0002295452535210232,0.0015685473106482352,0.05830486878046762,0.06239959404048186
26.3,0.011159353378659566,-0.001961505336634021,-0.0017557711683641455,-0.00023501750896477206,0.0015423905175150348,0.058088652827878506,0.062348576565363675
26.400000000000002,0.01193680443892937,-0.0018219648034866992,-0.0017235839294402464,-0.0002377375992986194,0.0015185397410013154,0.0576697961302431,0.062092392574839256
26.500000000000004,0.012714534893073753,-0.0016786442734083797,-0.0016882134802987962,-0.00023769763237746543,0.001497071818470893,0.05705044658139154,0.06163199024183477
26.6,0.013491020625963707,-0.0015318649800346138,-0.001649751141461637,-0.0002348977303218441,0.0014780562978449678,0.05623406377527085,0.060969635308898346
26.700000000000003,0.014264739961745175,-0.001381956613322442,-0.001608296564159647,-0.00022934610301159,0.0014615551239470915,0.055225405438934276,0.060108907434761924
26.800000000000004,0.015034176645861076,-0.0012292566162788797,-0.0015639575284808651,-0.00022105909778946415,0.0014476223464795096,0.05403050518293955,0.059054687890738436
26.900000000000006,0.01579782281644889,-0.0010741094602805248,-0.001516849718006463,-0.0002100612248384573,0.0014363038510875328,0.052656641610518085,0.05781313856013605
27.000000000000004,0.01655418195929135,-0.0009168659004785916,-0.0014670964712582108,-0.00019638515776567377,0.0014276371149146891,0.051112298885728005,0.056391672251814746
27.1,0.017301771840529112,-0.0007578822128426351,-0.0014148285103500863,-0.00018007170899788857,0.0014216509879904726,0.04940711891999526,0.05479891439810328
27.200000000000003,0.01803912741138817,-0.000597519414451715,-0.001360183647305475,-0.0001611697796689692,0.0014183655017250393,0.04755184539558223,0.053044656267127774
27.3,0.01876480367922998,-0.00043614246869444224,-0.0013033064685711335,-0.00013973628375725527,0.0014177917057108412,0.04555825990317745,0.05113979987980956
27.400000000000002,0.019477378539297402,-0.00027411947708870813,-0.0012443479983272113,-0.0001158360463112751,0.0014199315339503491,0.04343911052857229,0.049096294881871436
27.500000000000004,0.020175455561607554,-0.00011182085947741534,-0.0011834653412609844,-8.954167568473993e-05,0.0014247777015417278,0.04120803327983819,0.04692706768083726
27.600000000000005,0.020857666727529624,5.0381475601269255e-05,-0.0011208213055393292,-6.093340978656508e-05,0.0014323136327607613,0.03887946680114614,0.04464594321665443
27.700000000000003,0.021522675110685566,0.0002121149685323947,-0.0010565840067813382,-3.0098936437964358e-05,0.0014425134213777383,0.03646856087193173,0.0422675597919064
27.8,0.022169177496919004,0.0003730072523602623,-0.0009909264538976396,2.8668119833745497e-06,0.0014553418239426122,0.033991079240119806,0.03980727744304448
27.900000000000002,0.022795906938198572,0.0005326870007407009,-0.0009240261177263133,3.786188934256965e-05,0.0014707542866608354,0.031463297385159045,0.037281080387305654
28.000000000000004,0.023401635235450642,0.0006907847781818899,-0.0008560644834580591,7.477759163095648e-05,0.0014886970063660882,0.028901895850301132,0.03470547413053586
28.1,0.023985175345456012,0.0008469338906243614,-0.0007872265879031849,0.00011349873748323208,0.0015091070259751732,0.026323849823508043,0.032097377868549416
28.200000000000003,0.024545383707093665,0.0010007712343935234,-0.0007177005427113671,0.0001539039727868397,0.0015319123646847167,0.023746315682236376,0.029474012858563443
28.300000000000004,0.025081162482372424,0.0011519381415445065,-0.000647677044709964,0.00019586609875070512,0.001557032183039746,0.021186515248792365,0.026852787477196837
28.400000000000006,0.0255914617078598,0.0013000812196113979,-0.0005773488745823463,0.00023925242270981267,0.0015843769828708535,0.018661618529657024,0.02425117971719668
28.500000000000004,0.02607528135229075,0.001444853183768691,-0.000506910385155583,0.0002839251308513922,0.001613848841960107,0.016188625733883452,0.021686617906032078
28.6,0.02653167327632492,0.001585913679413718,-0.0004365569806169386,0.00032974168195951765,0.0016453416831565813,0.013784249382097226,0.019176360455491318
28.700000000000003,0.026959743090611096,0.0017229300931847634,-0.0003664845880228013,0.0003765552211865481,0.0016787415775208461,0.011464797328580327,0.016737375472093773
28.800000000000004,0.027358651908518737,0.0018555783504395555,-0.00029688912250289655,0.00042421501277375994,0.0017139270809346531,0.009246057524197873,0.014386221073246382
28.900000000000002,0.027727617990100192,0.0019835436972345136,-0.0002279659476052563,0.0004725668905590692,0.001750769603467529,0.007143185347390441,0.012138927263361188
29.000000000000004,0.02806591827406344,0.002106521464865016,-0.0001599093322558775,0.0005214537250276546,0.0017891338106474,0.005170594323999975,0.010010880227434259
29.100000000000005,0.028372889794752103,0.0022242178150515385,-9.291190584357809e-05,0.0005707159055821435,0.0018288780556372885,0.003341851044250818,0.008016709896692273
29.200000000000003,0.028647930981356783,0.002336350463887077,-2.716411296055203e-05,0.000620191836633116,0.0018698548411761665,0.001669575066752426,0.006170181631725373
29.3,0.028890502836810543,0.002442649382695079,3.714633064220334e-05,0.0006697184460373025,0.0019119113099991597,0.00016534457494618397,0.004484092852980572
29.400000000000002,0.029100129994059393,0.0025428574739864668,9.983497931181397e-05,0.0007191317043425696,0.0019548897623115065,-0.0011603914789551275,0.002970175426550479
29.500000000000004,0.029276401647637083,0.002636731220749333,0.00016072119437512316,0.0007682671532336197,0.0019986281987522487,-0.0022983940436687067,0.0016390045848771956
29.6,0.02941897235871891,0.0027240413073524234,0.0002196286750466435,0.0008169604415119417,0.0020429608871489584,-0.003240706795164706,0.0004999151273906662
29.700000000000003,0.029527562732076698,0.0028045732103977234,0.0002763859817636995,0.0008650478668880598,0.0020877189512334693,-0.003980720509892923,-0.0004390743946937805
29.800000000000004,0.029601959963608322,0.002878127757915291,0.0003308270503452498,0.0009123669218134889,0.0021327309793624082,-0.004513228427709356,-0.0011713288519883212
29.900000000000002,0.02964201825736939,0.0029445216553556307,0.0003827916953796583,0.0009587568415348827,0.002177823651165171,-0.004834472104735752,-0.0016916544641155597
30.000000000000004,0.02964765911128852,0.003003587976902027,0.0004321261012564443,0.0010040591525132198,0.002222822379926642,-0.004942177318410159,-0.001996346933729688
30.1,0.029618871471007877,0.0030551766206957797,0.00047868329926881994,0.0010481182193174492,0.0022675519684037795,-0.004835579653226266,-0.0020832293039501158
30.200000000000003,0.02955571175154601,0.003099154726642775,0.0005223236292391477,0.0010907817880749955,0.002311837275673472,-0.004515439465700982,-0.0019516791239265977
30.300000000000004,0.029458303726741984,0.003135407055548743,0.0005629151841387023,0.0011319015245403897,0.0023555038925159835,-0.003984046000500532,-0.0016026445798174528
30.400000000000006,0.02932683828669589,0.003163836328413374,0.0006003342362079773,0.0011713335448295796,0.002398378822753303,-0.003245210505911967,-0.0010386493249877758
30.5,0.029161573063682576,0.003184363524799947,0.0006344656431169168,0.0012089389368598997,0.0024402911678857485,-0.0023042482754502165,-0.00026378582322519233
30.6,0.028962831927270734,0.0031969281392876347,0.0006652032327438924,0.0012445842705357305,0.0024810728123043323,-0.0011679496227967288,0.0007163028983170668
30.700000000000003,0.028731004349636984,0.003201488395105929,0.0006924501651983561,0.0012781420947274203,0.0025205591063001184,0.00015546012109707383,0.001894453104472892
30.800000000000004,0.028466544642318695,0.00319802141414836,0.0007161192707633157,0.001309491419104203,0.0025585895440468224,0.0016563714176323465,0.003262021746730269
30.900000000000002,0.028169971065902064,0.0031865233426610355,0.0007361333624862736,0.0013385181789056708,0.0025950084336986163,0.0033238518834935154,0.004808939240110722
31.000000000000004,0.02784186481438844,0.003167009432003567,0.0007524255222081076,0.0013651156807639538,0.0026296655567228434,0.0051457178717523745,0.006523773376597815
31.100000000000005,0.02748286887623129,0.0031395140739853907,0.0007649393588852514,0.0013891850277272474,0.002662416813576793,0.007108615855513135,0.008393804041110276
31.200000000000006,0.027093686774274067,0.0031040907903857567,0.0007736292381262571,0.0014106355216794173,0.002693124852839645,0.00919811311982174,0.010405108308603476
31.3,0.02667508118705974,0.003060812176375568,0.0007784604819408092,0.0014293850414025836,0.0027216596809252207,0.011398797191401326,0.01254265541508601
31.400000000000002,0.02622787245421271,0.0030097697976688956,0.0007794095377728319,0.0014453603945902345,0.0027478992495288904,0.013694383362726497,0.014790411011886315
31.500000000000004,0.025752936968822387,0.002951074041344383,0.0007764641159766468,0.0014584976421850304,0.0027717300180021406,0.01606782959762216,0.017131450032059462
31.6,0.02525120545997982,0.0028848539203894775,0.000769623294972484,0.0014687423934911443,0.0027930474879027975,0.01850145804056661,0.01954807742114243
31.700000000000003,0.02472366116883152,0.002811256832134849,0.0007588975934166363,0.001476050070592449,0.0028117567070354323,0.02097708229177158,0.02202195591216881
31.800000000000004,0.02417133792172572,0.002730448270860749,0.0007443090088061315,0.0014803861406978275,0.0028277727403775645,0.023476139555450325,0.02453423995764695
31.900000000000006,0.023595318104227422,0.002642611494972575,0.0007258910220376063,0.0014817263151305244,0.002841021105380913,0.02597982671998924,0.02706571486972203
32.00000000000001,0.022996730539971928,0.002547947149257848,0.000703688567539512,0.0014800567137821421,0.0028514381692440454,0.028469239386491416,0.029596940164558612
32.1,0.02237674827851365,0.002446672842851583,0.0006777579686956803,0.0014753739939606999,0.002858971505873039,0.03092551282679988,0.03210839605871362
32.2,0.02173658629650606,0.0023390226836527968,0.0006481668383848172,0.0014676854426781418,0.0028635802103798387,0.03332996382403315,0.03458063202442475
32.300000000000004,0.02107749911671672,0.002225246770046953,0.000614993944565316,0.001457009031544068,0.0028652351691131495,0.03566423232822677,0.03699441627776612
32.400000000000006,0.020400778349544554,0.0021056106409034036,0.0005783290409444638,0.001443373433559308,0.002863919283375,0.037910421847152355,0.03933088504903984
32.50000000000001,0.019707750161856087,0.00198039468492728,0.0005382726628769523,0.0014268180012353957,0.0028596276451448893,0.040051237488036795,0.04157169046882309
32.60000000000001,0.01899977267810191,0.0018498935105556243,0.0004949358887537739,0.0014073927056019524,0.0028523676633145202,0.04207012056988257,0.0436991458961955
32.7,0.018278233318805688,0.001714415277694927,0.00044844006724895427,0.001385158035806206,0.0028421591391272014,0.04395137873854145,0.045696367518017506
32.8,0.017544546081642156,0.0015742809927028639,0.0003989165109068633,0.0013601848591524054,0.0028290342897173528,0.0456803105376259,0.04754741105986771
32.9,0.016800148770431636,0.0014298237681198652,0.0003465061566638333,0.0013325542415780632,0.002813037718856305,0.04724332341778624,0.04923740247053331
33.0,0.01604650017748193,0.0012813880487567244,0.0002913591940095022,0.0013023572287137498,0.002794226334229421,0.048628044204714824,0.0507526614727536
33.1,0.015285077224799049,0.0011293288058407988,0.00023363466160595484,0.0012696945878274638,0.0027726692107970436,0.049823421092322476,0.05208081691319541
33.2,0.014517372069769434,0.0009740107010174025,0.00017350001329039227,0.0012346765111080154,0.002748447400024989,0.05081981628165394,0.05321091289427618
33.300000000000004,0.013744889180985178,0.0008158072220928645,0.00011113065450065948,0.001197422280898846,0.0027216536850103532,0.051609088447957474,0.05413350472917762
33.400000000000006,0.012969142389943455,0.0006550997924916224,4.670945026398043e-05,0.001158059897648902,0.002692392281772706,0.05218466428755558,0.05484074382898763
33.50000000000001,0.012191651924396963,0.000492276856481504,-1.9573793999627057e-05,0.0011167256715040991,0.00266077848722957,0.05254159847235084,0.05532645070690742
33.6,0.011413941429170106,0.0003277329422987133,-8.752287750850188e-05,0.0010735637786178738,0.0026269382746258894,0.05267662142244883,0.05558617536846228
33.7,0.010637534980278529,0.00016186770537666767,-0.0001569357735350537,0.001028725783412846,0.0025910078374402944,0.052588174395943196,0.05561724444810949
33.800000000000004,0.009863954098203637,-4.915046049599331e-06,-0.00022760522165597903,0.000982370128178269,0.0025531330830443786,0.0522764314887771,0.05541879455092573
33.900000000000006,0.009094714766175457,-0.00017220834062926923,-0.00029931934119893514,0.0009346615915357665,0.002513469077643681,0.051743308236099295,0.05499179136250694
34.00000000000001,0.008331324459306406,-0.00033960304648033126,-0.00037186226415457705,0.0008857707174526351,0.0024721794442796752,0.05099245660897265,0.05433903420006861
34.10000000000001,0.007575279190398681,-0.0005066888842301599,-0.00044501478574174107,0.0008358732166226412,0.002429435715919885,0.050029246305883526,0.05346514579220741
34.2,0.006828060578214235,-0.0006730554480236187,-0.0005185550307305528,0.0007851493421713946,0.0023854166459056046,0.04886073234647122,0.05237654719296693
34.3,0.006091132943952586,-0.0008382932319701297,-0.0005922591335577434,0.0007337832417745705,0.002340307478264611,0.04749560908438621,0.05108141785687127
34.4,0.005365940441626769,-0.0010019946594679234,-0.0006659019301942814,0.0006819622884028805,0.0022942991806257965,0.0459441508663463,0.049589641024430184
34.5,0.00465390422796062,-0.0011637551128162098,-0.0007392576596679098,0.0006298763920257266,0.0022475876426949815,0.0442181396744012,0.047912734691357636
34.6,0.003956419677354003,-0.0013231739605048965,-0.0008121006730786907,0.0005777172947174452,0.002200372843463087,0.04233078019723625,0.04606376855826124
34.7,0.003274853647373289,-0.0014798555795575191,-0.0008842061479021565,0.0005256778517127385,0.002152857990519422,0.04029660288314138,0.04405726747986784
34.800000000000004,0.00261054180012633,-0.0016334103702947394,-0.0009553508053234171,0.0004739513010533178,0.0021052486350320886,0.03813135563112586,0.04190910205288718
34.900000000000006,0.0019647859847710314,-0.0017834557608854015,-0.001025313628312578,0.00042273052455318676,0.002057751766133529,0.03585188487668292,0.03963636709825076
35.00000000000001,0.0013388516862869373,-0.0019296171990574934,-0.0010938765781195808,0.0003722073028862666,0.00201057488861081,0.03347600692400325,0.03725724890573448
35.1,0.0007339655455096145,-0.002071529128354133,-0.0011608253068429901,0.00032257156766593825,0.0019639250879461964,0.031022370466144505,0.03479088221574818
35.2,0.00015131295528766128,-0.0022088359463395377,-0.0012259498637121227,0.00027401065344183015,0.0019180080868828452,0.028510311317955957,0.03225719801337599
35.300000000000004,-0.0004079642625265797,-0.002341192942186021,-0.0012890453927151047,0.00022670855258298666,0.0018730272978022457,0.025959700462622713,0.029676763302607455
35.400000000000006,-0.0009427700947007298,-0.0024682672111069255,-0.0013499128192025792,0.00018084517604997975,0.0018291828752926961,0.023390786580809744,0.027070614113095973
35.50000000000001,-0.0014520564844747582,-0.002589738543140402,-0.0014083595231082653,0.00013659562307910889,0.001786670773362067,0.020824034290817403,0.024460083066948732
35.60000000000001,-0.0019348253854335855,-0.0027053002838363567,-0.0014641999964395615,9.412946281119188e-05,0.0017456818118008705,0.018279959378313886,0.02186662289801272
35.70000000000001,-0.002409785404724381,-0.002819383661869729,-0.001519549593407209,5.185760327681247e-05,0.001704700729791945,0.0156703252728062,0.019200610547905707
35.8,-0.002837063803640705,-0.0029222340603910295,-0.0015695737350177345,1.3554599112988562e-05,0.0016674700777164048,0.01326499004820489,0.016740604484063906
35.9,-0.003205087898561716,-0.0030110143954445944,-0.0016128639348342482,-1.9678991811583813e-05,0.0016350809334815036,0.011141603840637488,0.0145665005921796
36.0,-0.0035220749842321828,-0.0030876504814689697,-0.0016503276815629448,-4.8515291808018916e-05,0.0016069021307061184,0.00926697097109018,0.01264488988977832
36.1,-0.003795102793738568,-0.0031538044022689747,-0.0016827500325064624,-7.353715461602586e-05,0.0015823849886070095,0.007611821044176249,0.010946288186260072
36.2,-0.004030267531147929,-0.0032109106465044255,-0.001710810149232259,-9.525004228786975e-05,0.001561052505834489,0.00615034282232833,0.009444672610765713
36.300000000000004,-0.004232819988426161,-0.0032602072894302816,-0.0017350955974785756,-0.00011409231916968302,0.001542489973406732,0.004859773683177011,0.008117073148936015
36.400000000000006,-0.004407282785873674,-0.00330276290034229,-0.0017561147139215584,-0.00013044417430370744,0.0015263368199371317,0.0037200380049506633,0.006943212627186601
36.50000000000001,-0.004557551353839756,-0.0033394997619402146,-0.001774307301419832,-0.00014463535531459117,0.0015122795269977719,0.002713428624781805,0.0059051893695392784
36.6,-0.004686980910449775,-0.003371213907380877,-0.0017900538789102694,-0.00015695187236814965,0.0015000454738506276,0.0018243262182988567,0.004987197443796743
36.7,-0.00479846137739642,-0.003398592411397261,-0.0018036836814914242,-0.00016764180959400414,0.0014893975893391345,0.0010389520675133934,0.00417528002231734
36.800000000000004,-0.004894481906525542,-0.0034222283119903097,-0.0018154815797490724,-0.00017692036300438426,0.0014801297048404175,0.0003451502280660589,0.003457111917943027
36.900000000000006,-0.004977186457975319,-0.003442633487548887,-0.001825694064486334,-0.00018497420803974816,0.0014720625161583124,-0.00026780441461471925,0.0028218078265816434
37.00000000000001,-0.005048421670825567,-0.003460249769691533,-0.0018345344232326309,-0.0001919652860980925,0.0014650400743706578,-0.0008093752898174558,0.0022597532223297724
37.10000000000001,-0.005109778095119821,-0.003475458533677664,-0.0018421872177984684,-0.00019803408747378061,0.0014589267361758405,-0.001287913206085638,0.0017624552156550385
37.20000000000001,-0.00516262570589468,-0.003488588975066198,-0.0018488121573553761,-0.000203302497796339,0.0014536045134252338,-0.0017107877294849911,0.00132241100604941
37.300000000000004,-0.00520814449217882,-0.0034999252526812926,-0.0018545474487349355,-0.00020787626610641437,0.0014489707694636939,-0.0020845029827862745,0.0009329918429858562
37.4,-0.005247350803957152,-0.003509712653253626,-0.0018595126945880167,-0.0002118471449494592,0.00144493621678928,-0.002414799720665931,0.000588340657591216
37.5,-0.00528112004537898,-0.0035181629118017426,-0.0018638114004899092,-0.00021529474614799722,0.001441423176524187,-0.002706745314224886,0.0002832817462687441
37.6,-0.0053102062209073285,-0.0035254588034370096,-0.0018675331438146251,-0.00021828815009110764,0.0014383640653813595,-0.002964813082947052,1.324108013841651e-05
37.7,-0.005335258770838666,-0.003531758106416041,-0.0018707554500588652,-0.00022088730133551434,0.0014357000803198908,-0.003192952240460072,-0.00022582401624034426
37.800000000000004,-0.0053568370720989515,-0.0035371970225802486,-0.0018735454161198809,-0.0002231442189418592,0.0014333800549969104,-0.0033946495692971142,-0.000437486924062929
37.900000000000006,-0.005375422928091799,-0.0035418931295147674,-0.0018759611146911778,-0.00022510404618251187,0.001431359465523165,-0.003572983806812087,-0.0006249065030960489
38.00000000000001,-0.005391431326473957,-0.00354594792857103,-0.0018780528093224138,-0.0002268059609755382,0.0014295995659814383,-0.0037306736072919896,-0.0007908754380143018
38.1,-0.00540521970505918,-0.0035494490441062353,-0.0018798640056972037,-0.00022828396555553602,0.001428066636730624,-0.003870119842221106,-0.0009378629161673666
38.2,-0.005417095932740973,-0.0035524721217074823,-0.0018814323612299669,-0.00022956757142766505,0.0014267313307448335,-0.003993442909897935,-0.0010680523048500101
38.300000000000004,-0.005427325183633381,-0.003555082466622859,-0.001882790472096984,-0.00023068239351525815,0.001425568105170674,-0.0041025156457061805,-0.0011833744170130006
38.400000000000006,-0.0054361358579166135,-0.0035573364579736624,-0.0018839665542355114,-0.0002316506655605053,0.0014245547269655736,-0.004198992353990422,-0.0012855368846410454
38.50000000000001,-0.005443724681589005,-0.0035592827694481267,-0.0018849850326115745,-0.00023249168723329616,0.0014236718429390413,-0.004284334420541835,-0.001376050097600032
38.60000000000001,-0.005450261098993313,-0.0035609634229712894,-0.0018858670511264746,-0.0002332222120128244,0.001422902605786182,-0.004359832910148713,-0.0014562501116368717
38.70000000000001,-0.0054558910561942845,-0.0035624146982163466,-0.0018866309138619182,-0.00023385678370134555,0.0014222323488038565,-0.004426628505626995,-0.0015273188815286029
38.800000000000004,-0.005460740259683311,-0.003563667917690982,-0.001887292466919664,-0.00023440802838466462,0.0014216483029364198,-0.004485729102434762,-0.0015903021333440479
38.9,-0.0054649169831709945,-0.0035647501244294713,-0.0018878654288622624,-0.00023488690774839526,0.0014211393506290857,-0.004538025335707419,-0.0016461251527454346
39.0,-0.005468514485138067,-0.0035656846669890278,-0.0018883616766813592,-0.00023530293887392932,0.001420695811689043,-0.00458430428372311,-0.0016956067336050993
39.1,-0.0054716130911241214,-0.00356649170443612,-0.0018887914932854532,-0.00023566438495747097,0.0014203092569819167,-0.004625261562888973,-0.0017394715024321144
39.2,-0.0054742819872477776,-0.0035671886422714827,-0.0018891637816909061,-0.00023597842080550844,0.0014199723463363865,-0.004661512003861765,-0.0017783608087320831
39.300000000000004,-0.0054765807650042474,-0.00356779050874352,-0.0018894862504008542,-0.0002362512764485036,0.0014196786875035835,-0.004693599075969528,-0.001812842349051696
39.400000000000006,-0.005478560751832792,-0.0035683102797061162,-0.0018897655738520022,-0.00023648836177108653,0.0014194227134296607,-0.004722003207322229,-0.0018434186727363149
39.50000000000001,-0.005480266157163132,-0.0035687591590603785,-0.0018900075312862175,-0.00023669437467249574,0.001419199575457788,-0.004747149130570726,-0.001870534700034171
39.6,-0.005481735059529941,-0.0035691468208562806,-0.0018902171269513475,-0.000236873394937549,0.0014190050503868857,-0.004769412368914178,-0.0018945843678412838
39.7,-0.005483000256795821,-0.003569481618298557,-0.0018903986941442275,-0.0002370289657093063,0.0014188354595847386,-0.0047891249634195955,-0.0019159165048527494
39.800000000000004,-0.00548408999846668,-0.003569770764183478,-0.001890555985270337,-0.00023716416420385052,0.0014186875985881691,-0.004806580530786692,-0.0019348400259516345
39.900000000000006,-0.005485028616450751,-0.0035700204866736876,-0.0018906922498015152,-0.00023728166309020137,0.0014185586758272166,-0.004822038730174375,-0.0019516285251405582
40.00000000000001,-0.0054858370683449256,-0.0035702361637836503,-0.0018908103017597547,-0.0002373837837698033,0.0014184462592878757,-0.004835729208435098,-0.0019665243370332896
40.10000000000001,-0.005486533405378983,-0.003570422439486808,-0.0018909125781359022,-0.00023747254262650603,0.0014183482300823534,-0.00484785508493054,-0.001979742128730556
40.20000000000001,-0.005487133175466034,-0.0035705833239572764,-0.0018910011894622543,-0.00023754969117612646,0.001418262742030027,-0.00485859602989648,-0.0019914720766734868
40.300000000000004,-0.005487649770358554,-0.003570722280115168,-0.0018910779635941107,-0.0002376167509216693,0.0014181881864690333,-0.004868110983971903,-0.002001882676688109
40.4,-0.005488094724661353,-0.0035708422983478953,-0.0018911444836131378,-0.0002376750436135826,0.0014181231616198838,-0.004876540560904917,-0.0020111232298042556
40.5,-0.005488477973377885,-0.0035709459610237418,-0.0018912021206426927,-0.00023772571752187402,0.0014180664459107785,-0.004884009170508198,-0.002019326041461312
40.6,-0.005488808073740428,-0.003571035498192916,-0.0018912520622588577,-0.000237769770246642,0.0014180169747510243,-0.0048906268945796295,-0.0020266083673277295
40.7,-0.005489092396277195,-0.0035711128356805057,-0.0018912953370889532,-0.00023780806852392064,0.001417973820305719,-0.004896491144661284,-0.002033074135088017
40.800000000000004,-0.005489337289382542,-0.0035711796366110606,-0.0018913328361097196,-0.00023784136542333225,0.0014179361738829103,-0.004901688127120495,-0.0020388154681323925
40.900000000000006,-0.005489548221064827,-0.003571237337262355,-0.0018913653310884627,-0.00023787031528162646,0.0014179033305949274,-0.0049062941380469596,-0.0020439140340658586
41.00000000000001,-0.0054897299010368905,-0.0035712871780231793,-0.001891393490550841,-0.00023789548667071004,0.0014178746759995048,-0.004910376707822303,-0.0020484422382879607
41.1,-0.00548988638587519,-0.0035713302301240784,-0.001891417893607388,-0.00023791737365932517,0.0014178496744645147,-0.004913995612891495,-0.002052464280540581
41.2,-0.005490021169595624,-0.0035713674187185054,-0.0018914390419262552,-0.00023793640559329802,0.0014178278590333642,-0.004917203770212548,-0.0020560370902428377
41.300000000000004,-0.005490137261668425,-0.0035713995428129433,-0.001891457370100974,-0.00023795295558958122,0.0014178088225970126,-0.004920048028049188,-0.002059211154595604
41.400000000000006,-0.005490237254214034,-0.0035714272924763897,-0.0018914732546286368,-0.00023796734791354263,0.0014177922102037318,-0.0049225698651726435,-0.0020620312518165704
41.50000000000001,-0.0054903233798803425,-0.0035714512637007984,-0.001891487021684954,-0.00023797986438658301,0.001417777712359602,-0.004924806009127824,-0.0020645371004341683
41.60000000000001,-0.005490397561693575,-0.003571471971233274,-0.0018914989538575857,-0.0002379907499517678,0.0014177650591917859,-0.0049267889829740395,-0.0020667639343025564
41.70000000000001,-0.005490461455995888,-0.003571489859656995,-0.0018915092959774728,-0.0002380002175083041,0.0014177540153631923,-0.00492854758881138,-0.0020687430118818033
41.800000000000004,-0.005490516489428424,-0.003571505312959994,-0.0018915182601691432,-0.00023800845211108872,0.0014177443756415507,-0.004930107335433737,-0.002070502067338751
41.9,-0.005490563890785553,-0.0035715186627982495,-0.001891526030224707,-0.00023801561461885858,0.0014177359610384763,-0.004931490816593019,-0.0020720657101511537
42.0,-0.005490604718451573,-0.0035715301956313478,-0.0018915327653922127,-0.00023802184486347092,0.0014177286154450175,-0.004932718045603111,-0.0020734557791252106
42.1,-0.00549063988403246,-0.0035715401588846145,-0.001891538603656858,-0.00023802726440327928,0.0014177222026996836,-0.004933806751344466,-0.002074691656054869
42.2,-0.005490670172710348,-0.003571548766270608,-0.0018915436645830183,-0.0002380319789152796,0.0014177166040332237,-0.004934772640140881,-0.0020757905436477927
42.300000000000004,-0.005490696260775176,-0.0035715562023847,-0.0018915480517759436,-0.0002380360802734974,0.0014177117158416272,-0.004935629627459414,-0.002076767711809864
42.400000000000006,-0.0054907187307249965,-0.0035715626266738182,-0.001891551855014067,-0.00023803964835483982,0.0014177074477450837,-0.004936390042924761,-0.002077636715908706
42.50000000000001,-0.0054907380842720704,-0.0035715681768638805,-0.0018915551520960435,-0.0002380427526082057,0.0014177037208960995,-0.004937064811733434,-0.0020784095902197167
42.6,-0.0054907547535451694,-0.0035715729719197897,-0.0018915580104407268,-0.00023804545341794058,0.0014177004665047125,-0.004937663615194432,-0.0020790970193895696
42.7,-0.005490769110738213,-0.0035715771146017476,-0.0018915604884731472,-0.00023804780328862886,0.0014176976245528902,-0.00493819503280638,-0.0020797084904262304
42.800000000000004,-0.005490781476420666,-0.0035715806936729697,-0.0018915626368251515,-0.00023804984787466983,0.0014176951426737915,-0.004938666668001225,-0.002080252427435924
42.900000000000006,-0.005490792126695259,-0.0035715837858063372,-0.0018915644993754933,-0.00023805162687499573,0.0014176929751747085,-0.004939085259437344,-0.0020807363110726266
43.00000000000001,-0.00549080129936285,-0.0035715864572310498,-0.0018915661141508636,-0.00023805317481061602,0.0014176910821852413,-0.004939456779506456,-0.002081166784439855
43.10000000000001,-0.005490809199232074,-0.003571588765154729,-0.0018915675141064538,-0.00023805452170034712,0.001417689428914627,-0.00493978652152565,-0.0020815497469848674
43.20000000000001,-0.0054908160026923445,-0.003571590758991585,-0.001891568727802165,-0.00023805569364806573,0.0014176879850042253,-0.004940079176915227,-0.002081890437748746
43.300000000000004,-0.005490821861652298,-0.003571592481423077,-0.001891569779988407,-0.00023805671335307366,0.0014176867239629569,-0.0049403389035122276,-0.002082193509179291
43.4,-0.005490826906931632,-0.0035715939693138883,-0.0018915706921135704,-0.00023805760055363592,0.001417685622675074,-0.00494056938603619,-0.0020824630925753785
43.5,-0.005490831251182067,-0.0035715952545029377,-0.0018915714827636297,-0.00023805837241243444,0.0014176846609709971,-0.0049407738896057995,-0.0020827028561087413
43.6,-0.005490834991402648,-0.003571596364486415,-0.0018915721680429344,-0.0002380590438515276,0.0014176838212531615,-0.004940955307100851,-0.002082916056260689
43.7,-0.005490838211105558,-0.0035715973230075575,-0.0018915727619040357,-0.00023805962784340985,0.001417683088169837,-0.004941116201071714,-0.002083105583415061
43.800000000000004,-0.005490840982180785,-0.0035715981505658346,-0.0018915732764333342,-0.00023806013566389698,0.001417682448330811,-0.004941258840816949,-0.0020832740022636107
43.900000000000006,-0.005490843366501292,-0.003571598864856486,-0.0018915737220984326,-0.00023806057711180911,0.0014176818900595958,-0.0049413852351775185,-0.002083423587604527
44.00000000000001,-0.005490845417304531,-0.0035715994811498716,-0.0018915741079622791,-0.00023806096069976871,0.0014176814031775222,-0.004941497161532123,-0.002083556356047885
44.1,-0.005490847180381129,-0.0035716000126187774,-0.0018915744418685093,-0.0002380612938198606,0.0014176809788156775,-0.004941596191421622,-0.0020836740940824734
44.2,-0.005490848695097315,-0.0035716004706207133,-0.0018915747306017933,-0.00023806158288740563,0.0014176806092511664,-0.004941683713180352,-0.002083778382905827
44.300000000000004,-0.0054908499952738875,-0.0035716008649412678,-0.0018915749800264873,-0.00023806183346566925,0.0014176802877646378,-0.004941760951907704,-0.0020838706203725427
44.400000000000006,-0.005490851109941376,-0.003571601204003749,-0.0018915751952064373,-0.00023806205037395006,0.001417680008516415,-0.004941828987073883,-0.00208395204037441
44.50000000000001,-0.005490852063988237,-0.0035716014950496087,-0.0018915753805083943,-0.00023806223778116697,0.0014176797664389139,-0.004941888768018793,-0.002084023729928991
44.60000000000001,-0.005490852878716563,-0.003571601744293532,-0.0018915755396911665,-0.00023806239928677903,0.001417679557143345,-0.004941941127571833,-0.0020840866442204233
44.70000000000001,-0.005490853572317727,-0.003571601957056515,-0.0018915756759823386,-0.00023806253799062193,0.0014176793768389585,-0.004941986793992723,-0.0020841416198068914
44.800000000000004,-0.005490854160278554,-0.003571602137879795,-0.0018915757921441323,-0.00023806265655302938,0.001417679222263325,-0.004942026401408775,-0.0020841893861830905
44.900000000000006,-0.005490854655727119,-0.0035716022906220717,-0.0018915758905297592,-0.000238062757246416,0.0014176790906223538,-0.004942060498901988,-0.002084230575862621
45.0,-0.005490855069725868,-0.0035716024185421134,-0.0018915759731314235,-0.00023806284199933127,0.001417678979538932,-0.004942089558379581,-0.0020842657331242667
45.1,-0.005490855411518623,-0.003571602524368516,-0.0018915760416209602,-0.00023806291243384746,0.0014176788870092218,-0.00494211398134384,-0.002084295321547284
45.2,-0.0054908556887369835,-0.0035716026103581153,-0.0018915760973839404,-0.0002380629698970137,0.0014176788113658065,-0.004942134104661219,-0.0020843197304437843
45.300000000000004,-0.005490855907570719,-0.0035716026783443075,-0.0018915761415479483,-0.00023806301548699282,0.0014176787512469923,-0.004942150205416073,-0.002084339280280933
45.400000000000006,-0.005490856072905983,-0.003571602729776314,-0.0018915761750056069,-0.00023806305007439426,0.0014176787055716921,-0.004942162504921327,-0.0020843542271716297
45.50000000000001,-0.005490856188434403,-0.0035716027657502368,-0.0018915761984328284,-0.00023806307431922276,0.0014176786735194194,-0.004942171171946218,-0.002084364766499479
45.6,-0.005490856256735515,-0.0035716027870325677,-0.001891576212302668,-0.0002380630886837781,0.0014176786545150141,-0.004942176325210194,-0.0020843710357320413
