0.0,-0.004595973334832126,-0.0019437757927780967,0.0009706613588498136,0.003934985756762845,0.006921167629155038,0.0030837380773138332,0.004764941924484327
0.1,-0.004595973287401482,-0.0019437757885634149,0.0009706613594845846,0.003934985756908323,0.00692116762919647,0.003083738117698353,0.004764941956739769
0.2,-0.004595973207156202,-0.0019437757814280078,0.0009706613605600426,0.003934985757154984,0.006921167629266773,0.0030837381861561044,0.004764942011440871
0.30000000000000004,-0.0045959730922765524,-0.0019437757712027447,0.0009706613621028924,0.003934985757509236,0.006921167629367854,0.003083738284441661,0.0047649420900250355
0.4,-0.004595972940157392,-0.0019437757576453044,0.0009706613641514307,0.003934985757980279,0.006921167629502454,0.003083738415071754,0.004764942194555016
0.5000000000000001,-0.004595972747349091,-0.0019437757404344633,0.0009706613667564865,0.003934985758580334,0.0069211676296742205,0.0030837385813882396,0.004764942327771641
0.6000000000000001,-0.004595972509479308,-0.001943775719162517,0.0009706613699826727,0.003934985759324967,0.006921167629887806,0.003083738787642008,0.004764942493164156
0.7000000000000001,-0.004595972221153835,-0.001943775693325658,0.0009706613739099782,0.003934985760233479,0.006921167630148988,0.003083739039099895,0.004764942695059938
0.8,-0.004595971875834273,-0.0019437756623120821,0.0009706613786357386,0.00393498576132941,0.006921167630464832,0.0030837393421772534,0.00476494293873586
0.9000000000000001,-0.00459597146568976,-0.001943775625387545,0.0009706613842770356,0.003934985762641139,0.006921167630843871,0.003083739704599475,0.004764943230554129
1.0000000000000002,-0.004595970981419389,-0.0019437755816780278,0.0009706613909735828,0.003934985764202615,0.006921167631296342,0.003083740135596486,0.004764943578126046
1.1,-0.004595970412041289,-0.0019437755301491037,0.0009706613988911684,0.003934985766054231,0.006921167631834458,0.003083740646135049,0.004764943990507836
1.2000000000000002,-0.00459596974464359,-0.0019437754695815189,0.000970661408225741,0.003934985768243862,0.00692116763247273,0.003083741249194665,0.004764944478433549
1.3000000000000003,-0.004595968964091617,-0.0019437753985424154,0.000970661419208236,0.003934985770828092,0.006921167633228364,0.0030837419600939333,0.00476494505459092
1.4000000000000001,-0.004595968052684679,-0.0019437753153515149,0.000970661432110264,0.00393498577387367,0.0069211676341217115,0.0030837427968754966,0.004764945733947206
1.5,-0.004595966989754668,-0.0019437752180414684,0.0009706614472507979,0.003934985777459224,0.006921167635176822,0.00308374378075914,0.004764946534133272
1.6,-0.004595965751197363,-0.0019437751043114401,0.0009706614650040255,0.003934985781677274,0.006921167636422082,0.0030837449366743113,0.004764947475895647
1.7000000000000002,-0.00459596430892582,-0.0019437749714728298,0.0009706614858085573,0.003934985786636611,0.006921167637890972,0.0030837462938852877,0.004764948583628032
1.8000000000000003,-0.004595962630233435,-0.001943774816385857,0.0009706615101782169,0.003934985792465083,0.0069211676396229585,0.00308374788672451,0.004764949885995688
1.9000000000000004,-0.004595960677052258,-0.001943774635385517,0.0009706615387146783,0.003934985799312873,0.006921167641664552,0.003083749755452278,0.004764951416668525
2.0000000000000004,-0.00459595840508971,-0.0019437744241951626,0.0009706615721222584,0.003934985807356342,0.006921167644070544,0.0030837519472641135,0.0047649532151814
2.1,-0.004595955762824167,-0.0019437741778256799,0.0009706616112252289,0.003934985816802549,0.006921167646905465,0.003083754517470748,0.004764955327943364
2.2,-0.004595952690336586,-0.0019437738904578875,0.0009706616569880692,0.003934985827894552,0.0069211676502453036,0.003083757530879943,0.004764957809421319
2.3000000000000003,-0.0045959491179517154,-0.0019437735553053924,0.0009706617105391576,0.003934985840917619,0.0069211676541795315,0.003083761063414315,0.004764960723527915
2.4000000000000004,-0.004595944964658063,-0.001943773164454675,0.0009706617731984791,0.003934985856206525,0.006921167658813479,0.0030837652040051474,0.004764964145248644
2.5000000000000004,-0.004595940136270779,-0.001943772708678647,0.0009706618465100284,0.003934985874154114,0.006921167664271137,0.003083770056808961,0.004764968162549074
2.6000000000000005,-0.00459593452329582,-0.0019437721772192981,0.0009706619322796999,0.003934985895221324,0.006921167670698449,0.003083775743801528,0.004764972878610163
2.7000000000000006,-0.004595927998446932,-0.0019437715575343192,0.0009706620326195904,0.003934985919948968,0.006921167678267185,0.00308378240781329,0.004764978414447786
2.8000000000000003,-0.004595920413759161,-0.0019437708350017538,0.0009706621499997974,0.003934985948971527,0.006921167687179504,0.0030837902160809547,0.004764984911982207
2.9000000000000004,-0.004595911597233436,-0.0019437699925757305,0.0009706622873089778,0.003934985983033343,0.006921167697673308,0.003083799364402706,0.004764992537634427
3.0,-0.0045959013489361095,-0.0019437690103851954,0.000970662447925146,0.003934986023007598,0.0069211677100285505,0.0030838100819992106,0.004765001486539489
3.1,-0.004595889436465046,-0.0019437678652662134,0.0009706626357984388,0.003934986069918566,0.006921167724574648,0.0030838226371999104,0.004765011987482134
3.2,-0.004595875589679397,-0.001943766530216858,0.0009706628555478674,0.003934986124967713,0.006921167741699205,0.003083837344094218,0.004765024308678191
3.3000000000000003,-0.004595859494573577,-0.0019437649737618875,0.0009706631125744164,0.003934986189564287,0.006921167761858261,0.003083854570310824,0.0047650387645460715
3.4000000000000004,-0.0045958407861565196,-0.0019437631592122916,0.0009706634131932473,0.003934986265361186,0.00692116778558835,0.00308387474611585,0.004765055723637294
3.5000000000000004,-0.004595819040174713,-0.001943761043802329,0.000970663764788229,0.003934986354297013,0.006921167813520681,0.00308389837505271,0.004765075617923732
3.6000000000000005,-0.004595793763491347,-0.0019437585776837995,0.0009706641759925634,0.003934986458645371,0.006921167846397798,0.0030839260463841507,0.004765098953672805
3.7,-0.004595764382903376,-0.0019437557027539533,0.0009706646568999025,0.00393498658107265,0.0069211678850931825,0.0030839584496407473,0.0047651263241812
3.8000000000000007,-0.004595730232142909,-0.0019437523512895352,0.0009706652193111028,0.003934986724705768,0.0069211679306342925,0.0030839963916314264,0.004765158424683562
3.900000000000001,-0.004595690536768155,-0.0019437484443549217,0.0009706658770226203,0.003934986893211578,0.006921167984229641,0.0030840408163313716,0.004765196069806359
4.000000000000001,-0.004595644396601295,-0.001943743889947016,0.0009706666461635696,0.003934987090889936,0.006921168047300637,0.003084092828132564,0.004765240213999869
4.1,-0.004595590765315014,-0.0019437385808333961,0.0009706675455896434,0.003934987322782792,0.006921168121519006,0.003084153719023787,0.004765291975454644
4.2,-0.00459552842670479,-0.00194373239203303,0.0009706685973434763,0.003934987594802045,0.006921168208850783,0.0030842250003621915,0.004765352664094591
4.3,-0.004595455967108839,-0.001943725177880498,0.0009706698271926464,0.0039349879138793915,0.006921168311608005,0.003084308440009724,0.004765423814339068
4.4,-0.004595371743350306,-0.001943716768604913,0.00097067126525839,0.003934988288141937,0.006921168432509482,0.0030844061057375954,0.004765507223443589
4.5,-0.0045952738454746985,-0.001943706966343365,0.0009706729467503087,0.003934988727118003,0.006921168574752203,0.003084520415953514,0.004765604996365672
4.6000000000000005,-0.00459516005343757,-0.0019436955404954824,0.0009706749128249138,0.0039349892419783036,0.00692116874209526,0.003084654198983392,0.004765719598262385
4.7,-0.0045950277867602505,-0.0019436822223102821,0.0009706772115888576,0.003934989845818558,0.0069211689389584614,0.0030848107623457324,0.004765853915913125
4.800000000000001,-0.004594874046011952,-0.0019436666985785157,0.0009706798992712057,0.003934990553990661,0.0069211691705382185,0.003084993973698009,0.004766011329579636
4.9,-0.004594695344791234,-0.0019436486042827916,0.0009706830415931965,0.003934991384490713,0.0069211694429436995,0.0030852083554156525,0.004766195797070473
5.000000000000001,-0.004594487630664377,-0.0019436275140333745,0.0009706867153687213,0.003934992358413689,0.006921169763356819,0.00308545919509264,0.0047664119520753
5.1000000000000005,-0.004594246193267743,-0.001943602932089166,0.0009706910103743369,0.003934993500486146,0.006921170140220194,0.003085752674635788,0.004766665219182605
5.200000000000001,-0.00459396555749017,-0.0019435742807302773,0.0009706960315341469,0.003934994839690336,0.006921170583457971,0.0030860960210719788,0.0047669619484012726
5.300000000000001,-0.004593639359313081,-0.0019435408867100796,0.0009707019014725096,0.003934996409995419,0.006921171104735243,0.0030864976827091593,0.004767309572481427
5.400000000000001,-0.0045932602014927,-0.0019435019654697114,0.0009707087634964173,0.003934998251214075,0.0069211717177627965,0.0030869675349006363,0.0047677167908848316
5.500000000000001,-0.004592819485811672,-0.0019434566027457304,0.000970716785079777,0.003935000410006012,0.0069211724386550825,0.003087517120372185,0.004768193784902945
5.6000000000000005,-0.004592307218096032,-0.0019434037331406851,0.0009707261619339713,0.003935002941053513,0.0069211732863506915,0.0030881599298998707,0.00476875246917721
5.7,-0.00459171178157586,-0.0019433421151554158,0.0009707371227632082,0.003935005908438462,0.00692117428310623,0.003088911730092687,0.004769406785759346
5.800000000000001,-0.004591019673450091,-0.0019432703020992414,0.0009707499348197419,0.003935009387255315,0.006921175455076359,0.0030897909461611657,0.004770173047880557
5.9,-0.004590215198681517,-0.0019431866081979128,0.0009707649103933271,0.003935013465500392,0.006921176832995031,0.003090819108867665,0.0047710703418022485
6.0,-0.004589280114078138,-0.001943089069107075,0.0009707824143918471,0.003935018246284713,0.006921178452975498,0.003092021376387064,0.004772120996525887
6.1000000000000005,-0.004588193214589621,-0.0019429753959083384,0.0009708028731963468,0.003935023850425735,0.006921180357449798,0.0030934271435945696,0.004773351132779659
6.2,-0.004586929852437279,-0.0019428429215129404,0.000970826785004479,0.003935030419482705,0.006921182596271942,0.0030950707533821246,0.004774791304613546
6.300000000000001,-0.004585461378172784,-0.0019426885382207455,0.0009708547319122214,0.003935038119311472,0.006921185228013295,0.003096992327036077,0.004776477249168163
6.4,-0.004583754490990438,-0.0019425086249759333,0.0009708873940256531,0.003935047144227478,0.006921188321483538,0.003099238733543241,0.004778450762789238
6.500000000000001,-0.004581770483559931,-0.001942298962620325,0.0009709255659434742,0.003935057721880798,0.006921191957516422,0.0031018647209973597,0.0047807607247010156
6.6000000000000005,-0.0045794643642545485,-0.0019420546351652812,0.0009709701760080594,0.003935070118964825,0.006921196231066301,0.003104934237130706,0.004783464293000399
6.700000000000001,-0.004576783836869474,-0.0019417699147770047,0.0009710223087895141,0.003935084647900887,0.00692120125366941,0.0031085219704870258,0.004786628301873582
6.800000000000001,-0.004573668114693099,-0.0019414381277902447,0.0009710832313450155,0.00393510167466536,0.006921207156333219,0.0031127151489874134,0.004790330893766382
6.900000000000001,-0.004570046542037877,-0.0019410514986230448,0.0009711544238865773,0.003935121627954197,0.006921214092928124,0.0031176156387432083,0.004794663425872943
7.000000000000001,-0.004565836991970957,-0.0019406009679499732,0.000971237615596418,0.003935145009913008,0.006921222244168631,0.0031233423930824944,0.00479973269687825
7.100000000000001,-0.004560944003909716,-0.0019400759808912548,0.0009713348264529105,0.003935172408699647,0.006921231822286276,0.003130034310045971,0.00480566354755332
7.200000000000001,-0.004555256618848164,-0.0019394642402764347,0.0009714484160746054,0.003935204513191734,0.006921243076514167,0.003137853566268069,0.004812601897739061
7.300000000000001,-0.0045486458631233346,-0.0019387514192273794,0.0009715811407584404,0.003935242130204696,0.006921256299523832,0.0031469895064157763,0.0048207182926764645
7.4,-0.004540961823660662,-0.0019379208263576647,0.0009717362200851684,0.003935286204648097,0.006921271834979343,0.003157663180474338,0.004830212043792683
7.500000000000001,-0.004532030248373266,-0.0019369530157816544,0.0009719174146947594,0.003935337843120824,0.006921290086402224,0.003170132636451525,0.0048413160632208175
7.600000000000001,-0.004521648594621878,-0.0019358253328412023,0.000972129117102771,0.003935398341530794,0.006921311527574054,0.0031846990938775447,0.004854302507849206
7.700000000000001,-0.0045095814361257956,-0.0019345113849610384,0.0009723764577416302,0.0039354692174244175,0.006921336714742933,0.003201714144220705,0.0048694893679517536
7.800000000000002,-0.004495555124166672,-0.0019329804253007442,0.0009726654287760938,0.003935552247827525,0.006921366300945879,0.0032215881485026304,0.004887248157896558
7.9,-0.004479251582016501,-0.0019311966348412998,0.0009730030286685025,0.003935649513535703,0.006921401052813123,0.003244800030544285,0.00490801289259204
8.000000000000002,-0.004460301091865131,-0.0019291182861803232,0.000973397430966926,0.003935763450951288,0.006921441870283432,0.0032719086970582675,0.004932290563821027
8.100000000000001,-0.0044382739106754035,-0.0019266967695574623,0.0009738581813699651,0.003935896912750669,0.006921489809733596,0.003303566353987165,0.004960673366147263
8.2,-0.004412670524837438,-0.001923875458426011,0.0009743964277995734,0.003936053238883446,0.006921546111111995,0.0033405340329572897,0.0049938529634865544
8.3,-0.004382910322625434,-0.001920588388154236,0.0009750251890037917,0.003936236339659907,0.006921612229767849,0.0033836996935033728,0.005032637135683185
8.4,-0.004348318427580634,-0.0019167587170936284,0.0009757596681342242,0.003936450792981371,0.006921689873786952,0.0034340993270234633,0.005077969200647315
8.500000000000002,-0.0043081103942391565,-0.0019122969341902828,0.0009766176188193865,0.003936701958116469,0.006921781047784368,0.0034929415586397007,0.005130950673100816
8.6,-0.0042613744191474555,-0.0019070987714225563,0.0009776197725116199,0.003936996108834108,0.00692188810426824,0.0035616363248941107,0.0051928676972725464
8.700000000000001,-0.004207050663762044,-0.0019010427724863743,0.0009787903373508966,0.003937340589180391,0.0069220138038807175,0.003641828300389608,0.005265221879754017
8.8,-0.004143907220335797,-0.001893987461159675,0.0009801575804993321,0.00393774399574414,0.006922161386046707,0.003735435857291124,0.0053497662522375596
8.900000000000002,-0.0040705121757657935,-0.0018857680434745164,0.000981754507895629,0.003938216390907202,0.006922334651824586,0.0038446964705889843,0.005448547214414605
9.0,-0.003985201139890395,-0.0018761925669933289,0.0009836196577070733,0.003938769552337579,0.006922538061061491,0.003972219632167399,0.005563953447706509
9.100000000000001,-0.003886039501870134,-0.0018650374478737298,0.0009857980264731127,0.003939417264874138,0.006922776846317377,0.004121048511475392,0.005698772953987275
9.200000000000001,-0.0037707785587346903,-0.0018520422617217852,0.0009883421501035478,0.00394017566199285,0.0069230571464454944,0.004294731803985973,0.005856259563819018
9.300000000000002,-0.0036368045212167013,-0.0018369036771363413,0.000991313365591967,0.003941063625261996,0.006923386163213111,0.004497407445328864,0.006040210480358252
9.4,-0.003481079240470228,-0.001819268390940868,0.000994783283617974,0.003942103251616653,0.006923772344927463,0.004733900144429665,0.006255056683121681
9.500000000000002,-0.0033000713115249576,-0.0017987249009229044,0.000998835507244036,0.0039433203999464225,0.006924225601712713,0.005009835009507756,0.006505968316176741
9.600000000000001,-0.0030896759910991403,-0.0017747939249179651,0.0010035676377823234,0.0039447453304347424,0.006924757557881012,0.005331769913723979,0.006798977534966777
9.700000000000001,-0.0028451221137357555,-0.0017469172436595658,0.0010090936157545274,0.00394641345236102,0.006925381847774852,0.005707349681177423,0.007141121692942307
9.8,-0.002560863895385546,-0.001714444708242463,0.001015546452855231,0.003948366198733424,0.006926114462551442,0.006145485678754425,0.007540610222806884
9.9,-0.002230455170850919,-0.001676619110465591,0.0010230814201462,0.003950652049225073,0.006926974156661121,0.006656564986588596,0.00800701911837988
10.000000000000002,-0.0018627529617742844,-0.0016344352546210981,0.0010315048001308422,0.003953213628002679,0.006927939882678357,0.007227293131696679,0.008528311624858544
10.1,-0.0014883286670610367,-0.001591337506650713,0.0010401428506957406,0.0039558502813906915,0.00692893755545498,0.007811643581559719,0.009062762956551267
10.200000000000001,-0.0010925845030008078,-0.0015456275745623625,0.0010493402215406627,0.003958668561267003,0.006930008015950422,0.008432761299615892,0.009631629940127421
10.3,-0.0006761696259061411,-0.0014973544012703672,0.00105909317007144,0.003961669243444579,0.006931152298046916,0.009090159793604953,0.010234594367334976
10.400000000000002,-0.00023976709915646353,-0.0014465698927235752,0.0010693976401825868,0.003964853113969425,0.006932371486775936,0.009783309350594013,0.010871302717693132
10.5,0.00021590722726032904,-0.0013933288855421222,0.0010802492539414704,0.0039682209644681405,0.006933666716756177,0.010511635816250519,0.011541364517367168
10.600000000000001,0.000690105890987714,-0.0013376891108768559,0.0010916433035029255,0.003971773587467685,0.0069350391706255905,0.011274519441374265,0.012244350744603586
10.700000000000001,0.0011820510433954027,-0.0012797111544830902,0.0011035747432682997,0.0039755117716856496,0.0069364900774629016,0.012071293800163542,0.012979792286185385
10.800000000000002,0.0016909357255182255,-0.0012194584130051536,0.0011160381823020831,0.003979436297289906,0.00693802071119397,0.012901244784747036,0.013747178449525782
10.9,0.0022159251917458636,-0.0011569970464729699,0.0011290278770210468,0.0039835479311265505,0.0069396323889785215,0.013763609680556428,0.014545955535166211
11.000000000000002,0.0027561582790923246,-0.0010923959270169412,0.0011425377241693793,0.003987847421915453,0.006941326469572922,0.014657576327144423,0.015375525474582031
11.100000000000001,0.0033107488197989168,-0.0010257265838124377,0.0011565612540946463,0.003992335495412855,0.006943104351664726,0.015582282369072458,0.016235244538325012
11.200000000000001,0.003878787094953564,-0.0009570631442703409,0.0011710916243389841,0.003997012849540975,0.00694496747217481,0.016536814601492474,0.01712442211964459
11.3,0.004459341326742316,-0.000886482271495098,0.0011861216135602341,0.004001880149484646,0.0069469173045231015,0.017520208415040105,0.018042319598829952
11.4,0.00505145920688483,-0.0008140630980372758,0.001201643615797741,0.004006938022755275,0.0069489553568538795,0.018531447344626466,0.01898814929360071
11.500000000000002,0.00565416945874693,-0.0007398871559726415,0.0012176496350974498,0.004012187054222961,0.006951083170216896,0.019569462726676087,0.019961073500944226
11.600000000000001,0.006266483430567835,-0.0006640383033452745,0.00123413128051182,0.004017627781117555,0.006953302316700465,0.0206331334692994,0.02096020363585148
11.700000000000001,0.006887396717188434,-0.0005866026470176791,0.0012510797614886933,0.00402326068799999,0.006955614397512977,0.021721285939811926,0.02198459947244248
11.8,0.007515890807620707,-0.0005076684619760867,0.0012684858836644977,0.004029086201705321,0.006958021041009232,0.02283269397392124,0.023033268492989263
11.900000000000002,0.008150934755755403,-0.000427326107144857,0.0012863400450768472,0.004035104686259401,0.006960523900658194,0.02396607901079034,0.024105165350347443
12.0,0.008791486871467667,-0.00034566793776912973,0.0013046322328110398,0.004041316437771119,0.006963124652948838,0.02512011035805799,0.025199191449287332
12.100000000000001,0.009436496429346526,-0.00026278821443059667,0.0013233520200951446,0.004047721679302841,0.006965824995230915,0.026293405590747835,0.02631419465217627
12.200000000000001,0.010084905392245352,-0.00017878300876663072,0.0013424885638591271,0.004054320555721502,0.006968626643487492,0.027484531087832154,0.02744896911440322
12.300000000000002,0.010735650146826026,-9.375010596852766e-05,0.0013620306027718292,0.004061113128533554,0.006971531330036324,0.02869200271002707,0.028602255254853395
12.4,0.011387663248250083,-7.788904140182103e-06,0.0013819664557702671,0.004068099370706984,0.0069745408011572104,0.029914286622192556,0.029772739866635173
12.500000000000002,0.012039875171154735,7.899968939607837e-05,0.001402284021096063,0.0040752791614839445,0.006977656814642637,0.031149800263480642,0.03095905637313119
12.600000000000001,0.012691216064041624,0.00016651336475425964,0.0014229707758524304,0.0040826522811880815,0.0069808811372690524,0.0323969134681305,0.032159785234291735
12.700000000000003,0.013340617504200812,0.0002546485190024737,0.0014440137760956258,0.004090218406030579,0.006984215542186437,0.03365394973954015,0.03337345450790929
12.8,0.01398701425029067,0.0003433003684407108,0.0014653996574744386,0.004097977102919621,0.006987661806223739,0.034919187679957796,0.034598540570407545
12.9,0.01462934598969963,0.00043236306353023105,0.0014871146364309517,0.00410592782427788,0.006991221707108151,0.03619086257782538,0.035833469001448105
13.000000000000002,0.015266559077822765,0.000521729806361057,0.0015091445119751364,0.004114069902873433,0.006994897020596118,0.0374671681544802,0.0370766156363982
13.100000000000001,0.01589760826640088,0.0006112929705387891,0.0015314746680455899,0.004122402546669376,0.006998689517514346,0.038746258471568845,0.038326307790420136
13.200000000000001,0.016521458418086426,0.0007009442233667769,0.0015540900764694895,0.004130924833697797,0.007002600960709064,0.0400262500001593,0.0395808256576272
13.3,0.017137086204424258,0.0007905746501947763,0.0015769753005315194,0.004139635706964405,0.00700663310190217,0.0413052238521482,0.0408384038884146
13.400000000000002,0.01774348178446163,0.0008800748808002791,0.0016001144991646644,0.0041485339693899575,0.007010787678452818,0.042581228174149485,0.042097233347700234
13.500000000000002,0.018339650461234133,0.000969335217663777,0.0016234914317722398,0.004157618278795169,0.00701506641002347,0.04385228070362362,0.04335546305642043
13.600000000000001,0.018924614313410228,0.0010582457659946323,0.0016470894636920472,0.00416688714293622,0.007019470995149474,0.04511637148656167,0.044611202318194224
13.700000000000001,0.019497413799418044,0.0011466965653596074,0.001670891572310814,0.004176338914597681,0.007024003107711459,0.046371465755570725,0.04586252303262443
13.800000000000002,0.020057109331423007,0.0012345777227615918,0.001694880353839728,0.004185971786750945,0.007028664393310072,0.04761550696672797,0.047107462196218905
13.9,0.02060278281657451,0.0013217795470119216,0.0017190380307567053,0.004195783787785513,0.007033456465542902,0.04884641999307187,0.04834402459141196
14.000000000000002,0.021133539162993414,0.001408192684235383,0.0017433464599254378,0.0042057727768213884,0.007038380902183498,0.050062114472086514,0.049570185663630154
14.100000000000001,0.02164850774803,0.0014937082543429612,0.0017677871413957127,0.0042159364391110305,0.007043439241262666,0.05126048830400482,0.050783894585788594
14.200000000000003,0.022146843846384275,0.0015782179883039266,0.0017923412278923576,0.004226272281539273,0.007048632977052727,0.05243943129721688,0.05198307750901753
14.3,0.022627730015745275,0.0016616143660447707,0.001816989534997643,0.004236777628230418,0.007053963555955357,0.05359682895651625,0.05316564099781036
14.400000000000002,0.023090377437677254,0.001743790754799142,0.001841712552030658,0.004247449616271307,0.007059432372294077,0.05473056640935091,0.054329475647150724
14.500000000000002,0.023534027211552806,0.0018246415477301402,0.0018664904536286292,0.00425828519155988,0.007065040764012696,0.05583853246467465,0.05547245987852115
14.600000000000001,0.023957951599410183,0.0019040623026425412,0.0018913031120311717,0.0042692811047890305,0.007070790008281282,0.0569186237984073,0.05659246391102084
14.700000000000001,0.024361455219693934,0.0019819498806004556,0.0019161301100699382,0.004280433907575145,0.007076681317011823,0.057968749258932646,0.05768735390311968
14.8,0.024743876187919008,0.0020582025842625093,0.0019409507548642311,0.004291739948742081,0.007082715832285311,0.058986834285458874,0.05875499625986994
14.900000000000002,0.025104587202388694,0.0021327202957450823,0.0019657440922213948,0.004303195370769925,0.007088894621693291,0.05997082543148143,0.05979326209965832
15.000000000000002,0.02544299657318482,0.002205404613821468,0.0019904889217419314,0.004314796106419809,0.007095218673596501,0.060918694984983694,0.06080003187384353
15.100000000000001,0.02575854919274242,0.002276158990262958,0.0020151638126253415,0.004326537875544903,0.0071016888923037935,0.06182844567641663,0.06177320013186527
15.200000000000003,0.02605072744641667,0.0023448888651264694,0.0020397471201742063,0.004338416182098507,0.007108306093174929,0.06269811546490874,0.06271068042364318
15.3,0.026319052061548585,0.0024115018007919084,0.002064217002990775,0.004350426311350308,0.007115070997651348,0.0635257823925656,0.06361041033031557
15.400000000000002,0.026563082893636965,0.0024759076145509477,0.002088551440861406,0.004362563327321382,0.007121984228218804,0.06430956949614158,0.06447035661358154
15.500000000000002,0.026782419648326252,0.002538018509548757,0.0021127282533200875,0.004374822070449717,0.0071290463033068935,0.06504764976479178,0.06528852047313552
15.600000000000003,0.02697670253802689,0.002597749203879002,0.002136725118884135,0.0043871971554970786,0.007136257632130229,0.06573825113205811,0.06606294290089836
15.700000000000001,0.027145612872090438,0.002655017057632757,0.00216051959495202,0.004399682969708704,0.00714361850947696,0.06637966148969617,0.06679171011997366
15.8,0.027288873579571615,0.0027097421977015194,0.002184089138352122,0.0044122736712369605,0.007151129110449983,0.06697023371042327,0.06747295909548619
15.900000000000002,0.02740624966371991,0.0027618476401348726,0.002207411126530656,0.004424963187841032,0.007158789485167715,0.06750839066616368,0.06810488310369991
16.000000000000004,0.027497548587454863,0.0028112594098547734,0.002230462879365263,0.004437745215873092,0.007166599553430271,0.06799263022787572,0.06868573734506206
16.1,0.02756262058919291,0.002857906657528001,0.002253221681589602,0.004450613219563197,0.007174559099358797,0.0684215302325918,0.06921384458609171
16.200000000000003,0.027601358928507982,0.0029017217734007986,0.002275664805812429,0.004463560430614024,0.0071826677660147475,0.06879375340286768,0.06968760081431909
16.300000000000004,0.027613700061222334,0.002942640497900645,0.00229776953611423,0.0044765798481163355,0.007190925050007538,0.06910805220343012,0.0701054808897918
16.4,0.027599623743640844,0.0029806020288121494,0.002319513192202181,0.0044896642387972484,0.007199330296098373,0.06936327361945328,0.07046604417600985
16.5,0.027559153065757572,0.0030155491248363238,0.0023408731541031402,0.00450280613761166,0.007207882691809197,0.06955836384054591,0.07076794013251705
16.6,0.02749235441338044,0.003047428205344942,0.002361826887373459,0.004515997848688127,0.0072165812620459254,0.06969237283425266,0.07100991385078827
16.700000000000003,0.027399337359235356,0.003076189446144543,0.0023823519688022333,0.004529231446640224,0.007225424863745159,0.06976445879260139,0.07119081151449523
16.8,0.0272802544832297,0.003101786871067943,0.0024024261125835853,0.004542498778253444,0.0072344121805548766,0.06977389243503322,0.07130958576472511
16.900000000000002,0.027135301122168613,0.0031241784392144496,0.0024220271969319918,0.0045557914645586875,0.0072435417175590435,0.06972006115087541,0.07136530095026106
17.000000000000004,0.026964715049335706,0.0031433261276639273,0.002441133291114424,0.004569100903301869,0.007252811796057176,0.06960247296440888,0.07135713824262525
17.1,0.026768776084463205,0.0031591960094941654,0.0024597226828684173,0.00458241827182021,0.007262220548409988,0.06942076030551579,0.07128440059522324
17.2,0.02654780563473143,0.003171758326935132,0.002477773906178816,0.004595734530333854,0.007271765912962853,0.06917468356888072,0.07114651752563779
17.3,0.02630216616755085,0.0031809875594988107,0.002495265769379521,0.004609040425662864,0.00728144562905908,0.06886413444476654,0.07094304969988006
17.400000000000002,0.026032260615990812,0.0031868624869285465,0.0025121773835481333,0.004622326495377737,0.0072912572321553685,0.0684891390044873,0.0706736932972422
17.500000000000004,0.025738531717831192,0.0031893662468168967,0.0025284881911600975,0.004635583072392422,0.007301198049052445,0.06804986052386829,0.07033828413429853
17.6,0.025421461289320282,0.0031884863867472123,0.0025441779949654667,0.004648800290007098,0.007311265193254015,0.06754660202820353,0.06993680152657863
17.700000000000003,0.025081569434830798,0.003184214910819959,0.0025592269870520863,0.004661968087409001,0.007321455560467493,0.06697980854251587,0.06946937186649484
17.800000000000004,0.024719413693709936,0.003176548320431398,0.0025736157780573326,0.0046750762156371785,0.007331765824260731,0.0663500690312795,0.0689362718962382
17.9,0.024335588125723707,0.003165487649178883,0.002587325426488182,0.004688114244018696,0.007342192431888696,0.06565811801218434,0.06833793165458338
18.0,0.02393072233659461,0.0031510384917740504,0.0026003374681098116,0.00470107156708121,0.0073527316003050465,0.06490483682901606,0.06767493707684837
18.1,0.02350548044523239,0.0031332110268524815,0.0026126339453596817,0.0047139374119473275,0.00736337931237327,0.06409125456928358,0.0669480322276535
18.200000000000003,0.02306055999435074,0.0031120200335761784,0.0026241974367454905,0.004726700846215596,0.007374131313292681,0.06321854861285603,0.06615812114661565
18.3,0.02259669080625783,0.0030874849019327287,0.002635011086180819,0.004739350786331236,0.007384983107254917,0.06228804479857255,0.06530626928769942
18.400000000000002,0.02211463378569711,0.0030596296366436817,0.002645058632215637,0.004751876006450409,0.007395929954346181,0.06130121719656006,0.06439370453362768
18.500000000000004,0.02161517967170241,0.0030284828546025414,0.002654324437112643,0.004764265147799634,0.007406966867712061,0.060259687474834366,0.06342181776753472
18.600000000000005,0.021099147740514138,0.0029940777757720156,0.002662793515724007,0.004776506728532516,0.007418088610999965,0.05916522384967811,0.06239216298492448
18.7,0.020567384461685167,0.002956452207478473,0.002670451564119657,0.004788589154083634,0.0074292896960965705,0.05801973961026911,0.06130645692997737
18.8,0.020020762109580027,0.002915648522051453,0.0026772849879169204,0.004800500728020244,0.007440564381175946,0.05682529120908562,0.060166578241325146
18.900000000000002,0.0194601773325455,0.00287171362776465,0.002683280930263654,0.00481222966338996,0.007451906669075419,0.05558407591074052,0.05897456609360054
19.000000000000004,0.01888654968209939,0.0028246989330451304,0.0026884272994212094,0.004823764094562531,0.007463310306015675,0.05429842899308246,0.0577326183223431
19.1,0.018300820104550284,0.0027746603039267544,0.0026927127958987058,0.004835092089562886,0.007474768780681809,0.0529708204956553,0.05644308902122906
19.200000000000003,0.01770394939752262,0.0027216580147342243,0.002696126939083828,0.004846201662890774,0.007486275323681949,0.051603851511927264,0.055108485602067714
19.300000000000004,0.017096916633918578,0.002665756691994015,0.0026986600933195833,0.004857080788822902,0.007497822907400436,0.050200250023078076,0.05373146530958488
19.400000000000002,0.016480717555902444,0.0026070252515788773,0.0027003034933725956,0.004867717415189894,0.007509404246261759,0.048762866272566256,0.052314831184682276
19.5,0.015856362941541396,0.0025455368291032255,0.002701049269239796,0.004878099477622458,0.00752101179742229,0.0472946676821951,0.050861527471622744
19.6,0.01522487694678264,0.0024813687035970507,0.0027008904702396364,0.004888214914256919,0.007532637761905496,0.04579873331193344,0.049374634466440505
19.700000000000003,0.014587295425485813,0.0024146022144969533,0.0026998210883335556,0.004898051680891322,0.007544274086197445,0.044278247867340914,0.04785736280580725
19.8,0.013944664230267034,0.0023453226720037005,0.0026978360806244857,0.0049075977665811055,0.007555912464318154,0.042736495260079874,0.046313047197599315
19.900000000000002,0.013298037496941549,0.00227361926086632,0.0026949313909764494,0.004916841209662407,0.0075675443403844436,0.04117685172867222,0.04474513959649734
20.000000000000004,0.012648475915379032,0.0021995849376642744,0.0026911039707022506,0.004925770114189723,0.007579160911679578,0.0396027785283616,0.043157201830105026
20.100000000000005,0.01199704498960795,0.002123316321669782,0.0026863517982651684,0.004934372666773686,0.007590753132244746,0.03801781420068509,0.0415528976832974
20.2,0.011344813290023112,0.002044913579383738,0.0026806738979408464,0.004942637153802876,0.00760231171700652,0.0364255664351133,0.039935984450779
20.3,0.010692850700563385,0.0019644803028495772,0.002674070357384909,0.004950551979033111,0.007613827146454517,0.03482970353689804,0.03831030397016309
20.400000000000002,0.010042226663734619,0.0018821233818606161,0.0026665423440554673,0.004958105681525394,0.007625289671882399,0.03323394551705832,0.0366797731502463
20.500000000000004,0.009394008426356706,0.001797952870187512,0.002658092120436221,0.004965286953913827,0.007636689321205076,0.03164205482222813,0.03504837401155388
20.6,0.008749259288912412,0.0017120818459634352,0.0026487230580093607,0.004972084660981195,0.00764801590536429,0.030057826723882977,0.03342014325865615
20.700000000000003,0.008109036861369478,0.0016246262663754416,0.002638439649927297,0.0049784878585214165,0.007659259025333779,0.028485079388251882,0.03179916140619413
20.800000000000004,0.00747439132833704,0.0015357048168215877,0.0026272475223335897,0.004984485812464329,0.007670408079734652,0.026927643649985043,0.030189541482998537
20.900000000000002,0.006846363726402405,0.0014454387547040784,0.002615153444283427,0.004990068018238158,0.007681452273070679,0.02538935251439852,0.028595417341126257
21.0,0.006225984236473466,0.0013539517480393077,0.0026021653362169094,0.0049952242203440975,0.007692380624592309,0.023874030414831736,0.02702093159906096
21.1,0.0056142704939284305,0.0012613697090763717,0.002588292276937333,0.004999944432114,0.007703181977797187,0.0223854822533294,0.025470223250724483
21.200000000000003,0.0050122259193442886,0.0011678206231258263,0.002573544509051299,0.00500421895562422,0.007713845010574167,0.020927482254492633,0.02394741497430264
21.3,0.004420838072542527,0.0010734343728108122,0.0025579334428251126,0.0050080384017337064,0.00772435824599606,0.01950376266391723,0.022456600177200865
21.400000000000002,0.0038410770326519506,0.0009783425579627514,0.002541471658416802,0.005011393710216284,0.00773471006376607,0.018118002324149948,0.021001829815690765
21.500000000000004,0.003273893806845866,0.0008826783113932092,0.0025241729064437264,0.005014276169953676,0.00774488871232098,0.01677381516253783,0.01958709902998403
21.600000000000005,0.0027202187703636886,0.0007865761107836964,0.0025060521068461196,0.005016677439155409,0.007754882321593105,0.015474738626702353,0.018216333637554996
21.7,0.0021809601403762237,0.0006901715869438955,0.0024871253460124363,0.005018589565570764,0.007764678916431916,0.014224222104648155,0.01689337652952197
21.8,0.0016570024861974585,0.0005936013286982672,0.0024674098721303795,0.005020005006656454,0.007774266430683885,0.013025615367690733,0.015621974016772346
21.900000000000002,0.0011269742299888806,0.0004927218407428985,0.0024460102490709793,0.005020957472536995,0.007784053243271445,0.011832598082364745,0.014353001962534428
22.000000000000004,0.0006611549394684862,0.00041699064492981366,0.0024408236734545083,0.005034704264611803,0.007804642600991825,0.010756965593563213,0.013208626603037852
22.1,0.0002722179023966955,0.00036904070621517657,0.002452644829962434,0.005061520336739326,0.007836098430485071,0.009828452892435767,0.012220629205838527
22.200000000000003,-4.865686330822114e-05,0.000347771723656501,0.0024817413475830058,0.0051020273078413595,0.007879160114251719,0.009027144669733941,0.01136800210787342
22.300000000000004,-0.000308745881644314,0.00035269324856727316,0.0025287800970395322,0.005157166826130912,0.007934841467276476,0.008335868402375615,0.010632633978651563
22.400000000000002,-0.0005139472293251091,0.00038391322086171417,0.0025948422653536813,0.0052282222009000685,0.008004454305127274,0.00773982187930683,0.009998919461477875
22.5,-0.0006689142873279267,0.00044214017862398707,0.0026814479840920166,0.005316847985925567,0.008089639012821488,0.0072262524095340255,0.009453423155533377
22.6,-0.0007771612662950105,0.0005286991808486493,0.0027905910655357867,0.0054251081879939985,0.008192402816867913,0.006784180674673812,0.008984590595300046
22.700000000000003,-0.0008411428988023039,0.0006455617963379648,0.0029247846333186377,0.005555523973648833,0.00831516664242746,0.006404163172383199,0.008582499916160169
22.8,-0.0008623101056891222,0.0007953908324910498,0.003087118684027725,0.005711131966601055,0.008460821637129055,0.006078088046743936,0.008238648787518003
22.900000000000002,-0.0008411428988023013,0.0009816008134882718,0.0032813308895696244,0.005895554472350992,0.008632796667342275,0.005798999836005984,0.007945771967333924
23.000000000000004,-0.0007771612662949997,0.001208435575806472,0.0035118922530185956,0.006113083241054409,0.00883513834680978,0.00556094930338793,0.007697685501685357
23.100000000000005,-0.0006689142873279067,0.0014810647382420257,0.0037841095700850945,0.006368778690803063,0.00907260544732022,0.005358865066997868,0.007489154174720953
23.200000000000003,-0.0005139472293250701,0.0018057012325110755,0.004104247032009129,0.006668586868392936,0.009350779873204875,0.005188444222598364,0.0073157793210280354
23.3,-0.00030874588164427584,0.0021897425587687393,0.004479669742311999,0.007019476831421452,0.009676196763472658,0.005046059568469017,0.007173904555177054
23.400000000000002,-4.865686330817343e-05,0.002641938968884163,0.00491901241935521,0.007429601603451413,0.010056496726096863,0.004928681404221161,0.007060537361790441
23.500000000000004,0.0002722179023967519,0.0031725923912265816,0.00543237713039481,0.007908486393666654,0.010500603718397103,0.004833812193088041,0.006973284832444268
23.6,0.0006611549394685591,0.003793790607890454,0.006031564563799723,0.008467248396188318,0.01101893267724827,0.004759432656957452,0.006910302140553375
23.700000000000003,0.0011269742299889586,0.004519681994495159,0.006730344109303392,0.009118853206198829,0.011623631686433314,0.004703958121369967,0.0068702526187609594
23.800000000000004,0.0016570024861975686,0.005330961372285387,0.007510243197983171,0.00984618040406209,0.012298915614156306,0.004667746707809497,0.006853015595186699
23.900000000000006,0.0021809601403763312,0.006146467463003977,0.00829840723142565,0.010583460845607805,0.01298503327577424,0.0046310060273584905,0.0068330531272871335
24.0,0.002720218770363824,0.0069987075514753245,0.009126147066911316,0.01136000151995123,0.013709310401256032,0.004592277948964005,0.006809670899562969
24.1,0.003273893806846005,0.007886346683510697,0.00999230668326075,0.012174863922450086,0.014471013713705645,0.004551671734623704,0.0067829270579952625
24.200000000000003,0.003841077032652093,0.008807990368053218,0.01089566848232463,0.013027052112573365,0.01526935824248837,0.0045093036838180795,0.006752892112000044
24.3,0.004420838072542687,0.009762186432025026,0.011834954282836142,0.013915512867521256,0.01610350675776541,0.004465296843563388,0.006719648869216898
24.400000000000002,0.005012225919344445,0.010747426982584886,0.012808826428674746,0.01483913594160869,0.01697256929627463,0.004419780689401331,0.006683292322003086
24.500000000000004,0.0056142704939286196,0.011762150474654,0.013815889011938753,0.01579675443386084,0.017875602782192267,0.004372890777820615,0.006643929484848001
24.600000000000005,0.00622598423647364,0.012804743881364484,0.014854689211025932,0.016787145266119605,0.018811610746853114,0.004324768370729746,0.0066016791821100675
24.700000000000003,0.006846363726402568,0.013873544964882429,0.01592371874370841,0.017809029773802946,0.019779543151029776,0.004275560032726552,0.006556671785673961
24.8,0.007474391328337231,0.014966844644857036,0.017021415434975182,0.01886107441129454,0.02077829631338822,0.004225417202036349,0.006509048902330726
24.900000000000002,0.008109036861369677,0.01608288946154872,0.018146164899189677,0.01994189157375878,0.021806712948638778,0.004174495736117782,0.0064589630108953305
25.000000000000004,0.008749259288912608,0.017219884130492805,0.019296302335896423,0.02105004053699236,0.022863582318784152,0.004122955433062016,0.006406577049295356
25.1,0.009394008426356898,0.018375994185361733,0.02047011443836578,0.022184028516721643,0.023947640500744716,0.0040709595300367826,0.006352063952089523
25.200000000000003,0.010042226663734817,0.01954934870549903,0.021665841413746365,0.023342311848548437,0.025057570773494277,0.004018674180151124,0.006295606139105613
25.300000000000004,0.010692850700563587,0.02073804312441101,0.022881679113452423,0.024523297289531357,0.026192004127692195,0.003966267909239164,0.006237394956121609
25.400000000000006,0.011344813290023327,0.021940142115319545,0.024115781272170084,0.025725343442154977,0.02734951990061745,0.003913911054180841,0.0061776300687527
25.5,0.011997044989608161,0.02315368254970137,0.025366261853630834,0.026946762301209144,0.028528646539036057,0.0038617751844944,0.0061165188109467755
25.6,0.012648475915379261,0.024376676524564992,0.026631197501048427,0.028185820923851794,0.02972786249242751,0.003810032509048067,0.006054275489733174
25.700000000000003,0.013298037496941788,0.025607114454048455,0.027908630089874188,0.029440743222868503,0.03094559723878458,0.0037588552698463846,0.0059911206481111775
25.8,0.013944664230267263,0.026842968220757817,0.02919656938027523,0.030709711882887618,0.0321802324449703,0.0037084151249501666,0.005927280288205553
25.900000000000002,0.014587295425486032,0.0280821943821089,0.03049299576648875,0.03199087039902759,0.033430103263377114,0.003658882522686536,0.00586298505705494
26.000000000000004,0.015224876946782876,0.029322737426785372,0.03179586311995892,0.03328232523718058,0.03469349976636933,0.0036104260693963835,0.0057984693976339124
26.100000000000005,0.015856362941541646,0.03056253307627988,0.03310310172291605,0.03458214811484262,0.03596866851972055,0.003563211893051187,0.005733970667939488
26.200000000000003,0.0164807175559027,0.03179951162634948,0.034412621288796304,0.03588837840111313,0.037253814295974484,0.0035174030051475357,0.005669728231196961
26.3,0.017096916633918834,0.033031601323087016,0.035722314065677996,0.03719902563417883,0.038547101928346615,0.003473158663356421,0.005605982520456282
26.400000000000002,0.017703949397522855,0.034256731768186395,0.03703005801863195,0.03851207215429485,0.03984665830548418,0.003430633737464377,0.0055429740810578635
26.500000000000004,0.018300820104550534,0.035472837347866736,0.03833372008667043,0.0398254758499601,0.0411505745070583,0.0033899780811937866,0.005480942594644293
26.6,0.01888654968209965,0.036677860679816376,0.03963115950972276,0.041137173014673796,0.0424569080798355,0.003351335912531166,0.005420125888580062
26.700000000000003,0.01946017733254579,0.037869756072416126,0.04092023122082891,0.042445081311324837,0.04376368545350957,0.003314845205222352,0.0053607589348150094
26.800000000000004,0.02002076210958029,0.03904649299041936,0.04219878929852118,0.043747102840963566,0.04506890449521805,0.003280637094113769,0.005303072842385633
26.900000000000006,0.02056738446168541,0.04020605952118352,0.04346469047412409,0.0450411273123511,0.0463705372012891,0.0032488352970275677,0.005247293847892326
27.000000000000004,0.021099147740514416,0.0413464658354797,0.044715797688489246,0.04632503530837798,0.04766653252436724,0.0032195555558558056,0.005193642308417157
27.1,0.021615179671702633,0.04246574763684987,0.04594998369246395,0.04759670164509602,0.04895481933368487,0.0031929050995440707,0.005142331701455843
27.200000000000003,0.022114633785697373,0.043561969593429097,0.04716513468517981,0.04885399881878114,0.05023330950582181,0.0031689821316081665,0.005093567636527284
27.3,0.022596690806258066,0.04463322874611501,0.0483591539840522,0.05009480053612141,0.051499901142889916,0.003147875344788326,0.005047546883193751
27.400000000000002,0.023060559994350926,0.04567765788693576,0.049529965720183124,0.051316985322285485,0.05275248191465042,0.00312966346539312,0.005004456420273132
27.500000000000004,0.023505480445232558,0.046693428901453435,0.05067551855267631,0.052518440201304334,0.05398893252064516,0.003114414829821045,0.004964472511051007
27.600000000000005,0.02393072233659478,0.04767875606903102,0.0517937893951989,0.053697064442879056,0.05520713026797926,0.0031021869956695206,0.004927759809303337
27.700000000000003,0.024335588125723805,0.048631899314798555,0.05288278714795769,0.054850773369402125,0.0564049527599592,0.0030930263897509724,0.004894470500920042
27.8,0.024719413693710054,0.049551167407169354,0.05394055642810338,0.05597750221666429,0.05758028169033847,0.003086967995231858,0.004864743485874475
27.900000000000002,0.025081569434830857,0.050434921094784466,0.05496518129142852,0.05707521004142222,0.058731006737484076,0.003084035079994307,0.004838703605213472
28.000000000000004,0.025421461289320334,0.05128157617680501,0.05595478893809916,0.05814188366868451,0.05985502955231356,0.003084238968191061,0.004816460917646904
28.1,0.025738531717831227,0.05208960650052139,0.056907553395036475,0.05917554167129129,0.0609502678334246,0.0030875788568229586,0.0047981100301937715
28.200000000000003,0.026032260615990847,0.05285754688031188,0.0578216991674599,0.06017423837407495,0.062014659482370206,0.0030940416790146063,0.004783729487194096
28.300000000000004,0.02630216616755088,0.053583995932059,0.058695504852003616,0.06113606787461914,0.06304616683160466,0.0031036020154985335,0.004773381221821728
28.400000000000006,0.02654780563473143,0.05426761881721733,0.05952730670375235,0.062059168072361406,0.06404278093717707,0.0031162220556413137,0.004767110074033036
28.500000000000004,0.026768776084463212,0.05490714989082485,0.060315502149461894,0.06294172469754669,0.0650025259278176,0.003131851609157559,0.0047649433786603294
28.6,0.026964715049335706,0.055501395247862455,0.06105855323919447,0.06378197533129032,0.06592346340163432,0.0031504281694597082,0.0047668906271071875
28.700000000000003,0.027135301122168613,0.056049235162485944,0.06175499002855993,0.06457821340779756,0.06680369686121755,0.003171877029383958,0.004772943205826227
28.800000000000004,0.0272802544832297,0.05654962641478983,0.062403413883725986,0.06532879218957005,0.06764137617755053,0.0031961114498161324,0.004783074214458749
28.900000000000002,0.02739933735923537,0.05700160449990891,0.06300250070138688,0.06603212870624353,0.06843470207271368,0.0032230328815164465,0.004797238366191173
29.000000000000004,0.027492354413380434,0.05740428571441785,0.06355100403586032,0.0666867076475316,0.06918193061100741,0.0032525312402101967,0.0048153719725360375
29.100000000000005,0.027559153065757614,0.05775686911516344,0.06404775812555188,0.06729108520059124,0.06988137768773625,0.003284485234772722,0.0048373930143768545
29.200000000000003,0.02759962374364083,0.05805863834583515,0.06449168081104346,0.06784389282198983,0.07053142350455681,0.003318762748092929,0.004863201300727595
29.3,0.027613700061222376,0.0583089633267802,0.06488177633716202,0.0683438409343512,0.07113051701996073,0.003355221269951604,0.004892678716250375
29.400000000000002,0.027601358928508037,0.05850730180376542,0.06521713803145118,0.06878972253765228,0.07167718036315798,0.0033937083809982053,0.004925689558150829
29.500000000000004,0.027562620589192958,0.05865320075160132,0.06549695085158334,0.06918041672508154,0.07217001319932849,0.003434062286656562,0.004962080962631348
29.6,0.02749754858745501,0.058746297628768894,0.06572049379437853,0.06951489209332307,0.07260769703396694,0.0034761123995342186,0.005001683420629754
29.700000000000003,0.02740624966372004,0.05878632147942167,0.06588714215922604,0.0697922100371082,0.07298899944378837,0.0035196799686552996,0.005044311382107293
29.800000000000004,0.027288873579571774,0.05877309387937715,0.06599636965889027,0.07001152791788359,0.07331277822147077,0.0035645787535835546,0.005089763947676922
29.900000000000002,0.027145612872090625,0.058706529722966354,0.06604775037084656,0.07017210209646949,0.07357798542132628,0.0036106157412510455,0.005137825645883587
30.000000000000004,0.026976702538027097,0.05858663784787033,0.066040960522497,0.07027329081964598,0.07378367129283771,0.0036575919030612087,0.005188267293964458
30.1,0.02678241964832648,0.05841352149534372,0.06597578010385356,0.07031455695068978,0.07392898808889879,0.0037053029895940367,0.00524084693943176
30.200000000000003,0.026563082893637215,0.058187378603502295,0.06585209430148875,0.07029547053398852,0.07401319373549824,0.0037535403600057688,0.005295310879336513
30.300000000000004,0.02631905206154881,0.05790850193164037,0.0656698947478458,0.07021571118401473,0.07403565534955785,0.0038020918429893837,0.005351394753590899
30.400000000000006,0.026050727446416896,0.057577279013836455,0.0654292805802503,0.07007507028910354,0.0739958525916197,0.0038507426259451845,0.005408824708252829
30.5,0.02575854919274267,0.05719419194040709,0.06513045930427991,0.06987345302068473,0.07389338084011023,0.003899276168803792,0.00546731862421151
30.6,0.025442996573185103,0.05675981696607585,0.06477374745646143,0.06961088013885153,0.0737279541739871,0.003947475138750406,0.005526587406260466
30.700000000000003,0.02510458720238897,0.05627482394403891,0.06435957106159945,0.06928748958540312,0.07349940815068054,0.0039951223619183905,0.005586336327107047
30.800000000000004,0.024743876187919296,0.055739975585427565,0.0638884658803858,0.06890353785580947,0.07320770236640499,0.004042001787953775,0.0056462664204484855
30.900000000000002,0.024361455219694243,0.05515612654399079,0.06336107744332091,0.06845940114184579,0.07285292278611152,0.004087899463203303,0.005706075916846331
31.000000000000004,0.023957951599410495,0.05452422232615184,0.06277816086736045,0.06795557623702372,0.0724352838306003,0.00413260450814529,0.00576546171575712
31.100000000000005,0.023534027211553038,0.05384529802692234,0.06214058045209715,0.06739268119731634,0.07195513020860383,0.004175910094568705,0.005824120886729685
31.200000000000006,0.023090377437677553,0.053120476892494044,0.06144930905272346,0.06677145575009619,0.07141293848198585,0.004217614417910788,0.005881752192461885
31.3,0.022627730015745532,0.05235096871066697,0.06070542722743766,0.06609276144465988,0.07080931835258836,0.004257521660089756,0.005938057626123998
31.400000000000002,0.0221468438463845,0.05153806803061093,0.05991012215742427,0.06535758153817675,0.07014501365969418,0.004295442938115972,0.005992743955105634
31.500000000000004,0.021648507748030222,0.050683152213799446,0.0590646863379822,0.06456702061142552,0.06942090307754294,0.00433119723373433,0.006045524263129629
31.6,0.021133539162993584,0.049787679318296495,0.05817051603988076,0.06372230390920225,0.06863800050288225,0.0043646122993438695,0.006096119482503117
31.700000000000003,0.020602782816574718,0.04885318581891916,0.05722910954047809,0.0628247764008667,0.06779745512309637,0.004395525535456197,0.006144259908144281
31.800000000000004,0.020057109331423222,0.04788128416613808,0.05624206512466783,0.061875901557074724,0.06690055115609272,0.004423784834995452,0.006189686684935405
31.900000000000006,0.019497413799418207,0.04687366018691892,0.055211078856217434,0.060877259839379326,0.06594870725379226,0.0044492493898081005,0.006232153259911173
32.00000000000001,0.01892461431341037,0.04583207033104547,0.05413794212058079,0.05983054690002041,0.06494347556179218,0.004471790454840588,0.006271426790795738
32.1,0.018339650461234255,0.044758338766797856,0.053024538940806616,0.058737571489905195,0.06388654042853477,0.004491292065559725,0.006307289502456174
32.2,0.01774348178446174,0.04365435433019249,0.0518728430686962,0.05760025307347689,0.06277971675813578,0.004507651704331257,0.006339539982943262
32.300000000000004,0.017137086204424386,0.04252206733231559,0.05068491485390733,0.05642061914989007,0.06162494800187033,0.004520780911638427,0.006367994410943934
32.400000000000006,0.016521458418086554,0.04136348622960418,0.04946289789424793,0.05520080228065632,0.06042430378423449,0.004530605838214536,0.006392487706675137
32.50000000000001,0.015897608266401023,0.04018067416224569,0.04820901547096894,0.05394303682468056,0.05917997716042427,0.004537067734378956,0.006412874598504361
32.60000000000001,0.015266559077822896,0.03897574536617487,0.04692556677339881,0.052649655382402974,0.05789428150307725,0.004540123373107945,0.006429030597889495
32.7,0.014629345989699758,0.03775086146445189,0.04561492291784106,0.05132308495154137,0.05656964701713165,0.004539745403634052,0.006440852875588789
32.8,0.013987014250290763,0.03650822764409764,0.044279522766198065,0.049965842797760354,0.05520861688272633,0.004535922632657023,0.006448261032499511
32.9,0.013340617504200885,0.035250088724751036,0.042921868550347464,0.048580532044405475,0.05381384302715922,0.004528660230556223,0.006451197758941242
33.0,0.012691216064041732,0.03397872512578761,0.0415445213088471,0.0471698369862918,0.05238808152804151,0.004517979860325651,0.006449629376704427
33.1,0.01203987517115478,0.03269644873880806,0.04015009614309163,0.045736518133365406,0.05093418765095774,0.004503919727301586,0.006443546258735463
33.2,0.011387663248250125,0.031405598712660354,0.03874125730059473,0.044283406990930176,0.04945511052610808,0.004486534548120362,0.00643296312192463
33.300000000000004,0.010735650146826073,0.030108537158405155,0.037320713093589815,0.04281340058396912,0.04795388746963016,0.0044658954377283944,0.006417919189098793
33.400000000000006,0.01008490539224536,0.028807644781866676,0.03589121066169309,0.041329455733967,0.04643363795651601,0.0044420897136658545,0.006398478216996186
33.50000000000001,0.009436496429346533,0.02750531645163364,0.03445553058786625,0.03983458309748868,0.044897557253295965,0.004415220617258119,0.006374728387711214
33.6,0.008791486871467654,0.026203956710580047,0.033016481377434764,0.03833184097662523,0.04334890971990814,0.004385406951772946,0.006346782061840106
33.7,0.008150934755755379,0.024905975239172363,0.03157689381041141,0.036824328912280435,0.04179102179144755,0.0043527826380350635,0.0063147753923302324
33.800000000000004,0.0075158908076206725,0.02361378227900598,0.030139615177838506,0.03531518107209492,0.04022727465176265,0.0043174961884303,0.006278867798832346
33.900000000000006,0.006887396717188403,0.02232978402518153,0.028707503413340954,0.033807559445658275,0.03866109661214134,0.004279710100676919,0.006239241303171944
34.00000000000001,0.006266483430567791,0.021056377996278026,0.027283421131510676,0.03230464686045556,0.03709595520959796,0.004239600173189957,0.006196099727389009
34.10000000000001,0.005654169458746885,0.0197959483908149,0.02587022958517922,0.03080963983281223,0.03553534904054869,0.004197354744313482,0.0061496677566395775
34.2,0.005051459206884764,0.018550861439210815,0.024470782554024323,0.029325741268874037,0.033982799346901175,0.004153173858140685,0.006100189870103029
34.3,0.004459341326742234,0.017323460760346555,0.023087920177355697,0.027856153031421943,0.03244184137283915,0.004107268360084764,0.006047929143890741
34.4,0.003878787094953484,0.01611606273192271,0.02172446274426045,0.026404068389050447,0.03091601551178222,0.004059858925796175,0.005993165930799122
34.5,0.003310748819798842,0.014930951883866533,0.020383204454645632,0.02497266436495054,0.029408858264205466,0.004011175027447196,0.005936196422587931
34.6,0.0027561582790922605,0.013770376324089461,0.01906690716499194,0.023565094003204976,0.02792389302814976,0.003961453841815401,0.00587733110128761
34.7,0.002215925191745804,0.01263654320592469,0.017778294132939597,0.02218447857115094,0.026464620745385387,0.003910939104994724,0.005816893086841118
34.800000000000004,0.0016909357255181466,0.011531614246583187,0.016520043775050137,0.020833899716960983,0.02503451042726689,0.0038598799189410197,0.0057552163891616505
34.900000000000006,0.0011820510433953324,0.010457701305957141,0.015294783452321664,0.019516391602161003,0.023636989585353943,0.003808529515417107,0.005692644073430925
35.00000000000001,0.0006901058909876351,0.009416862035071033,0.014105083298214248,0.01823493302932222,0.02227543459285482,0.0037571439832379027,0.005629526348168928
35.1,0.00021590722726025358,0.00841109560343071,0.012953450104094525,0.01699243958564019,0.020953161003874714,0.0037059809650259365,0.005566218586268841
35.2,-0.00023976709915653031,0.0074423385144550625,0.01184232127712661,0.01579175582353551,0.019673413858314476,0.0036552983299692693,0.005503079289805248
35.300000000000004,-0.0006761696259062018,0.006512460518084508,0.010774058885725385,0.014635647499793287,0.018439358001064696,0.003605352829326807,0.005440468009984599
35.400000000000006,-0.001092584503000866,0.005623260629554856,0.009750943807724852,0.013526793895072216,0.017254068444857176,0.0035563987416444556,0.00537874323410871
35.50000000000001,-0.0014883286670610962,0.0047764632631964905,0.008775169996436474,0.012467780235885951,0.016120520806793832,0.003508686514832485,0.005318260251860933
35.60000000000001,-0.0018627529617743365,0.00397371448997213,0.007848838879730946,0.011461090241361088,0.015041581849128237,0.0034624614124026333,0.005259369013594817
35.70000000000001,-0.0022304551708509585,0.003183893367578304,0.006936176901657048,0.01046798342002965,0.013975869844134906,0.0034160349763842127,0.005199943539235021
35.8,-0.0025608638953855817,0.0024733426586286576,0.006114419342985968,0.00957309064085657,0.013014820755566408,0.0033737453438928006,0.00514566775813173
35.9,-0.0028451221137357923,0.001861303810294216,0.005405976292843729,0.008800973424536816,0.01218497353628226,0.003336855806677389,0.00509819332112132
36.0,-0.003089675991099171,0.001334112121534921,0.0047952064930715035,0.008134761159637367,0.011468378638546476,0.0033046745207252286,0.005056664328928052
36.1,-0.003300071311524986,0.0008799992889913422,0.0042686299112510645,0.0075599050243190065,0.010849547319672248,0.0032765985688506774,0.005020333039366596
36.2,-0.0034810792404702503,0.0004888300918224223,0.003814628811179291,0.007063857961775706,0.010315113575258257,0.003252102493570626,0.004988546144048564
36.300000000000004,-0.0036368045212167213,0.00015187565614690882,0.0034231902114623593,0.006635798833821866,0.009853542611831636,0.003230728313362966,0.004960732793327357
36.400000000000006,-0.0037707785587347093,-0.00013838178506104756,0.0030856839961037226,0.006266394644742967,0.009454879439060305,0.00321207682981743,0.004936394145892044
36.50000000000001,-0.003886039501870154,-0.0003884170137813691,0.002794671736741838,0.005947595573248516,0.009110532049066786,0.0031958000582437895,0.004915094248127438
36.6,-0.003985201139890406,-0.0006038065989932325,0.002543741971472109,0.005672458278812519,0.008813084414840926,0.003181594636086489,0.004896452073364403
36.7,-0.004070512175765801,-0.0007893535635269194,0.002327368275310819,0.0054349935761430455,0.008556135198375442,0.003169196082436559,0.004880134572930163
36.800000000000004,-0.004143907220335807,-0.0009491947392196438,0.002140786965560323,0.005230035112008292,0.008334158626607649,0.0031583737984018025,0.004865850609889677
36.900000000000006,-0.004207050663762048,-0.0010868932155393102,0.0019798917229946105,0.005053126144237515,0.008142384482197264,0.0031489267124197155,0.0048533456629080126
37.00000000000001,-0.004261374419147464,-0.0012055179525177887,0.0018411427867071912,0.004900421923802984,0.007976694577481751,0.0031406794870537454,0.004842397202075993
37.10000000000001,-0.004308110394239163,-0.001307712341007205,0.0017214887050809452,0.004768605526424467,0.007833533443003696,0.0031334792146475105,0.00483281065110125
37.20000000000001,-0.0043483184275806405,-0.0013957532454699092,0.001618298904925583,0.00465481527782529,0.007709831274873048,0.0031271925386343893,0.004824415861213498
37.300000000000004,-0.004382910322625439,-0.001471601851166756,0.001529305581627046,0.004556582173246465,0.007602937454858706,0.003121703145496984,0.004817064031674157
37.4,-0.004412670524837441,-0.0015369474539253384,0.0014525536205570572,0.004471775912802393,0.007510563189487442,0.0031169095795010233,0.004810625020097567
37.5,-0.004438273910675407,-0.0015932451725237462,0.0013863574386353268,0.00439855836466488,0.007430732014720239,0.0031127233385317738,0.004804984993041645
37.6,-0.004460301091865134,-0.0016417484275640009,0.0013292637888090274,0.004335343432121545,0.00736173708541378,0.0031090672147578106,0.0048000443736471434
37.7,-0.0044792515820165045,-0.0016835369134748294,0.001280019702759118,0.00428076244192676,0.00730210431759043,0.0031058738485430157,0.004795716048616303
37.800000000000004,-0.004495555124166675,-0.0017195406893439297,0.0012375448613149158,0.004233634293185641,0.0072505605798190735,0.003103084468113688,0.004791923801627749
37.900000000000006,-0.004509581436125798,-0.0017505609273690765,0.0012009077804084802,0.004192939710993974,0.0072060062405998136,0.003100647791043363,0.004788600944475555
38.00000000000001,-0.00452164859462188,-0.0017772877828844704,0.0011693052851230283,0.004157799039530341,0.007167491473984868,0.0030985190667124508,0.004785689120875646
38.1,-0.0045320302483732675,-0.0018003157854849588,0.0011420448173756026,0.00412745308726828,0.007134195807867392,0.0030966592415929313,0.004783137261070671
38.2,-0.004540961823660665,-0.001820157095289542,0.0011185291856504762,0.004101246604178665,0.007105410470243973,0.0030950342315523975,0.004780900668145361
38.300000000000004,-0.004548645863123336,-0.0018372529206131109,0.0010982434193667246,0.004078614028711287,0.007080523149865543,0.003093614287412228,0.004778940219390215
38.400000000000006,-0.004555256618848166,-0.0018519833521795223,0.0010807434371326878,0.004059067192269427,0.007059004840388353,0.003092373441770736,0.0047772216681676236
38.50000000000001,-0.004560944003909717,-0.0018646758335877829,0.0010656462783450364,0.004042184711921767,0.007040398482577311,0.0030912890266485346,0.00477571503358109
38.60000000000001,-0.004565836991970958,-0.0018756124572419442,0.0010526216822319956,0.004027602839189563,0.007024309158302649,0.0030903412528594377,0.004774394066859289
38.70000000000001,-0.004570046542037878,-0.0018850362486904702,0.0010413848282861376,0.004015007564722827,0.0070103956238679556,0.0030895128431824626,0.0047732357847726494
38.800000000000004,-0.0045736681146931,-0.0018931565797037793,0.0010316900777490735,0.0040041278062430494,0.0069983629993567555,0.003088788712431064,0.004772220061627142
38.9,-0.004576783836869475,-0.0019001538309423721,0.0010233255779678754,0.003994729530894282,0.006987956455826943,0.0030881556884044662,0.004771329272450778
39.0,-0.004579464364254549,-0.0019061834082962253,0.001016108610536717,0.003986610683631011,0.006978955763868498,0.0030876022684800017,0.004770547980923019
39.1,-0.0045817704835599314,-0.001911379202533043,0.0010098815805887405,0.00397959681093437,0.0069711705857472194,0.0030871184072793845,0.0047698626664132715
39.2,-0.004583754490990438,-0.0019158565694551335,0.0010045085587805068,0.003973537284377856,0.006964436409494691,0.0030866953314289806,0.00476926148520683
39.300000000000004,-0.004585461378172785,-0.0019197148970535789,0.0009998722997278102,0.003968302041694129,0.006958611037226619,0.0030863253779455342,0.004768734061618612
39.400000000000006,-0.00458692985243728,-0.0019230398169240855,0.0009958716711795008,0.003963778774317061,0.006953571551982936,0.0030860018532242657,0.004768271305237925
39.50000000000001,-0.004588193214589621,-0.0019259051092650008,0.0009924194372885789,0.003959870500136521,0.006949211697745783,0.003085718909994354,0.004767865251021681
39.6,-0.004589280114078138,-0.0019283743439366353,0.0009894403471584466,0.00395649346862225,0.006945439616233444,0.0030854714399449023,0.004767508919367532
39.7,-0.004590215198681518,-0.0019305022941691415,0.000986869486580468,0.003953575352733669,0.006942175891783314,0.003085254980019069,0.0047671961936599895
39.800000000000004,-0.004591019673450091,-0.0019323361544319225,0.0009846508566866401,0.003951053688293555,0.006939351862295207,0.003085065630630748,0.004766921713098466
39.900000000000006,-0.0045917117815758605,-0.0019339165896073592,0.000982736148246035,0.003948874526903658,0.006936908159951622,0.0030848999842818087,0.004766680778892037
40.00000000000001,-0.004592307218096032,-0.0019352786388478346,0.0009810836846476506,0.00394699127313731,0.006934793450390071,0.0030847550632528684,0.004766469272146775
40.10000000000001,-0.004592819485811672,-0.001936452494253398,0.000979657510330709,0.003945363680761056,0.006932963343282051,0.0030846282652104194,0.004766283581982017
40.20000000000001,-0.0045932602014927,-0.0019374641717154572,0.0009784266046277835,0.0039439569862019155,0.006931379450966678,0.0030845173157211946,0.004766120542595929
40.300000000000004,-0.004593639359313082,-0.0019383360888672223,0.0009773642037491693,0.003942741160465401,0.0069300085749752485,0.003084420226793729,0.004765977378161486
40.4,-0.0045939655574901705,-0.0019390875630105342,0.0009764472160173866,0.003941690263287232,0.006928822003034823,0.00308433526067954,0.0047658516545744265
40.5,-0.004594246193267743,-0.0019397352401047876,0.0009756557175137528,0.003940781885525387,0.0069277949015145385,0.0030842608982644525,0.004765741237197541
40.6,-0.004594487630664377,-0.0019402934643672042,0.0009749725170680175,0.0039399966677175925,0.006926905790329124,0.0030841958114660624,0.004765644253852935
40.7,-0.004594695344791234,-0.0019407745967102833,0.0009743827810473042,0.003939317884384143,0.006926136089084599,0.003084138839127904,0.004765559062407705
40.800000000000004,-0.004594874046011951,-0.001941189289102323,0.0009738737097155452,0.0039387310850838115,0.006925469724779702,0.003084088965965866,0.004765484222380441
40.900000000000006,-0.0045950277867602505,-0.0019415467209550593,0.000973434258068072,0.003938223784462446,0.00692489279269645,0.0030840453041790883,0.004765418470067655
41.00000000000001,-0.0045951600534375695,-0.0019418548027966974,0.0009730548950232002,0.0039377851945965915,0.006924393263252801,0.003084007077387,0.004765360696751893
41.1,-0.0045952738454746985,-0.0019421203517601196,0.000972727395695173,0.0039374059938516405,0.006923960728574413,0.0030839736065972566,0.004765309929608078
41.2,-0.004595371743350306,-0.0019423492427885175,0.0009724446621992352,0.0039370781272651785,0.006923586183392389,0.003083944297946941,0.0047652653149725666
41.300000000000004,-0.004595455967108839,-0.0019425465389201581,0.0009722005690657642,0.003936794634149074,0.006923261835607615,0.003083918631992184,0.004765226103681276
41.400000000000006,-0.004595528426704789,-0.001942716603548346,0.0009719898298803884,0.003936549499193041,0.006922980942496206,0.003083896154349956,0.004765191638219897
41.50000000000001,-0.004595590765315014,-0.0019428631971515583,0.0009718078822326123,0.0039363375238608425,0.00692273766907794,0.003083876467520749,0.004765161341461272
41.60000000000001,-0.004595644396601294,-0.0019429895606431766,0.0009716507884568394,0.003936154215309198,0.0069225269656423396,0.0030838592237426325,0.004765134706793049
41.70000000000001,-0.004595690536768155,-0.0019430984871926216,0.0009715151499958357,0.003935995690438059,0.006922344461835508,0.003083844118746161,0.004765111289463252
41.800000000000004,-0.004595730232142909,-0.001943192384113256,0.0009713980335151846,0.0039358585930078585,0.006922186375063589,0.0030838308862961845,0.004765090698992856
41.9,-0.004595764382903376,-0.001943273326191552,0.0009712969071546112,0.003935740022041391,0.006922049431273458,0.0030838192934210785,0.004765072592523279
42.0,-0.004595793763491347,-0.0019433431016417162,0.0009712095855240299,0.0039356374699715145,0.006921930796434579,0.0030838091362425284,0.004765056668983059
42.1,-0.004595819040174713,-0.00194340325170604,0.0009711341822435477,0.003935548769206002,0.006921828017273395,0.0030838002363300196,0.00476504266397245
42.2,-0.0045958407861565196,-0.0019434551047800065,0.000971069068991718,0.003935472045962361,0.006921738970008161,0.00308379243751379,0.004765030345277177
42.300000000000004,-0.004595859494573577,-0.0019434998058195216,0.0009710128401686909,0.003935405680381973,0.006921661816001954,0.0030837856030984123,0.00476501950893366
42.400000000000006,-0.004595875589679397,-0.0019435383416828102,0.0009709642824036629,0.0039353482720682065,0.006921594963398311,0.0030837796134264663,0.004765009975777638
42.50000000000001,-0.004595889436465046,-0.0019435715629692151,0.000970922348241892,0.003935298610309778,0.006921537033930753,0.0030837743637481953,0.004765001588416557
42.6,-0.0045959013489361095,-0.0019436002028393256,0.0009708861334378976,0.003935255648351502,0.006921486834207045,0.0030837697623585843,0.0047649942085734925
42.7,-0.004595911597233436,-0.0019436248932338364,0.0009708548573601746,0.003935218481161488,0.006921443330863722,0.0030837657289682014,0.004764987714756841
42.800000000000004,-0.004595920413759161,-0.0019436461788507775,0.0009708278460807353,0.003935186326219045,0.0069214056290682864,0.0030837621932783828,0.004764982000215684
42.900000000000006,-0.004595927998446932,-0.001943664529190997,0.0009708045177813504,0.003935158506912353,0.006921372953917205,0.0030837590937350654,0.004764976971145669
43.00000000000001,-0.00459593452329582,-0.001943680348938901,0.0009707843701589228,0.003935134438191011,0.006921344634339002,0.003083756376438815,0.004764972545114642
43.10000000000001,-0.004595940136270779,-0.001943693986908523,0.0009707669695560225,0.00393511361416694,0.006921320089164603,0.0030837539941914343,0.004764968649681033
43.20000000000001,-0.004595944964658063,-0.0019437057437531485,0.0009707519415802277,0.003935095597398837,0.006921298815072794,0.003083751905662006,0.004764965221181338
43.300000000000004,-0.0045959491179517154,-0.0019437158786093053,0.000970738963008355,0.0039350800096315435,0.006921280376158141,0.0030837500746574,0.004764962203665987
43.4,-0.004595952690336586,-0.0019437246148222927,0.0009707277547996614,0.003935066523792738,0.006921264394902925,0.0030837484694841498,0.0047649595479654205
43.5,-0.004595955762824167,-0.0019437321448800501,0.0009707180760662493,0.0039350548570763755,0.006921250544364143,0.0030837470623902644,0.004764957210870446
43.6,-0.00459595840508971,-0.0019437386346646203,0.0009707097188697444,0.00393504476496548,0.006921238541412194,0.003083745829076986,0.004764955154412933
43.7,-0.004595960677052258,-0.0019437442271153323,0.000970702503731303,0.003935036036066988,0.006921228140879982,0.0030837447482717517,0.004764953345234599
43.800000000000004,-0.004595962630233435,-0.001943749045384789,0.000970696275757512,0.003935028487648726,0.006921219130500221,0.0030837438013547407,0.0047649517540331735
43.900000000000006,-0.00459596430892582,-0.001943753195557513,0.0009706909012981525,0.003935021961783559,0.006921211326525339,0.0030837429720323327,0.0047649503550765415
44.00000000000001,-0.004595965751197363,-0.0019437567689914008,0.0009706862650633481,0.003935016322018737,0.006921204569938617,0.003083742246051659,0.00476494912577664
44.1,-0.004595966989754668,-0.0019437598443337984,0.0009706822676376119,0.003935011450499648,0.006921198723177637,0.0030837416109511582,0.004764948046315888
44.2,-0.004595968052684679,-0.0019437624892567886,0.0009706788233369159,0.003935007245486898,0.006921193667301781,0.003083741055842703,0.004764947099319847
44.300000000000004,-0.004595968964091617,-0.0019437647619500722,0.0009706758583623651,0.003935003619213978,0.006921189299544875,0.0030837405712214167,0.004764946269570572
44.400000000000006,-0.00459596974464359,-0.001943766712404459,0.000970673309210494,0.003935000496040092,0.006921185531202044,0.0030837401487998056,0.0047649455437558325
44.50000000000001,-0.004595970412041289,-0.0019437683835143407,0.0009706711213057648,0.003934997810858937,0.006921182285806877,0.003083739781363261,0.0047649449102499615
44.60000000000001,-0.004595970981419389,-0.0019437698120235286,0.0009706692478256713,0.00393499550772971,0.006921179497561043,0.003083739462644367,0.0047649443589226565
44.70000000000001,-0.00459597146568976,-0.001943771029335353,0.0009706676486930293,0.003934993538701328,0.006921177109983738,0.0030837391872137877,0.00476494388097251
44.800000000000004,-0.004595971875834273,-0.0019437720622049368,0.0009706662897136474,0.003934991862804943,0.006921175074752934,0.003083738950385793,0.004764943468782458
44.900000000000006,-0.004595972221153835,-0.0019437729333289426,0.0009706651418407293,0.003934990445193411,0.006921173350714404,0.0030837387481367612,0.004764943115794739
45.0,-0.004595972509479308,-0.0019437736618458214,0.0009706641805500968,0.0039349892564094985,0.006921171903037942,0.0030837385770352017,0.004764942816403232
45.1,-0.004595972747349091,-0.0019437742637576248,0.00097066338531272,0.0039349882717673035,0.006921170702503279,0.0030837384341820618,0.004764942565861386
45.2,-0.004595972940157392,-0.001943774752282698,0.0009706627391531424,0.003934987470833807,0.0069211697249008846,0.0030837383171602602,0.004764942360204163
45.300000000000004,-0.0045959730922765524,-0.001943775138147056,0.0009706622282842457,0.003934986836999542,0.006921168950535169,0.0030837382239925436,0.004764942196182697
45.400000000000006,-0.004595973207156202,-0.0019437754298208792,0.0009706618418104439,0.003934986357129286,0.0069211683638197834,0.003083738153106922,0.004764942071210541
45.50000000000001,-0.004595973287401482,-0.0019437756337053686,0.0009706615714928679,0.003934986021285321,0.006921167952956549,0.003083738103309052,0.00476494198332059
45.6,-0.004595973334832126,-0.0019437757542740937,0.0009706614115714414,0.003934985822517385,0.006921167709691281,0.00308373807376108,0.004764941931131933
