0.0,1.6335936538461537,1.6335936538461537,1.6335936538461537,1.6335936538461537,1.6335936538461537,1.6335936538461537,1.6335936538461537
0.1,1.6335936538461537,1.6336036538461536,1.6336136538461539,1.6336236538461537,1.6336336538461538,1.6336436538461536,1.633653653846154
0.2,1.6335936538461537,1.6336136538461539,1.6336336538461538,1.633653653846154,1.6336736538461538,1.633693653846154,1.6337136538461539
0.30000000000000004,1.6335936538461537,1.6336236538461537,1.633653653846154,1.6336836538461537,1.6337136538461539,1.6337436538461538,1.633773653846154
0.4,1.6335936538461537,1.6336336538461538,1.6336736538461538,1.6337136538461539,1.633753653846154,1.633793653846154,1.633833653846154
0.5000000000000001,1.6335936538461537,1.6336436538461536,1.633693653846154,1.6337436538461538,1.633793653846154,1.6338436538461538,1.6338936538461537
0.6000000000000001,1.6335936538461537,1.633653653846154,1.6337136538461539,1.633773653846154,1.633833653846154,1.6338936538461537,1.6339536538461537
0.7000000000000001,1.6335936538461537,1.6336636538461538,1.633733653846154,1.6338036538461538,1.6338736538461536,1.6339436538461538,1.6340136538461538
0.8,1.6335936538461537,1.6336736538461538,1.633753653846154,1.633833653846154,1.6339136538461536,1.6339936538461537,1.6340736538461538
0.9000000000000001,1.6335936538461537,1.6336836538461537,1.633773653846154,1.6338636538461537,1.6339536538461537,1.634043653846154,1.634133653846154
1.0000000000000002,1.6335936538461537,1.633693653846154,1.633793653846154,1.6338936538461537,1.6339936538461537,1.634093653846154,1.634193653846154
1.1,1.6335936538461537,1.6337036538461538,1.6338136538461538,1.633923653846154,1.6340336538461537,1.6341436538461538,1.6342536538461538
1.2000000000000002,1.6335936538461537,1.6337136538461539,1.633833653846154,1.6339536538461537,1.6340736538461538,1.634193653846154,1.634313653846154
1.3000000000000003,1.6335936538461537,1.6337236538461537,1.6338536538461537,1.6339836538461538,1.6341136538461538,1.6342436538461538,1.6343736538461537
1.4000000000000001,1.6335936538461537,1.633733653846154,1.6338736538461536,1.6340136538461538,1.6341536538461539,1.6342936538461539,1.6344336538461537
1.5,1.6335936538461537,1.6337436538461538,1.6338936538461537,1.634043653846154,1.634193653846154,1.6343436538461538,1.6344936538461539
1.6,1.6335936538461537,1.633753653846154,1.6339136538461536,1.6340736538461538,1.634233653846154,1.6343936538461536,1.6345536538461538
1.7000000000000002,1.6335936538461537,1.6337636538461537,1.6339336538461537,1.6341036538461537,1.634273653846154,1.634443653846154,1.6346136538461538
1.8000000000000003,1.6335936538461537,1.633773653846154,1.6339536538461537,1.634133653846154,1.634313653846154,1.6344936538461539,1.634673653846154
1.9000000000000004,1.6335936538461537,1.6337836538461539,1.6339736538461538,1.6341636538461537,1.6343536538461536,1.634543653846154,1.6347336538461539
2.0000000000000004,1.6335936538461537,1.633793653846154,1.6339936538461537,1.634193653846154,1.6343936538461536,1.6345936538461538,1.634793653846154
2.1,1.6335936538461537,1.6338036538461538,1.6340136538461538,1.6342236538461536,1.6344336538461537,1.6346436538461537,1.6348536538461538
2.2,1.6335936538461537,1.6338136538461538,1.6340336538461537,1.6342536538461538,1.6344736538461537,1.6346936538461538,1.6349136538461537
2.3000000000000003,1.6335936538461537,1.6338236538461537,1.6340536538461539,1.6342836538461538,1.6345136538461538,1.6347436538461537,1.6349736538461537
2.4000000000000004,1.6335936538461537,1.633833653846154,1.6340736538461538,1.634313653846154,1.6345536538461538,1.634793653846154,1.6350336538461538
2.5000000000000004,1.6335936538461537,1.6338436538461538,1.634093653846154,1.6343436538461538,1.6345936538461538,1.634843653846154,1.6350936538461538
2.6000000000000005,1.6335936538461537,1.6338536538461537,1.6341136538461538,1.6343736538461537,1.634633653846154,1.6348936538461536,1.635153653846154
2.7000000000000006,1.6335936538461537,1.6338636538461537,1.634133653846154,1.634403653846154,1.634673653846154,1.634943653846154,1.635213653846154
2.8000000000000003,1.6335936538461537,1.6338736538461536,1.6341536538461539,1.6344336538461537,1.634713653846154,1.6349936538461538,1.6352736538461539
2.9000000000000004,1.6335936538461537,1.6338836538461539,1.6341736538461538,1.6344636538461539,1.634753653846154,1.635043653846154,1.6353336538461536
3.0,1.6335936538461537,1.6338936538461537,1.634193653846154,1.6344936538461539,1.634793653846154,1.6350936538461538,1.6353936538461538
3.1,1.6335936538461537,1.6339036538461538,1.6342136538461538,1.6345236538461538,1.6348336538461536,1.6351436538461537,1.6354536538461537
3.2,1.6335936538461537,1.6339136538461536,1.634233653846154,1.6345536538461538,1.6348736538461537,1.6351936538461538,1.6355136538461539
3.3000000000000003,1.6335936538461537,1.633923653846154,1.6342536538461538,1.6345836538461536,1.6349136538461537,1.6352436538461537,1.6355736538461538
3.4000000000000004,1.6335936538461537,1.6339336538461537,1.634273653846154,1.6346136538461538,1.6349536538461538,1.635293653846154,1.6356336538461538
3.5000000000000004,1.6335936538461537,1.6339436538461538,1.6342936538461539,1.6346436538461537,1.6349936538461538,1.6353436538461539,1.635693653846154
3.6000000000000005,1.6335936538461537,1.6339536538461537,1.634313653846154,1.634673653846154,1.6350336538461538,1.6353936538461538,1.635753653846154
3.7,1.6335936538461537,1.633963653846154,1.6343336538461537,1.6347036538461537,1.6350736538461539,1.6354436538461539,1.6358136538461536
3.8000000000000007,1.6335936538461537,1.6339736538461538,1.6343536538461536,1.6347336538461539,1.635113653846154,1.6354936538461537,1.6358736538461538
3.900000000000001,1.6335936538461537,1.6339836538461538,1.6343736538461537,1.6347636538461539,1.635153653846154,1.6355436538461539,1.6359336538461537
4.000000000000001,1.6335936538461537,1.6339936538461537,1.6343936538461536,1.634793653846154,1.6351936538461538,1.6355936538461537,1.6359936538461537
4.1,1.6335936538461537,1.634003653846154,1.6344136538461538,1.6348236538461538,1.6352336538461538,1.6356436538461536,1.6360536538461539
4.2,1.6335936538461537,1.6340136538461538,1.6344336538461537,1.6348536538461538,1.6352736538461539,1.635693653846154,1.6361136538461538
4.3,1.6335936538461537,1.634023653846154,1.6344536538461538,1.6348836538461538,1.6353136538461537,1.6357436538461538,1.636173653846154
4.4,1.6335936538461537,1.6340336538461537,1.6344736538461537,1.6349136538461537,1.6353536538461537,1.635793653846154,1.636233653846154
4.5,1.6335936538461537,1.634043653846154,1.6344936538461539,1.634943653846154,1.6353936538461538,1.6358436538461538,1.6362936538461537
4.6000000000000005,1.6335936538461537,1.6340536538461539,1.6345136538461538,1.6349736538461537,1.6354336538461538,1.6358936538461537,1.6363536538461536
4.7,1.6335936538461537,1.634063653846154,1.6345336538461537,1.6350036538461539,1.6354736538461538,1.6359436538461538,1.6364136538461538
4.800000000000001,1.6335936538461537,1.6340736538461538,1.6345536538461538,1.6350336538461538,1.6355136538461539,1.6359936538461537,1.6364736538461537
4.9,1.6335936538461537,1.6340836538461536,1.6345736538461537,1.6350636538461536,1.6355536538461537,1.636043653846154,1.636533653846154
5.000000000000001,1.6335936538461537,1.634093653846154,1.6345936538461538,1.6350936538461538,1.6355936538461537,1.636093653846154,1.6365936538461539
5.1000000000000005,1.6335936538461537,1.6341036538461537,1.6346136538461538,1.6351236538461538,1.6356336538461538,1.6361436538461538,1.6366536538461538
5.200000000000001,1.6335936538461537,1.6341136538461538,1.634633653846154,1.635153653846154,1.6356736538461538,1.636193653846154,1.636713653846154
5.300000000000001,1.6335936538461537,1.6341236538461537,1.6346536538461538,1.6351836538461537,1.6357136538461539,1.6362436538461538,1.636773653846154
5.400000000000001,1.6335936538461537,1.634133653846154,1.634673653846154,1.635213653846154,1.635753653846154,1.6362936538461537,1.6368336538461536
5.500000000000001,1.6335936538461537,1.6341436538461538,1.6346936538461538,1.6352436538461537,1.635793653846154,1.6363436538461538,1.6368936538461538
5.6000000000000005,1.6335936538461537,1.6341536538461539,1.634713653846154,1.6352736538461539,1.6358336538461538,1.6363936538461537,1.6369536538461538
5.7,1.6335936538461537,1.6341636538461537,1.6347336538461539,1.6353036538461538,1.6358736538461538,1.636443653846154,1.6370136538461537
5.800000000000001,1.6335936538461537,1.6341736538461538,1.634753653846154,1.6353336538461536,1.6359136538461538,1.6364936538461539,1.6370736538461539
5.9,1.6335936538461537,1.6341836538461538,1.634773653846154,1.6353636538461538,1.6359536538461537,1.6365436538461537,1.6371336538461538
6.0,1.6335936538461537,1.634193653846154,1.634793653846154,1.6353936538461538,1.6359936538461537,1.6365936538461539,1.637193653846154
6.1000000000000005,1.6335936538461537,1.6342036538461537,1.634813653846154,1.635423653846154,1.6360336538461537,1.6366436538461537,1.637253653846154
6.2,1.6335936538461537,1.6342136538461538,1.6348336538461536,1.6354536538461537,1.6360736538461538,1.6366936538461538,1.6373136538461537
6.300000000000001,1.6335936538461537,1.6342236538461536,1.6348536538461538,1.635483653846154,1.6361136538461538,1.6367436538461537,1.6373736538461536
6.4,1.6335936538461537,1.634233653846154,1.6348736538461537,1.6355136538461539,1.6361536538461539,1.6367936538461536,1.6374336538461538
6.500000000000001,1.6335936538461537,1.6342436538461538,1.6348936538461536,1.6355436538461539,1.636193653846154,1.636843653846154,1.6374936538461538
6.6000000000000005,1.6335936538461537,1.6342536538461538,1.6349136538461537,1.6355736538461538,1.636233653846154,1.6368936538461538,1.637553653846154
6.700000000000001,1.6335936538461537,1.6342636538461537,1.6349336538461536,1.6356036538461536,1.636273653846154,1.636943653846154,1.6376136538461539
6.800000000000001,1.6335936538461537,1.634273653846154,1.6349536538461538,1.6356336538461538,1.6363136538461536,1.6369936538461538,1.6376736538461538
6.900000000000001,1.6335936538461537,1.6342836538461538,1.6349736538461537,1.6356636538461538,1.6363536538461536,1.6370436538461537,1.637733653846154
7.000000000000001,1.6335936538461537,1.6342936538461539,1.6349936538461538,1.635693653846154,1.6363936538461537,1.6370936538461538,1.6377936538461537
7.100000000000001,1.6335936538461537,1.6343036538461537,1.6350136538461537,1.6357236538461537,1.6364336538461537,1.6371436538461537,1.6378536538461537
7.200000000000001,1.6335936538461537,1.634313653846154,1.6350336538461538,1.635753653846154,1.6364736538461537,1.637193653846154,1.6379136538461538
7.300000000000001,1.6335936538461537,1.6343236538461539,1.6350536538461538,1.6357836538461539,1.6365136538461538,1.637243653846154,1.6379736538461538
7.4,1.6335936538461537,1.6343336538461537,1.6350736538461539,1.6358136538461536,1.6365536538461538,1.6372936538461538,1.6380336538461537
7.500000000000001,1.6335936538461537,1.6343436538461538,1.6350936538461538,1.6358436538461538,1.6365936538461539,1.6373436538461539,1.638093653846154
7.600000000000001,1.6335936538461537,1.6343536538461536,1.635113653846154,1.6358736538461538,1.636633653846154,1.6373936538461538,1.6381536538461539
7.700000000000001,1.6335936538461537,1.634363653846154,1.6351336538461538,1.6359036538461538,1.636673653846154,1.6374436538461539,1.638213653846154
7.800000000000002,1.6335936538461537,1.6343736538461537,1.635153653846154,1.6359336538461537,1.636713653846154,1.6374936538461538,1.6382736538461538
7.9,1.6335936538461537,1.6343836538461538,1.6351736538461539,1.635963653846154,1.636753653846154,1.6375436538461536,1.6383336538461537
8.000000000000002,1.6335936538461537,1.6343936538461536,1.6351936538461538,1.6359936538461537,1.6367936538461536,1.637593653846154,1.6383936538461537
8.100000000000001,1.6335936538461537,1.634403653846154,1.635213653846154,1.636023653846154,1.6368336538461536,1.6376436538461538,1.6384536538461538
8.2,1.6335936538461537,1.6344136538461538,1.6352336538461538,1.6360536538461539,1.6368736538461537,1.637693653846154,1.6385136538461538
8.3,1.6335936538461537,1.6344236538461538,1.635253653846154,1.6360836538461536,1.6369136538461537,1.6377436538461538,1.638573653846154
8.4,1.6335936538461537,1.6344336538461537,1.6352736538461539,1.6361136538461538,1.6369536538461538,1.6377936538461537,1.638633653846154
8.500000000000002,1.6335936538461537,1.634443653846154,1.635293653846154,1.6361436538461538,1.6369936538461538,1.6378436538461538,1.6386936538461538
8.6,1.6335936538461537,1.6344536538461538,1.6353136538461537,1.636173653846154,1.6370336538461538,1.6378936538461537,1.6387536538461536
8.700000000000001,1.6335936538461537,1.6344636538461539,1.6353336538461536,1.6362036538461537,1.6370736538461539,1.6379436538461538,1.6388136538461537
8.8,1.6335936538461537,1.6344736538461537,1.6353536538461537,1.636233653846154,1.637113653846154,1.6379936538461537,1.6388736538461537
8.900000000000002,1.6335936538461537,1.6344836538461538,1.6353736538461536,1.6362636538461537,1.637153653846154,1.6380436538461536,1.6389336538461539
9.0,1.6335936538461537,1.6344936538461539,1.6353936538461538,1.6362936538461537,1.637193653846154,1.638093653846154,1.6389936538461538
9.100000000000001,1.6335936538461537,1.634503653846154,1.6354136538461537,1.6363236538461539,1.637233653846154,1.6381436538461538,1.6390536538461538
9.200000000000001,1.6335936538461537,1.6345136538461538,1.6354336538461538,1.6363536538461536,1.6372736538461536,1.638193653846154,1.639113653846154
9.300000000000002,1.6335936538461537,1.6345236538461538,1.6354536538461537,1.6363836538461538,1.6373136538461537,1.6382436538461538,1.6391736538461539
9.4,1.6335936538461537,1.6345336538461537,1.6354736538461538,1.6364136538461538,1.6373536538461537,1.6382936538461537,1.6392336538461536
9.500000000000002,1.6335936538461537,1.634543653846154,1.6354936538461537,1.636443653846154,1.6373936538461538,1.6383436538461538,1.6392936538461538
9.600000000000001,1.6335936538461537,1.6345536538461538,1.6355136538461539,1.6364736538461537,1.6374336538461538,1.6383936538461537,1.6393536538461537
9.700000000000001,1.6335936538461537,1.6345636538461539,1.6355336538461538,1.636503653846154,1.6374736538461538,1.638443653846154,1.6394136538461537
9.8,1.6335936538461537,1.6345736538461537,1.6355536538461537,1.636533653846154,1.6375136538461539,1.6384936538461539,1.6394736538461538
9.9,1.6335936538461537,1.6345836538461536,1.6355736538461538,1.6365636538461537,1.637553653846154,1.6385436538461537,1.6395336538461538
10.000000000000002,1.5169211538461538,1.517921153846154,1.5189211538461538,1.519921153846154,1.5209211538461538,1.521921153846154,1.5229211538461538
10.1,1.5169211538461538,1.5179311538461537,1.518941153846154,1.5199511538461536,1.5209611538461538,1.5219711538461538,1.522981153846154
10.200000000000001,1.5169211538461538,1.5179411538461538,1.5189611538461538,1.5199811538461538,1.5210011538461539,1.5220211538461539,1.523041153846154
10.3,1.5169211538461538,1.5179511538461536,1.518981153846154,1.5200111538461538,1.521041153846154,1.5220711538461538,1.5231011538461536
10.400000000000002,1.5169211538461538,1.517961153846154,1.5190011538461539,1.5200411538461538,1.521081153846154,1.5221211538461537,1.5231611538461538
10.5,1.5169211538461538,1.5179711538461538,1.5190211538461538,1.5200711538461538,1.5211211538461538,1.5221711538461538,1.5232211538461538
10.600000000000001,1.5169211538461538,1.5179811538461538,1.519041153846154,1.520101153846154,1.5211611538461536,1.5222211538461536,1.5232811538461537
10.700000000000001,1.5169211538461538,1.5179911538461537,1.5190611538461538,1.5201311538461537,1.5212011538461536,1.522271153846154,1.5233411538461539
10.800000000000002,1.5169211538461538,1.5180011538461538,1.519081153846154,1.5201611538461537,1.5212411538461537,1.5223211538461539,1.5234011538461538
10.9,1.5169211538461538,1.5180111538461538,1.5191011538461539,1.5201911538461539,1.5212811538461537,1.5223711538461537,1.523461153846154
11.000000000000002,1.5169211538461538,1.5180211538461539,1.519121153846154,1.5202211538461536,1.5213211538461537,1.5224211538461538,1.523521153846154
11.100000000000001,1.5169211538461538,1.5180311538461537,1.5191411538461537,1.5202511538461538,1.5213611538461538,1.5224711538461537,1.5235811538461537
11.200000000000001,1.5169211538461538,1.5180411538461538,1.5191611538461536,1.5202811538461538,1.5214011538461538,1.5225211538461538,1.5236411538461536
11.3,1.5169211538461538,1.5180511538461536,1.5191811538461537,1.520311153846154,1.5214411538461539,1.5225711538461537,1.5237011538461538
11.4,1.5169211538461538,1.518061153846154,1.5192011538461536,1.5203411538461538,1.521481153846154,1.5226211538461536,1.5237611538461537
11.500000000000002,1.5169211538461538,1.5180711538461538,1.5192211538461537,1.5203711538461537,1.521521153846154,1.522671153846154,1.523821153846154
11.600000000000001,1.5169211538461538,1.5180811538461538,1.5192411538461537,1.520401153846154,1.521561153846154,1.5227211538461538,1.5238811538461539
11.700000000000001,1.5169211538461538,1.5180911538461537,1.5192611538461538,1.5204311538461537,1.5216011538461536,1.522771153846154,1.5239411538461538
11.8,1.5169211538461538,1.518101153846154,1.5192811538461537,1.5204611538461539,1.5216411538461536,1.5228211538461538,1.524001153846154
11.900000000000002,1.5169211538461538,1.5181111538461538,1.5193011538461538,1.5204911538461536,1.5216811538461537,1.5228711538461537,1.5240611538461537
12.0,1.5169211538461538,1.5181211538461539,1.5193211538461537,1.5205211538461538,1.5217211538461537,1.5229211538461538,1.5241211538461537
12.100000000000001,1.5169211538461538,1.5181311538461537,1.5193411538461539,1.5205511538461538,1.5217611538461537,1.5229711538461537,1.5241811538461538
12.200000000000001,1.5169211538461538,1.518141153846154,1.5193611538461538,1.520581153846154,1.5218011538461538,1.523021153846154,1.5242411538461538
12.300000000000002,1.5169211538461538,1.5181511538461538,1.5193811538461537,1.5206111538461538,1.5218411538461538,1.5230711538461539,1.5243011538461537
12.4,1.5169211538461538,1.5181611538461537,1.5194011538461538,1.5206411538461537,1.5218811538461539,1.5231211538461538,1.524361153846154
12.500000000000002,1.5169211538461538,1.5181711538461538,1.5194211538461537,1.520671153846154,1.521921153846154,1.5231711538461539,1.5244211538461538
12.600000000000001,1.5169211538461538,1.5181811538461536,1.5194411538461539,1.5207011538461537,1.521961153846154,1.5232211538461538,1.524481153846154
12.700000000000003,1.5169211538461538,1.5181911538461539,1.5194611538461538,1.5207311538461539,1.522001153846154,1.5232711538461539,1.5245411538461537
12.8,1.5169211538461538,1.5182011538461537,1.519481153846154,1.5207611538461538,1.522041153846154,1.5233211538461537,1.5246011538461537
12.9,1.5169211538461538,1.5182111538461538,1.5195011538461538,1.5207911538461538,1.5220811538461536,1.5233711538461536,1.5246611538461536
13.000000000000002,1.5169211538461538,1.5182211538461536,1.519521153846154,1.5208211538461538,1.5221211538461537,1.523421153846154,1.5247211538461538
13.100000000000001,1.5169211538461538,1.518231153846154,1.5195411538461538,1.5208511538461535,1.5221611538461537,1.5234711538461538,1.5247811538461538
13.200000000000001,1.5169211538461538,1.5182411538461538,1.519561153846154,1.5208811538461537,1.5222011538461537,1.523521153846154,1.524841153846154
13.3,1.5169211538461538,1.5182511538461538,1.5195811538461539,1.5209111538461537,1.5222411538461538,1.5235711538461538,1.5249011538461539
13.400000000000002,1.5169211538461538,1.5182611538461537,1.519601153846154,1.520941153846154,1.5222811538461538,1.5236211538461537,1.5249611538461538
13.500000000000002,1.5169211538461538,1.518271153846154,1.5196211538461537,1.5209711538461537,1.5223211538461539,1.5236711538461538,1.5250211538461536
13.600000000000001,1.5169211538461538,1.5182811538461538,1.5196411538461536,1.5210011538461539,1.522361153846154,1.5237211538461537,1.5250811538461537
13.700000000000001,1.5169211538461538,1.5182911538461539,1.5196611538461537,1.5210311538461538,1.522401153846154,1.523771153846154,1.5251411538461537
13.800000000000002,1.5169211538461538,1.5183011538461537,1.5196811538461537,1.521061153846154,1.522441153846154,1.523821153846154,1.5252011538461538
13.9,1.5169211538461538,1.5183111538461538,1.5197011538461538,1.5210911538461538,1.5224811538461538,1.5238711538461538,1.5252611538461538
14.000000000000002,1.5169211538461538,1.5183211538461538,1.5197211538461537,1.5211211538461538,1.5225211538461538,1.523921153846154,1.5253211538461537
14.100000000000001,1.5169211538461538,1.518331153846154,1.5197411538461538,1.5211511538461537,1.5225611538461536,1.5239711538461538,1.525381153846154
14.200000000000003,1.5169211538461538,1.5183411538461538,1.5197611538461537,1.5211811538461537,1.5226011538461537,1.5240211538461539,1.5254411538461539
14.3,1.5169211538461538,1.5183511538461538,1.5197811538461536,1.521211153846154,1.5226411538461537,1.5240711538461538,1.5255011538461536
14.400000000000002,1.5169211538461538,1.5183611538461537,1.5198011538461538,1.5212411538461537,1.5226811538461538,1.5241211538461537,1.5255611538461538
14.500000000000002,1.5169211538461538,1.518371153846154,1.5198211538461537,1.5212711538461539,1.5227211538461538,1.524171153846154,1.5256211538461537
14.600000000000001,1.5169211538461538,1.5183811538461538,1.5198411538461538,1.5213011538461538,1.5227611538461538,1.5242211538461539,1.5256811538461537
14.700000000000001,1.5169211538461538,1.5183911538461539,1.5198611538461537,1.5213311538461536,1.5228011538461539,1.524271153846154,1.5257411538461538
14.8,1.5169211538461538,1.5184011538461537,1.5198811538461539,1.5213611538461538,1.5228411538461537,1.5243211538461539,1.5258011538461538
14.900000000000002,1.5169211538461538,1.5184111538461535,1.5199011538461538,1.5213911538461538,1.5228811538461537,1.5243711538461537,1.525861153846154
15.000000000000002,1.5169211538461538,1.5184211538461538,1.519921153846154,1.521421153846154,1.5229211538461538,1.5244211538461538,1.525921153846154
15.100000000000001,1.5169211538461538,1.5184311538461537,1.5199411538461538,1.5214511538461537,1.5229611538461538,1.5244711538461537,1.5259811538461538
15.200000000000003,1.5169211538461538,1.5184411538461537,1.519961153846154,1.521481153846154,1.5230011538461539,1.5245211538461536,1.5260411538461536
15.3,1.5169211538461538,1.5184511538461536,1.5199811538461538,1.5215111538461537,1.523041153846154,1.5245711538461537,1.5261011538461537
15.400000000000002,1.5169211538461538,1.5184611538461539,1.520001153846154,1.5215411538461538,1.5230811538461537,1.5246211538461536,1.5261611538461537
15.500000000000002,1.5169211538461538,1.5184711538461537,1.5200211538461539,1.5215711538461538,1.5231211538461538,1.524671153846154,1.5262211538461539
15.600000000000003,1.5169211538461538,1.5184811538461538,1.5200411538461538,1.5216011538461536,1.5231611538461538,1.5247211538461538,1.5262811538461538
15.700000000000001,1.5169211538461538,1.5184911538461536,1.520061153846154,1.5216311538461538,1.5232011538461538,1.5247711538461537,1.5263411538461538
15.8,1.5169211538461538,1.518501153846154,1.5200811538461538,1.5216611538461537,1.5232411538461537,1.5248211538461538,1.526401153846154
15.900000000000002,1.5169211538461538,1.5185111538461538,1.520101153846154,1.521691153846154,1.5232811538461537,1.5248711538461537,1.5264611538461539
16.000000000000004,1.5169211538461538,1.5185211538461538,1.5201211538461536,1.5217211538461537,1.5233211538461537,1.5249211538461538,1.5265211538461536
16.1,1.5169211538461538,1.5185311538461537,1.5201411538461536,1.521751153846154,1.5233611538461538,1.5249711538461537,1.5265811538461538
16.200000000000003,1.5169211538461538,1.518541153846154,1.5201611538461537,1.5217811538461539,1.5234011538461538,1.5250211538461536,1.5266411538461537
16.300000000000004,1.5169211538461538,1.5185511538461538,1.5201811538461536,1.5218111538461538,1.5234411538461539,1.5250711538461539,1.5267011538461537
16.4,1.5169211538461538,1.5185611538461539,1.5202011538461537,1.5218411538461538,1.523481153846154,1.5251211538461538,1.5267611538461539
16.5,1.5169211538461538,1.5185711538461537,1.5202211538461536,1.5218711538461536,1.523521153846154,1.5251711538461539,1.5268211538461538
16.6,1.5169211538461538,1.518581153846154,1.5202411538461538,1.5219011538461538,1.5235611538461538,1.5252211538461538,1.526881153846154
16.700000000000003,1.5169211538461538,1.5185911538461538,1.5202611538461537,1.5219311538461537,1.5236011538461536,1.5252711538461536,1.526941153846154
16.8,1.5169211538461538,1.518601153846154,1.5202811538461538,1.521961153846154,1.5236411538461536,1.5253211538461537,1.5270011538461536
16.900000000000002,1.5169211538461538,1.5186111538461537,1.5203011538461537,1.5219911538461537,1.5236811538461537,1.5253711538461536,1.5270611538461536
17.000000000000004,1.5169211538461538,1.518621153846154,1.5203211538461538,1.5220211538461539,1.5237211538461537,1.525421153846154,1.5271211538461538
17.1,1.5169211538461538,1.5186311538461539,1.5203411538461538,1.5220511538461539,1.5237611538461537,1.5254711538461538,1.5271811538461537
17.2,1.5169211538461538,1.5186411538461537,1.520361153846154,1.5220811538461536,1.5238011538461538,1.5255211538461537,1.5272411538461539
17.3,1.5169211538461538,1.5186511538461538,1.5203811538461538,1.5221111538461538,1.5238411538461538,1.5255711538461538,1.5273011538461538
17.400000000000002,1.5169211538461538,1.5186611538461536,1.520401153846154,1.5221411538461538,1.5238811538461539,1.5256211538461537,1.5273611538461538
17.500000000000004,1.5169211538461538,1.518671153846154,1.5204211538461538,1.5221711538461538,1.523921153846154,1.5256711538461538,1.527421153846154
17.6,1.5169211538461538,1.5186811538461538,1.5204411538461537,1.5222011538461537,1.523961153846154,1.5257211538461537,1.5274811538461537
17.700000000000003,1.5169211538461538,1.5186911538461538,1.5204611538461539,1.522231153846154,1.524001153846154,1.5257711538461536,1.5275411538461536
17.800000000000004,1.5169211538461538,1.5187011538461537,1.5204811538461538,1.5222611538461537,1.5240411538461536,1.525821153846154,1.5276011538461538
17.9,1.5169211538461538,1.5187111538461537,1.520501153846154,1.5222911538461539,1.5240811538461536,1.5258711538461538,1.5276611538461538
18.0,1.5169211538461538,1.5187211538461536,1.5205211538461538,1.5223211538461539,1.5241211538461537,1.525921153846154,1.5277211538461537
18.1,1.5169211538461538,1.5187311538461539,1.520541153846154,1.5223511538461536,1.5241611538461537,1.5259711538461538,1.5277811538461539
18.200000000000003,1.5169211538461538,1.5187411538461537,1.5205611538461539,1.5223811538461538,1.5242011538461537,1.5260211538461537,1.5278411538461538
18.3,1.5169211538461538,1.5187511538461538,1.520581153846154,1.5224111538461538,1.5242411538461538,1.5260711538461538,1.527901153846154
18.400000000000002,1.5169211538461538,1.5187611538461536,1.5206011538461537,1.522441153846154,1.5242811538461538,1.5261211538461537,1.5279611538461537
18.500000000000004,1.5169211538461538,1.518771153846154,1.5206211538461536,1.5224711538461537,1.5243211538461539,1.526171153846154,1.5280211538461537
18.600000000000005,1.5169211538461538,1.5187811538461538,1.5206411538461537,1.522501153846154,1.524361153846154,1.5262211538461539,1.5280811538461536
18.7,1.5169211538461538,1.5187911538461538,1.5206611538461536,1.5225311538461537,1.524401153846154,1.5262711538461537,1.5281411538461538
18.8,1.5169211538461538,1.5188011538461537,1.5206811538461538,1.5225611538461536,1.524441153846154,1.5263211538461539,1.5282011538461537
18.900000000000002,1.5169211538461538,1.518811153846154,1.5207011538461537,1.5225911538461538,1.524481153846154,1.5263711538461537,1.528261153846154
19.000000000000004,1.5169211538461538,1.5188211538461538,1.5207211538461538,1.5226211538461536,1.5245211538461536,1.5264211538461538,1.5283211538461539
19.1,1.5169211538461538,1.5188311538461539,1.5207411538461537,1.5226511538461538,1.5245611538461536,1.5264711538461537,1.5283811538461538
19.200000000000003,1.5169211538461538,1.5188411538461537,1.5207611538461538,1.5226811538461538,1.5246011538461537,1.5265211538461536,1.5284411538461538
19.300000000000004,1.5169211538461538,1.518851153846154,1.5207811538461538,1.522711153846154,1.5246411538461537,1.526571153846154,1.5285011538461537
19.400000000000002,1.5169211538461538,1.5188611538461538,1.5208011538461537,1.5227411538461537,1.5246811538461538,1.5266211538461538,1.5285611538461537
19.5,1.5169211538461538,1.518871153846154,1.5208211538461538,1.522771153846154,1.5247211538461538,1.526671153846154,1.5286211538461538
19.6,1.5169211538461538,1.5188811538461537,1.5208411538461537,1.5228011538461539,1.5247611538461538,1.5267211538461538,1.5286811538461538
19.700000000000003,1.5169211538461538,1.5188911538461536,1.5208611538461538,1.5228311538461536,1.524801153846154,1.5267711538461537,1.5287411538461537
19.8,1.5169211538461538,1.5189011538461539,1.5208811538461537,1.5228611538461538,1.524841153846154,1.5268211538461538,1.528801153846154
19.900000000000002,1.5169211538461538,1.5189111538461537,1.5209011538461539,1.5228911538461536,1.524881153846154,1.5268711538461537,1.5288611538461538
20.000000000000004,1.5169211538461538,1.5189211538461538,1.5209211538461538,1.5229211538461538,1.5249211538461538,1.526921153846154,1.528921153846154
20.100000000000005,1.5169211538461538,1.5189311538461536,1.520941153846154,1.5229511538461538,1.5249611538461538,1.526971153846154,1.5289811538461537
20.2,1.5169211538461538,1.518941153846154,1.5209611538461538,1.522981153846154,1.5250011538461539,1.5270211538461538,1.5290411538461537
20.3,1.5169211538461538,1.5189511538461538,1.520981153846154,1.5230111538461537,1.5250411538461537,1.5270711538461539,1.5291011538461539
20.400000000000002,1.5169211538461538,1.5189611538461538,1.5210011538461539,1.523041153846154,1.5250811538461537,1.5271211538461538,1.5291611538461538
20.500000000000004,1.5169211538461538,1.5189711538461537,1.521021153846154,1.5230711538461539,1.5251211538461538,1.5271711538461539,1.5292211538461538
20.6,1.5169211538461538,1.518981153846154,1.521041153846154,1.5231011538461536,1.5251611538461538,1.5272211538461538,1.529281153846154
20.700000000000003,1.5169211538461538,1.5189911538461538,1.521061153846154,1.5231311538461538,1.5252011538461538,1.5272711538461536,1.5293411538461539
20.800000000000004,1.5169211538461538,1.5190011538461539,1.521081153846154,1.5231611538461538,1.5252411538461539,1.527321153846154,1.5294011538461538
20.900000000000002,1.5169211538461538,1.5190111538461537,1.5211011538461536,1.5231911538461538,1.5252811538461537,1.5273711538461539,1.5294611538461538
21.0,1.5169211538461538,1.5190211538461538,1.5211211538461538,1.5232211538461538,1.5253211538461537,1.527421153846154,1.5295211538461537
21.1,1.5169211538461538,1.5190311538461538,1.5211411538461537,1.523251153846154,1.5253611538461538,1.5274711538461538,1.5295811538461537
21.200000000000003,1.5169211538461538,1.519041153846154,1.5211611538461536,1.5232811538461537,1.5254011538461538,1.5275211538461537,1.5296411538461538
21.3,1.5169211538461538,1.5190511538461537,1.5211811538461537,1.5233111538461537,1.5254411538461539,1.5275711538461538,1.5297011538461538
21.400000000000002,1.5169211538461538,1.5190611538461538,1.5212011538461536,1.5233411538461539,1.525481153846154,1.5276211538461537,1.529761153846154
21.500000000000004,1.5169211538461538,1.5190711538461537,1.5212211538461538,1.5233711538461536,1.5255211538461537,1.5276711538461538,1.529821153846154
21.600000000000005,1.5169211538461538,1.519081153846154,1.5212411538461537,1.5234011538461538,1.5255611538461538,1.5277211538461537,1.5298811538461539
21.7,1.5169211538461538,1.5190911538461538,1.5212611538461538,1.5234311538461538,1.5256011538461538,1.5277711538461536,1.5299411538461536
21.8,1.5169211538461538,1.5191011538461539,1.5212811538461537,1.523461153846154,1.5256411538461538,1.527821153846154,1.5300011538461538
21.900000000000002,1.6335936538461537,1.6357836538461539,1.6379736538461538,1.6401636538461537,1.6423536538461538,1.6445436538461538,1.6467336538461537
22.000000000000004,1.6335936538461537,1.635793653846154,1.6379936538461537,1.640193653846154,1.6423936538461539,1.6445936538461539,1.6467936538461538
22.1,1.6335936538461537,1.6358036538461538,1.6380136538461538,1.6402236538461539,1.642433653846154,1.6446436538461537,1.6468536538461538
22.200000000000003,1.6335936538461537,1.6358136538461536,1.6380336538461537,1.6402536538461536,1.642473653846154,1.6446936538461536,1.646913653846154
22.300000000000004,1.6335936538461537,1.635823653846154,1.6380536538461539,1.6402836538461538,1.6425136538461538,1.644743653846154,1.646973653846154
22.400000000000002,1.6335936538461537,1.6358336538461538,1.6380736538461538,1.6403136538461538,1.6425536538461538,1.6447936538461538,1.6470336538461539
22.5,1.6335936538461537,1.6358436538461538,1.638093653846154,1.640343653846154,1.6425936538461539,1.644843653846154,1.6470936538461536
22.6,1.6335936538461537,1.6358536538461537,1.6381136538461538,1.6403736538461537,1.642633653846154,1.6448936538461538,1.6471536538461538
22.700000000000003,1.6335936538461537,1.635863653846154,1.638133653846154,1.640403653846154,1.6426736538461537,1.6449436538461537,1.6472136538461537
22.8,1.6335936538461537,1.6358736538461538,1.6381536538461539,1.6404336538461537,1.6427136538461538,1.6449936538461538,1.6472736538461539
22.900000000000002,1.6335936538461537,1.6358836538461539,1.638173653846154,1.6404636538461537,1.6427536538461538,1.6450436538461537,1.6473336538461538
23.000000000000004,1.6335936538461537,1.6358936538461537,1.638193653846154,1.6404936538461539,1.6427936538461538,1.645093653846154,1.6473936538461538
23.100000000000005,1.6335936538461537,1.6359036538461538,1.638213653846154,1.6405236538461536,1.6428336538461539,1.645143653846154,1.647453653846154
23.200000000000003,1.6335936538461537,1.6359136538461538,1.638233653846154,1.6405536538461538,1.6428736538461537,1.6451936538461538,1.647513653846154
23.3,1.6335936538461537,1.635923653846154,1.6382536538461536,1.6405836538461538,1.6429136538461537,1.645243653846154,1.6475736538461536
23.400000000000002,1.6335936538461537,1.6359336538461537,1.6382736538461538,1.640613653846154,1.6429536538461538,1.6452936538461538,1.6476336538461538
23.500000000000004,1.6335936538461537,1.6359436538461538,1.6382936538461537,1.6406436538461537,1.6429936538461538,1.6453436538461539,1.6476936538461537
23.6,1.6335936538461537,1.6359536538461537,1.6383136538461538,1.640673653846154,1.6430336538461539,1.6453936538461538,1.6477536538461537
23.700000000000003,1.6335936538461537,1.635963653846154,1.6383336538461537,1.640703653846154,1.643073653846154,1.6454436538461537,1.6478136538461539
23.800000000000004,1.5169211538461538,1.5193011538461538,1.5216811538461537,1.5240611538461537,1.526441153846154,1.5288211538461538,1.5312011538461539
23.900000000000006,1.5169211538461538,1.519311153846154,1.5217011538461538,1.524091153846154,1.5264811538461536,1.5288711538461537,1.5312611538461538
24.0,1.5169211538461538,1.5193211538461537,1.5217211538461537,1.5241211538461537,1.5265211538461536,1.528921153846154,1.531321153846154
24.1,1.5169211538461538,1.519331153846154,1.5217411538461538,1.5241511538461538,1.5265611538461537,1.528971153846154,1.5313811538461537
24.200000000000003,1.5169211538461538,1.5193411538461539,1.5217611538461537,1.5241811538461538,1.5266011538461537,1.5290211538461538,1.5314411538461536
24.3,1.5169211538461538,1.519351153846154,1.5217811538461539,1.5242111538461538,1.5266411538461537,1.5290711538461539,1.5315011538461538
24.400000000000002,1.5169211538461538,1.5193611538461538,1.5218011538461538,1.5242411538461538,1.5266811538461538,1.5291211538461538,1.5315611538461538
24.500000000000004,1.5169211538461538,1.5193711538461536,1.5218211538461537,1.524271153846154,1.5267211538461538,1.5291711538461537,1.5316211538461537
24.600000000000005,1.5169211538461538,1.5193811538461537,1.5218411538461538,1.5243011538461537,1.5267611538461539,1.5292211538461538,1.5316811538461539
24.700000000000003,1.5169211538461538,1.5193911538461538,1.5218611538461537,1.5243311538461537,1.526801153846154,1.5292711538461536,1.5317411538461538
24.8,1.5169211538461538,1.5194011538461538,1.5218811538461539,1.524361153846154,1.526841153846154,1.529321153846154,1.531801153846154
24.900000000000002,1.5169211538461538,1.5194111538461537,1.5219011538461538,1.5243911538461536,1.526881153846154,1.5293711538461539,1.531861153846154
25.000000000000004,1.5169211538461538,1.5194211538461537,1.521921153846154,1.5244211538461538,1.526921153846154,1.5294211538461537,1.5319211538461537
25.1,1.5169211538461538,1.5194311538461536,1.5219411538461538,1.5244511538461538,1.5269611538461538,1.5294711538461538,1.5319811538461536
25.200000000000003,1.5169211538461538,1.5194411538461539,1.521961153846154,1.524481153846154,1.5270011538461536,1.5295211538461537,1.5320411538461538
25.300000000000004,1.5169211538461538,1.5194511538461537,1.5219811538461538,1.5245111538461538,1.5270411538461537,1.5295711538461538,1.5321011538461538
25.400000000000006,1.5169211538461538,1.5194611538461538,1.522001153846154,1.5245411538461537,1.5270811538461537,1.5296211538461537,1.532161153846154
25.5,1.5169211538461538,1.5194711538461536,1.5220211538461539,1.5245711538461537,1.5271211538461538,1.5296711538461536,1.5322211538461539
25.6,1.5169211538461538,1.519481153846154,1.522041153846154,1.5246011538461537,1.5271611538461538,1.529721153846154,1.5322811538461538
25.700000000000003,1.5169211538461538,1.5194911538461537,1.522061153846154,1.5246311538461539,1.5272011538461538,1.5297711538461538,1.532341153846154
25.8,1.5169211538461538,1.5195011538461538,1.5220811538461536,1.5246611538461536,1.5272411538461539,1.529821153846154,1.5324011538461537
25.900000000000002,1.5169211538461538,1.5195111538461537,1.5221011538461537,1.5246911538461538,1.527281153846154,1.5298711538461538,1.5324611538461537
26.000000000000004,1.5169211538461538,1.519521153846154,1.5221211538461537,1.5247211538461538,1.527321153846154,1.5299211538461537,1.5325211538461538
26.100000000000005,1.5169211538461538,1.5195311538461538,1.5221411538461538,1.524751153846154,1.5273611538461538,1.5299711538461538,1.5325811538461538
26.200000000000003,1.5169211538461538,1.5195411538461538,1.5221611538461537,1.5247811538461538,1.5274011538461538,1.5300211538461537,1.5326411538461537
26.3,1.5169211538461538,1.5195511538461537,1.5221811538461536,1.5248111538461537,1.5274411538461539,1.530071153846154,1.532701153846154
26.400000000000002,1.5169211538461538,1.519561153846154,1.5222011538461537,1.524841153846154,1.5274811538461537,1.5301211538461539,1.5327611538461539
26.500000000000004,1.5169211538461538,1.5195711538461538,1.5222211538461536,1.5248711538461537,1.5275211538461537,1.5301711538461538,1.532821153846154
26.6,1.5169211538461538,1.5195811538461539,1.5222411538461538,1.5249011538461539,1.5275611538461538,1.5302211538461539,1.5328811538461538
26.700000000000003,1.5169211538461538,1.5195911538461537,1.5222611538461537,1.5249311538461539,1.5276011538461538,1.5302711538461538,1.5329411538461537
26.800000000000004,1.5169211538461538,1.519601153846154,1.5222811538461538,1.5249611538461538,1.5276411538461538,1.5303211538461539,1.5330011538461537
26.900000000000006,1.5169211538461538,1.5196111538461539,1.5223011538461537,1.5249911538461538,1.5276811538461539,1.5303711538461537,1.5330611538461538
27.000000000000004,1.5169211538461538,1.5196211538461537,1.5223211538461539,1.5250211538461536,1.5277211538461537,1.5304211538461536,1.5331211538461538
27.1,1.5169211538461538,1.5196311538461538,1.5223411538461538,1.5250511538461538,1.5277611538461537,1.5304711538461537,1.533181153846154
27.200000000000003,1.5169211538461538,1.5196411538461536,1.522361153846154,1.5250811538461537,1.5278011538461538,1.5305211538461536,1.533241153846154
27.3,1.5169211538461538,1.519651153846154,1.5223811538461538,1.525111153846154,1.5278411538461538,1.530571153846154,1.5333011538461538
27.400000000000002,1.5169211538461538,1.5196611538461537,1.522401153846154,1.5251411538461537,1.5278811538461539,1.5306211538461538,1.5333611538461536
27.500000000000004,1.5169211538461538,1.5196711538461538,1.5224211538461538,1.5251711538461539,1.527921153846154,1.5306711538461537,1.5334211538461537
27.600000000000005,1.5169211538461538,1.5196811538461537,1.522441153846154,1.5252011538461538,1.5279611538461537,1.5307211538461538,1.5334811538461537
27.700000000000003,1.5169211538461538,1.519691153846154,1.5224611538461539,1.5252311538461538,1.5280011538461538,1.5307711538461537,1.5335411538461539
27.8,1.5169211538461538,1.5197011538461538,1.5224811538461538,1.5252611538461538,1.5280411538461538,1.5308211538461538,1.5336011538461538
27.900000000000002,1.5169211538461538,1.5197111538461539,1.522501153846154,1.5252911538461538,1.5280811538461536,1.5308711538461537,1.5336611538461538
28.000000000000004,1.5169211538461538,1.5197211538461537,1.5225211538461538,1.5253211538461537,1.5281211538461537,1.5309211538461536,1.533721153846154
28.1,1.5169211538461538,1.5197311538461538,1.522541153846154,1.5253511538461537,1.5281611538461537,1.530971153846154,1.5337811538461539
28.200000000000003,1.5169211538461538,1.5197411538461538,1.5225611538461536,1.525381153846154,1.5282011538461537,1.5310211538461538,1.5338411538461536
28.300000000000004,1.5169211538461538,1.519751153846154,1.5225811538461536,1.5254111538461537,1.5282411538461538,1.5310711538461539,1.5339011538461538
28.400000000000006,1.5169211538461538,1.5197611538461537,1.5226011538461537,1.5254411538461539,1.5282811538461538,1.5311211538461538,1.5339611538461537
28.500000000000004,1.5169211538461538,1.5197711538461538,1.5226211538461536,1.5254711538461538,1.5283211538461539,1.5311711538461537,1.5340211538461537
28.6,1.5169211538461538,1.5197811538461536,1.5226411538461537,1.5255011538461536,1.528361153846154,1.5312211538461538,1.5340811538461538
28.700000000000003,1.5169211538461538,1.519791153846154,1.5226611538461536,1.5255311538461538,1.528401153846154,1.5312711538461536,1.5341411538461538
28.800000000000004,1.5169211538461538,1.5198011538461538,1.5226811538461538,1.5255611538461538,1.5284411538461538,1.531321153846154,1.534201153846154
28.900000000000002,1.5169211538461538,1.5198111538461538,1.5227011538461537,1.525591153846154,1.5284811538461536,1.5313711538461539,1.534261153846154
29.000000000000004,1.5169211538461538,1.5198211538461537,1.5227211538461538,1.5256211538461537,1.5285211538461536,1.5314211538461537,1.5343211538461536
29.100000000000005,1.5169211538461538,1.519831153846154,1.5227411538461537,1.525651153846154,1.5285611538461537,1.5314711538461538,1.5343811538461536
29.200000000000003,1.5169211538461538,1.5198411538461538,1.5227611538461538,1.5256811538461537,1.5286011538461537,1.5315211538461537,1.5344411538461538
29.3,1.5169211538461538,1.5198511538461539,1.5227811538461538,1.5257111538461539,1.5286411538461537,1.5315711538461538,1.5345011538461537
29.400000000000002,1.5169211538461538,1.5198611538461537,1.5228011538461539,1.5257411538461538,1.5286811538461538,1.5316211538461537,1.5345611538461539
29.500000000000004,1.5169211538461538,1.5198711538461536,1.5228211538461538,1.5257711538461536,1.5287211538461538,1.5316711538461536,1.5346211538461538
29.6,1.5169211538461538,1.5198811538461539,1.5228411538461537,1.5258011538461538,1.5287611538461539,1.531721153846154,1.5346811538461538
29.700000000000003,1.5169211538461538,1.5198911538461537,1.5228611538461538,1.5258311538461538,1.528801153846154,1.5317711538461538,1.534741153846154
29.800000000000004,1.5169211538461538,1.5199011538461538,1.5228811538461537,1.525861153846154,1.528841153846154,1.531821153846154,1.534801153846154
29.900000000000002,1.5169211538461538,1.5199111538461536,1.5229011538461539,1.5258911538461537,1.528881153846154,1.5318711538461538,1.5348611538461536
30.000000000000004,1.5169211538461538,1.519921153846154,1.5229211538461538,1.525921153846154,1.528921153846154,1.5319211538461537,1.5349211538461538
30.1,1.5169211538461538,1.5199311538461537,1.522941153846154,1.5259511538461539,1.5289611538461536,1.5319711538461538,1.5349811538461537
30.200000000000003,1.5169211538461538,1.5199411538461538,1.5229611538461538,1.5259811538461538,1.5290011538461536,1.5320211538461537,1.5350411538461537
30.300000000000004,1.5169211538461538,1.5199511538461536,1.522981153846154,1.5260111538461538,1.5290411538461537,1.532071153846154,1.5351011538461539
30.400000000000006,1.5169211538461538,1.519961153846154,1.5230011538461539,1.5260411538461536,1.5290811538461537,1.5321211538461539,1.5351611538461538
30.5,1.5169211538461538,1.5199711538461538,1.523021153846154,1.5260711538461538,1.5291211538461538,1.5321711538461538,1.535221153846154
30.6,1.5169211538461538,1.5199811538461538,1.523041153846154,1.5261011538461537,1.5291611538461538,1.5322211538461539,1.535281153846154
30.700000000000003,1.5169211538461538,1.5199911538461537,1.5230611538461536,1.526131153846154,1.5292011538461538,1.5322711538461538,1.5353411538461537
30.800000000000004,1.5169211538461538,1.520001153846154,1.5230811538461537,1.5261611538461537,1.5292411538461539,1.5323211538461539,1.5354011538461536
30.900000000000002,1.5169211538461538,1.5200111538461538,1.5231011538461536,1.526191153846154,1.529281153846154,1.5323711538461537,1.5354611538461538
31.000000000000004,1.5169211538461538,1.5200211538461539,1.5231211538461538,1.5262211538461539,1.529321153846154,1.5324211538461536,1.5355211538461537
31.100000000000005,1.5169211538461538,1.5200311538461537,1.5231411538461537,1.5262511538461536,1.529361153846154,1.532471153846154,1.535581153846154
31.200000000000006,1.5169211538461538,1.5200411538461538,1.5231611538461538,1.5262811538461538,1.5294011538461538,1.5325211538461538,1.5356411538461539
31.3,1.5169211538461538,1.5200511538461539,1.5231811538461537,1.5263111538461538,1.5294411538461536,1.532571153846154,1.5357011538461538
31.400000000000002,1.5169211538461538,1.520061153846154,1.5232011538461538,1.5263411538461538,1.5294811538461537,1.5326211538461538,1.535761153846154
31.500000000000004,1.5169211538461538,1.5200711538461538,1.5232211538461538,1.5263711538461537,1.5295211538461537,1.5326711538461537,1.5358211538461537
31.6,1.5169211538461538,1.5200811538461538,1.5232411538461537,1.526401153846154,1.5295611538461538,1.5327211538461538,1.5358811538461536
31.700000000000003,1.5169211538461538,1.5200911538461537,1.5232611538461538,1.5264311538461537,1.5296011538461538,1.5327711538461537,1.5359411538461538
31.800000000000004,1.5169211538461538,1.520101153846154,1.5232811538461537,1.5264611538461539,1.5296411538461538,1.532821153846154,1.5360011538461538
31.900000000000006,1.5169211538461538,1.5201111538461538,1.5233011538461538,1.5264911538461539,1.5296811538461539,1.532871153846154,1.5360611538461537
32.00000000000001,1.5169211538461538,1.5201211538461536,1.5233211538461537,1.5265211538461536,1.529721153846154,1.5329211538461538,1.5361211538461539
32.1,1.5169211538461538,1.5201311538461537,1.5233411538461539,1.5265511538461538,1.529761153846154,1.532971153846154,1.5361811538461538
32.2,1.5169211538461538,1.5201411538461536,1.5233611538461538,1.5265811538461538,1.5298011538461538,1.5330211538461538,1.536241153846154
32.300000000000004,1.5169211538461538,1.5201511538461538,1.523381153846154,1.526611153846154,1.5298411538461538,1.533071153846154,1.5363011538461537
32.400000000000006,1.5169211538461538,1.5201611538461537,1.5234011538461538,1.5266411538461537,1.5298811538461539,1.5331211538461538,1.5363611538461537
32.50000000000001,1.5169211538461538,1.5201711538461538,1.523421153846154,1.526671153846154,1.5299211538461537,1.5331711538461537,1.5364211538461536
32.60000000000001,1.5169211538461538,1.5201811538461536,1.5234411538461539,1.5267011538461537,1.5299611538461537,1.533221153846154,1.5364811538461538
32.7,1.5169211538461538,1.5201911538461539,1.523461153846154,1.5267311538461537,1.5300011538461538,1.5332711538461536,1.5365411538461538
32.8,1.5169211538461538,1.5202011538461537,1.523481153846154,1.5267611538461539,1.5300411538461538,1.533321153846154,1.536601153846154
32.9,1.5169211538461538,1.5202111538461538,1.5235011538461538,1.5267911538461536,1.5300811538461538,1.5333711538461539,1.5366611538461539
33.0,1.5169211538461538,1.5202211538461536,1.523521153846154,1.5268211538461538,1.5301211538461539,1.5334211538461537,1.5367211538461538
33.1,1.5169211538461538,1.520231153846154,1.5235411538461536,1.5268511538461538,1.5301611538461537,1.5334711538461538,1.5367811538461535
33.2,1.5169211538461538,1.5202411538461538,1.5235611538461538,1.526881153846154,1.5302011538461537,1.5335211538461537,1.5368411538461537
33.300000000000004,1.5169211538461538,1.5202511538461538,1.5235811538461537,1.5269111538461537,1.5302411538461538,1.5335711538461538,1.5369011538461537
33.400000000000006,1.5169211538461538,1.5202611538461537,1.5236011538461536,1.526941153846154,1.5302811538461538,1.5336211538461537,1.5369611538461538
33.50000000000001,1.5169211538461538,1.520271153846154,1.5236211538461537,1.526971153846154,1.5303211538461539,1.5336711538461536,1.5370211538461538
33.6,1.5169211538461538,1.5202811538461538,1.5236411538461536,1.5270011538461536,1.530361153846154,1.533721153846154,1.5370811538461537
33.7,1.5169211538461538,1.5202911538461539,1.5236611538461537,1.5270311538461538,1.5304011538461537,1.5337711538461538,1.537141153846154
33.800000000000004,1.5169211538461538,1.5203011538461537,1.5236811538461537,1.5270611538461536,1.5304411538461538,1.533821153846154,1.5372011538461539
33.900000000000006,1.5169211538461538,1.520311153846154,1.5237011538461538,1.5270911538461538,1.5304811538461538,1.5338711538461538,1.5372611538461536
34.00000000000001,1.5169211538461538,1.5203211538461538,1.5237211538461537,1.5271211538461538,1.5305211538461536,1.5339211538461537,1.5373211538461538
34.10000000000001,1.5169211538461538,1.520331153846154,1.5237411538461538,1.527151153846154,1.5305611538461537,1.5339711538461538,1.5373811538461537
34.2,1.5169211538461538,1.5203411538461538,1.5237611538461537,1.5271811538461537,1.5306011538461537,1.5340211538461537,1.5374411538461537
34.3,1.5169211538461538,1.5203511538461536,1.5237811538461539,1.5272111538461537,1.5306411538461537,1.5340711538461536,1.5375011538461538
34.4,1.5169211538461538,1.520361153846154,1.5238011538461538,1.5272411538461539,1.5306811538461538,1.5341211538461539,1.5375611538461538
34.5,1.5169211538461538,1.5203711538461537,1.523821153846154,1.5272711538461536,1.5307211538461538,1.5341711538461538,1.537621153846154
34.6,1.5169211538461538,1.5203811538461538,1.5238411538461538,1.5273011538461538,1.5307611538461539,1.5342211538461539,1.537681153846154
34.7,1.5169211538461538,1.5203911538461536,1.523861153846154,1.5273311538461538,1.530801153846154,1.5342711538461538,1.5377411538461538
34.800000000000004,1.5169211538461538,1.520401153846154,1.5238811538461539,1.5273611538461538,1.530841153846154,1.5343211538461536,1.5378011538461536
34.900000000000006,1.5169211538461538,1.5204111538461538,1.5239011538461538,1.5273911538461538,1.530881153846154,1.5343711538461537,1.5378611538461537
35.00000000000001,1.5169211538461538,1.5204211538461538,1.523921153846154,1.527421153846154,1.5309211538461536,1.5344211538461536,1.5379211538461537
35.1,1.5169211538461538,1.5204311538461537,1.5239411538461538,1.5274511538461537,1.5309611538461536,1.534471153846154,1.5379811538461539
35.2,1.5169211538461538,1.5204411538461537,1.523961153846154,1.5274811538461537,1.5310011538461537,1.5345211538461538,1.5380411538461538
35.300000000000004,1.5169211538461538,1.5204511538461536,1.5239811538461538,1.5275111538461539,1.5310411538461537,1.5345711538461537,1.5381011538461538
35.400000000000006,1.5169211538461538,1.5204611538461539,1.524001153846154,1.5275411538461536,1.5310811538461537,1.5346211538461538,1.538161153846154
35.50000000000001,1.5169211538461538,1.5204711538461537,1.5240211538461539,1.5275711538461538,1.5311211538461538,1.5346711538461537,1.5382211538461539
35.60000000000001,1.5169211538461538,1.5204811538461538,1.5240411538461536,1.5276011538461538,1.5311611538461538,1.5347211538461538,1.5382811538461536
35.70000000000001,1.6335936538461537,1.6371636538461538,1.6407336538461537,1.644303653846154,1.6478736538461538,1.6514436538461539,1.6550136538461537
35.8,1.6335936538461537,1.6371736538461539,1.6407536538461538,1.6443336538461537,1.6479136538461538,1.6514936538461538,1.6550736538461537
35.9,1.6335936538461537,1.6371836538461537,1.6407736538461537,1.644363653846154,1.6479536538461539,1.6515436538461539,1.6551336538461539
36.0,1.6335936538461537,1.637193653846154,1.6407936538461536,1.6443936538461539,1.647993653846154,1.6515936538461538,1.6551936538461538
36.1,1.6335936538461537,1.6372036538461539,1.6408136538461537,1.6444236538461536,1.648033653846154,1.6516436538461539,1.655253653846154
36.2,1.6335936538461537,1.637213653846154,1.6408336538461537,1.6444536538461538,1.6480736538461538,1.6516936538461537,1.655313653846154
36.300000000000004,1.6335936538461537,1.6372236538461538,1.6408536538461538,1.6444836538461538,1.6481136538461536,1.6517436538461536,1.6553736538461539
36.400000000000006,1.6335936538461537,1.637233653846154,1.6408736538461537,1.644513653846154,1.6481536538461536,1.651793653846154,1.6554336538461536
36.50000000000001,1.6335936538461537,1.637243653846154,1.6408936538461538,1.6445436538461538,1.6481936538461537,1.6518436538461538,1.6554936538461538
36.6,1.6335936538461537,1.637253653846154,1.6409136538461537,1.644573653846154,1.6482336538461537,1.651893653846154,1.6555536538461537
36.7,1.6335936538461537,1.6372636538461538,1.6409336538461539,1.6446036538461537,1.6482736538461538,1.6519436538461538,1.6556136538461539
36.800000000000004,1.6335936538461537,1.6372736538461536,1.6409536538461538,1.6446336538461537,1.6483136538461538,1.6519936538461537,1.6556736538461538
36.900000000000006,1.6335936538461537,1.6372836538461537,1.640973653846154,1.6446636538461539,1.6483536538461538,1.6520436538461538,1.6557336538461538
37.00000000000001,1.6335936538461537,1.6372936538461538,1.6409936538461538,1.6446936538461536,1.6483936538461539,1.6520936538461537,1.655793653846154
37.10000000000001,1.6335936538461537,1.6373036538461538,1.641013653846154,1.6447236538461538,1.648433653846154,1.652143653846154,1.655853653846154
37.20000000000001,1.6335936538461537,1.6373136538461537,1.6410336538461539,1.6447536538461538,1.648473653846154,1.652193653846154,1.6559136538461536
37.300000000000004,1.6335936538461537,1.6373236538461537,1.641053653846154,1.644783653846154,1.648513653846154,1.6522436538461536,1.6559736538461538
37.4,1.6335936538461537,1.6373336538461536,1.641073653846154,1.6448136538461537,1.6485536538461536,1.652293653846154,1.6560336538461538
37.5,1.6335936538461537,1.6373436538461539,1.6410936538461538,1.644843653846154,1.6485936538461536,1.6523436538461538,1.6560936538461537
37.6,1.6335936538461537,1.6373536538461537,1.641113653846154,1.644873653846154,1.6486336538461537,1.6523936538461539,1.6561536538461539
37.7,1.6335936538461537,1.6373636538461538,1.6411336538461538,1.6449036538461537,1.6486736538461537,1.6524436538461538,1.6562136538461538
37.800000000000004,1.6335936538461537,1.6373736538461536,1.641153653846154,1.6449336538461539,1.6487136538461538,1.6524936538461537,1.656273653846154
37.900000000000006,1.6335936538461537,1.637383653846154,1.6411736538461539,1.6449636538461536,1.6487536538461538,1.6525436538461538,1.656333653846154
38.00000000000001,1.6335936538461537,1.6373936538461538,1.6411936538461536,1.6449936538461538,1.6487936538461538,1.6525936538461536,1.6563936538461537
38.1,1.6335936538461537,1.6374036538461538,1.6412136538461537,1.6450236538461538,1.6488336538461539,1.652643653846154,1.6564536538461536
38.2,1.6335936538461537,1.6374136538461537,1.6412336538461536,1.645053653846154,1.648873653846154,1.6526936538461539,1.6565136538461538
38.300000000000004,1.6335936538461537,1.637423653846154,1.6412536538461537,1.6450836538461537,1.648913653846154,1.6527436538461537,1.6565736538461537
38.400000000000006,1.6335936538461537,1.6374336538461538,1.6412736538461536,1.6451136538461537,1.648953653846154,1.6527936538461538,1.656633653846154
38.50000000000001,1.6335936538461537,1.6374436538461539,1.6412936538461538,1.645143653846154,1.648993653846154,1.6528436538461537,1.6566936538461539
38.60000000000001,1.6335936538461537,1.6374536538461537,1.6413136538461537,1.6451736538461537,1.6490336538461536,1.6528936538461538,1.6567536538461538
38.70000000000001,1.6335936538461537,1.637463653846154,1.6413336538461538,1.6452036538461539,1.6490736538461537,1.6529436538461537,1.656813653846154
38.800000000000004,1.6335936538461537,1.6374736538461538,1.6413536538461537,1.6452336538461538,1.6491136538461537,1.6529936538461536,1.6568736538461537
38.9,1.6335936538461537,1.637483653846154,1.6413736538461539,1.6452636538461538,1.6491536538461538,1.653043653846154,1.6569336538461537
39.0,1.6335936538461537,1.6374936538461538,1.6413936538461538,1.6452936538461538,1.6491936538461538,1.6530936538461538,1.6569936538461538
39.1,1.6335936538461537,1.637503653846154,1.641413653846154,1.645323653846154,1.6492336538461538,1.653143653846154,1.6570536538461538
39.2,1.6335936538461537,1.6375136538461539,1.6414336538461538,1.6453536538461537,1.6492736538461539,1.6531936538461538,1.6571136538461537
39.300000000000004,1.6335936538461537,1.6375236538461537,1.6414536538461537,1.6453836538461537,1.649313653846154,1.6532436538461537,1.657173653846154
39.400000000000006,1.6335936538461537,1.6375336538461538,1.6414736538461538,1.645413653846154,1.649353653846154,1.6532936538461538,1.6572336538461538
39.50000000000001,1.6335936538461537,1.6375436538461536,1.6414936538461538,1.6454436538461537,1.649393653846154,1.6533436538461537,1.657293653846154
39.6,1.6335936538461537,1.637553653846154,1.6415136538461539,1.6454736538461538,1.6494336538461538,1.653393653846154,1.657353653846154
39.7,1.6335936538461537,1.6375636538461538,1.6415336538461538,1.6455036538461538,1.6494736538461539,1.6534436538461539,1.6574136538461537
39.800000000000004,1.6335936538461537,1.6375736538461538,1.641553653846154,1.645533653846154,1.649513653846154,1.6534936538461538,1.6574736538461536
39.900000000000006,1.6335936538461537,1.6375836538461537,1.6415736538461538,1.6455636538461538,1.6495536538461537,1.6535436538461539,1.6575336538461538
40.00000000000001,1.6335936538461537,1.637593653846154,1.641593653846154,1.645593653846154,1.6495936538461538,1.6535936538461538,1.6575936538461538
40.10000000000001,1.6335936538461537,1.6376036538461538,1.6416136538461539,1.6456236538461537,1.6496336538461538,1.6536436538461539,1.657653653846154
40.20000000000001,1.6335936538461537,1.6376136538461539,1.641633653846154,1.6456536538461537,1.6496736538461538,1.6536936538461537,1.6577136538461539
40.300000000000004,1.6335936538461537,1.6376236538461537,1.641653653846154,1.645683653846154,1.6497136538461539,1.6537436538461536,1.6577736538461538
40.4,1.6335936538461537,1.6376336538461538,1.641673653846154,1.6457136538461536,1.649753653846154,1.653793653846154,1.657833653846154
40.5,1.6335936538461537,1.6376436538461538,1.6416936538461537,1.6457436538461538,1.6497936538461537,1.6538436538461538,1.6578936538461537
40.6,1.6335936538461537,1.637653653846154,1.6417136538461536,1.6457736538461538,1.6498336538461538,1.653893653846154,1.6579536538461537
40.7,1.6335936538461537,1.6376636538461538,1.6417336538461538,1.645803653846154,1.6498736538461538,1.6539436538461538,1.6580136538461538
40.800000000000004,1.6335936538461537,1.6376736538461538,1.6417536538461537,1.6458336538461538,1.6499136538461538,1.6539936538461537,1.6580736538461538
40.900000000000006,1.6335936538461537,1.6376836538461537,1.6417736538461538,1.6458636538461537,1.649953653846154,1.6540436538461538,1.6581336538461537
41.00000000000001,1.6335936538461537,1.637693653846154,1.6417936538461537,1.645893653846154,1.649993653846154,1.6540936538461537,1.658193653846154
41.1,1.6335936538461537,1.6377036538461538,1.6418136538461539,1.6459236538461537,1.6500336538461537,1.654143653846154,1.6582536538461539
41.2,1.6335936538461537,1.6377136538461539,1.6418336538461538,1.6459536538461539,1.6500736538461538,1.654193653846154,1.658313653846154
41.300000000000004,1.6335936538461537,1.6377236538461537,1.6418536538461537,1.6459836538461536,1.6501136538461538,1.6542436538461538,1.6583736538461538
41.400000000000006,1.6335936538461537,1.637733653846154,1.6418736538461538,1.6460136538461538,1.6501536538461536,1.654293653846154,1.6584336538461537
41.50000000000001,1.6335936538461537,1.6377436538461538,1.6418936538461537,1.6460436538461538,1.6501936538461537,1.6543436538461538,1.6584936538461537
41.60000000000001,1.6335936538461537,1.637753653846154,1.6419136538461538,1.646073653846154,1.6502336538461537,1.6543936538461539,1.6585536538461538
41.70000000000001,1.6335936538461537,1.6377636538461537,1.6419336538461538,1.6461036538461538,1.6502736538461538,1.6544436538461538,1.6586136538461538
41.800000000000004,1.6335936538461537,1.6377736538461536,1.6419536538461539,1.6461336538461537,1.6503136538461538,1.6544936538461537,1.658673653846154
41.9,1.6335936538461537,1.6377836538461539,1.6419736538461538,1.646163653846154,1.6503536538461538,1.654543653846154,1.658733653846154
42.0,1.6335936538461537,1.6377936538461537,1.641993653846154,1.6461936538461537,1.6503936538461539,1.6545936538461539,1.6587936538461538
42.1,1.6335936538461537,1.6378036538461538,1.6420136538461538,1.6462236538461539,1.650433653846154,1.654643653846154,1.6588536538461536
42.2,1.6335936538461537,1.6378136538461536,1.642033653846154,1.6462536538461539,1.650473653846154,1.6546936538461539,1.6589136538461537
42.300000000000004,1.6335936538461537,1.637823653846154,1.6420536538461539,1.6462836538461538,1.6505136538461536,1.6547436538461537,1.6589736538461537
42.400000000000006,1.6335936538461537,1.6378336538461538,1.642073653846154,1.6463136538461538,1.6505536538461536,1.6547936538461538,1.6590336538461539
42.50000000000001,1.6335936538461537,1.6378436538461538,1.642093653846154,1.6463436538461538,1.6505936538461536,1.6548436538461537,1.6590936538461538
42.6,1.6335936538461537,1.6378536538461537,1.6421136538461538,1.6463736538461538,1.6506336538461537,1.654893653846154,1.6591536538461538
42.7,1.6335936538461537,1.637863653846154,1.642133653846154,1.6464036538461537,1.6506736538461537,1.654943653846154,1.659213653846154
42.800000000000004,1.6335936538461537,1.6378736538461538,1.6421536538461539,1.646433653846154,1.6507136538461538,1.6549936538461538,1.6592736538461539
42.900000000000006,1.6335936538461537,1.6378836538461539,1.6421736538461538,1.6464636538461537,1.6507536538461538,1.655043653846154,1.6593336538461536
43.00000000000001,1.6335936538461537,1.6378936538461537,1.6421936538461537,1.6464936538461539,1.6507936538461538,1.6550936538461538,1.6593936538461538
43.10000000000001,1.6335936538461537,1.637903653846154,1.6422136538461536,1.6465236538461538,1.6508336538461539,1.655143653846154,1.6594536538461537
43.20000000000001,1.6335936538461537,1.6379136538461538,1.6422336538461537,1.646553653846154,1.650873653846154,1.6551936538461538,1.6595136538461537
43.300000000000004,1.6335936538461537,1.637923653846154,1.6422536538461536,1.6465836538461538,1.650913653846154,1.6552436538461537,1.6595736538461539
43.4,1.6335936538461537,1.6379336538461537,1.6422736538461538,1.6466136538461538,1.650953653846154,1.6552936538461538,1.6596336538461538
43.5,1.6335936538461537,1.6379436538461538,1.6422936538461537,1.6466436538461537,1.6509936538461536,1.6553436538461537,1.659693653846154
43.6,1.6335936538461537,1.6379536538461539,1.6423136538461538,1.6466736538461537,1.6510336538461536,1.655393653846154,1.659753653846154
43.7,1.6335936538461537,1.637963653846154,1.6423336538461537,1.646703653846154,1.6510736538461537,1.6554436538461539,1.6598136538461536
43.800000000000004,1.6335936538461537,1.6379736538461538,1.6423536538461538,1.6467336538461537,1.6511136538461537,1.6554936538461538,1.6598736538461536
43.900000000000006,1.6335936538461537,1.6379836538461539,1.6423736538461537,1.6467636538461539,1.6511536538461538,1.6555436538461539,1.6599336538461538
44.00000000000001,1.6335936538461537,1.6379936538461537,1.6423936538461539,1.6467936538461538,1.6511936538461538,1.6555936538461538,1.6599936538461537
44.1,1.6335936538461537,1.6380036538461538,1.6424136538461538,1.6468236538461536,1.6512336538461538,1.6556436538461536,1.6600536538461539
44.2,1.6335936538461537,1.6380136538461538,1.642433653846154,1.6468536538461538,1.6512736538461539,1.6556936538461537,1.6601136538461538
44.300000000000004,1.6335936538461537,1.6380236538461537,1.6424536538461538,1.6468836538461538,1.651313653846154,1.6557436538461536,1.6601736538461538
44.400000000000006,1.6335936538461537,1.6380336538461537,1.642473653846154,1.646913653846154,1.651353653846154,1.655793653846154,1.660233653846154
44.50000000000001,1.6335936538461537,1.6380436538461536,1.6424936538461539,1.6469436538461537,1.651393653846154,1.6558436538461538,1.660293653846154
44.60000000000001,1.6335936538461537,1.6380536538461539,1.6425136538461538,1.646973653846154,1.651433653846154,1.6558936538461537,1.6603536538461536
44.70000000000001,1.6335936538461537,1.6380636538461537,1.642533653846154,1.6470036538461539,1.6514736538461539,1.6559436538461538,1.6604136538461538
44.800000000000004,1.6335936538461537,1.6380736538461538,1.6425536538461538,1.6470336538461539,1.6515136538461537,1.6559936538461537,1.6604736538461538
44.900000000000006,1.6335936538461537,1.6380836538461536,1.642573653846154,1.6470636538461538,1.6515536538461537,1.6560436538461538,1.6605336538461537
45.0,1.6335936538461537,1.638093653846154,1.6425936538461539,1.6470936538461536,1.6515936538461538,1.6560936538461537,1.6605936538461539
45.1,1.6335936538461537,1.6381036538461538,1.642613653846154,1.6471236538461538,1.6516336538461538,1.6561436538461536,1.6606536538461538
45.2,1.6335936538461537,1.6381136538461538,1.642633653846154,1.6471536538461538,1.6516736538461538,1.656193653846154,1.660713653846154
45.300000000000004,1.6335936538461537,1.6381236538461537,1.642653653846154,1.647183653846154,1.6517136538461539,1.6562436538461538,1.660773653846154
45.400000000000006,1.6335936538461537,1.638133653846154,1.6426736538461537,1.6472136538461537,1.651753653846154,1.656293653846154,1.6608336538461537
45.50000000000001,1.6335936538461537,1.6381436538461538,1.6426936538461536,1.647243653846154,1.651793653846154,1.6563436538461538,1.6608936538461538
45.6,1.6335936538461537,1.6381536538461539,1.6427136538461538,1.6472736538461539,1.6518336538461538,1.6563936538461537,1.6609536538461538
