0.0,-0.016442200743098895,-0.014216124837488459,-0.012092055383931941,-0.010054945089718647,-0.008085843813277888,-0.006166420021770252,-0.00428116666519888
0.1,-0.016442087410343264,-0.01421601473659988,-0.01209195041176961,-0.01005484681858431,-0.008085753187323805,-0.006166337385727068,-0.004281091934991295
0.2,-0.01644189790793569,-0.014215830609620901,-0.012091774835846263,-0.010054682427464968,-0.008085601564538983,-0.006166199112095254,-0.004280966873679581
0.30000000000000004,-0.016441631311005164,-0.014215571515197777,-0.012091527719675905,-0.010054451004661003,-0.008085388072957955,-0.006166004378059366,-0.0042807907125388504
0.4,-0.01644128631841903,-0.0142152361290382,-0.012091207745829271,-0.010054151267616405,-0.00808511148591662,-0.006165752026085087,-0.004280562370108168
0.5000000000000001,-0.01644086124643277,-0.01421482273734031,-0.012090813209287869,-0.010053781556341469,-0.00808477021565731,-0.0061654405577837865,-0.004280280446360815
0.6000000000000001,-0.016440354020472444,-0.014214329228236264,-0.012090342008742469,-0.010053339824759491,-0.008084362304879252,-0.006165068125774703,-0.004279943214945434
0.7000000000000001,-0.016439762165009694,-0.014213753081208471,-0.012089791635793415,-0.010052823629934938,-0.008083885416192716,-0.006164632523504545,-0.004279548613459628
0.8,-0.01643908279147986,-0.014213091354426345,-0.012089159161998968,-0.010052230119129,-0.008083336819423456,-0.0061641311729724035,-0.004279094231705732
0.9000000000000001,-0.016438312584184277,-0.014212340669940836,-0.012088441223706638,-0.010051556014616598,-0.00808271337670196,-0.006163561110295863,-0.0042785772978665764
1.0000000000000002,-0.016437447784107922,-0.014211497196663134,-0.012087634004590762,-0.010050797596186762,-0.008082011525259516,-0.006162918969041658,-0.004277994662526719
1.1,-0.01643648417057346,-0.014210556631042742,-0.012086733215807614,-0.01004995068123585,-0.008081227257840612,-0.0061622009612315185,-0.004277342780451932
1.2000000000000002,-0.016435417040642126,-0.01420951417534844,-0.012085734073666827,-0.010049010602349933,-0.008080356100627493,-0.006161402855920555,-0.004276617690026739
1.3000000000000003,-0.016434241186160912,-0.014208364513443563,-0.012084631274704969,-0.01004797218225938,-0.008079393088559574,-0.006160519955231793,-0.004275814990236014
1.4000000000000001,-0.016432950868344065,-0.014207101783934365,-0.012083418968033546,-0.01004682970603437,-0.008078332737915438,-0.006159547067716067,-0.004274929815062613
1.5,-0.016431539789764797,-0.014205719550556946,-0.012082090724819557,-0.010045576890375447,-0.008077169016010525,-0.006158478478891356,-0.0042739568051579245
1.6,-0.016430001063620553,-0.014204210769654347,-0.012080639504741803,-0.01004420684983767,-0.00807589530784762,-0.006157307918800052,-0.004272890076626806
1.7000000000000002,-0.016428327180121792,-0.014202567754580706,-0.012079057619250466,-0.010042712059810504,-0.008074504379540751,-0.0061560285264056465,-0.00427172318675155
1.8000000000000003,-0.016426509969840304,-0.014200782136853923,-0.012077336691440912,-0.010041084316058475,-0.008072988338315204,-0.006154632810632952,-0.004270449096462466
1.9000000000000004,-0.016424540563838096,-0.014198844823861901,-0.012075467612335158,-0.010039314690609237,-0.008071338588868299,-0.006153112607837179,-0.004269060129343742
2.0000000000000004,-0.016422409350382344,-0.014196745952910116,-0.012073440493345836,-0.010037393483756369,-0.008069545785855234,-0.006151459035467421,-0.004267547926944065
2.1,-0.016420105928035104,-0.014194474841379845,-0.012071244614677842,-0.010035310171923688,-0.008067599782243548,-0.0061496624416690505,-0.004265903400140159
2.2,-0.01641761905488884,-0.014192019932746857,-0.012068868369401822,-0.010033053351115904,-0.008065489573257742,-0.006147712350547068,-0.004264116676279576
2.3000000000000003,-0.016414936593700028,-0.014189368738189611,-0.012066299202911374,-0.01003061067565732,-0.008063203235611232,-0.006145597402788443,-0.004262177041804986
2.4000000000000004,-0.01641204545265305,-0.014186507773493787,-0.0120635235474521,-0.01002796879189515,-0.008060727861697516,-0.006143305291316353,-0.004260072880037057
2.5000000000000004,-0.016408931521465282,-0.014183422490936463,-0.012060526751385206,-0.010025113266517815,-0.008058049488386248,-0.006140822691621189,-0.004257791603765922
2.6000000000000005,-0.016405579602521522,-0.014180097205808,-0.01205729300282134,-0.010022028509110029,-0.00805515302003887,-0.006138135186384926,-0.004255319582272072
2.7000000000000006,-0.01640197333670166,-0.01417651501720285,-0.012053805247231413,-0.010018697688536339,-0.008052022145330297,-0.006135227183983549,-0.0042526420623666
2.8000000000000003,-0.01639809512353961,-0.014172657722681755,-0.012050045098610174,-0.010015102642712218,-0.008048639247426577,-0.006132081830418924,-0.00424974308300731
2.9000000000000004,-0.01639392603532382,-0.014168505726377111,-0.012045992743735282,-0.010011223781287359,-0.008044985307036607,-0.006128680914195853,-0.004246605383011616
3.0,-0.016389445724720123,-0.014164037940080398,-0.012041626839029172,-0.010007039980728402,-0.008041039797814018,-0.006125004763621594,-0.004243210301348655
3.1,-0.016384632325466084,-0.014159231676815475,-0.012036924399493115,-0.010002528471248743,-0.00803678057354807,-0.006121032135963294,-0.004239537669452182
3.2,-0.016379462345652185,-0.014154062536363886,-0.012031860679142215,-0.009997664714990348,-0.008032183746535729,-0.00611674009785555,-0.004235565694951458
3.3000000000000003,-0.01637391055306902,-0.014148504282168064,-0.012026409042326627,-0.009992422274816651,-0.008027223556482032,-0.006112103896301957,-0.0042312708361699645
3.4000000000000004,-0.01636794985206087,-0.014142528708995164,-0.012020540825277613,-0.009986772673026735,-0.008021872229224188,-0.006107096819563876,-0.004226627666690989
3.5000000000000004,-0.01636155115128473,-0.014136105500698057,-0.012014225187167018,-0.009980685239248308,-0.008016099824521738,-0.006101690047174748,-0.004221608729234309
3.6000000000000005,-0.01635468322172932,-0.01412920207736048,-0.012007428949915213,-0.009974126946710526,-0.008009874072095613,-0.006095852488259809,-0.004216184378029258
3.7,-0.016347312544301135,-0.014121783431060256,-0.012000116425924995,-0.009967062236037105,-0.008003160195038458,-0.006089550607277197,-0.004210322608806665
3.8000000000000007,-0.01633940314623373,-0.014113811949427653,-0.01199224923285728,-0.009959452825635295,-0.007995920719649819,-0.006082748236229571,-0.004203988875463702
3.900000000000001,-0.016330916425521758,-0.014105247226114866,-0.011983786094498303,-0.009951257507686427,-0.007988115270678194,-0.006075406372320962,-0.0041971458923832075
4.000000000000001,-0.016321810962522994,-0.01409604585722733,-0.01197468262669703,-0.009942431928668725,-0.007979700350876506,-0.006067482959957164,-0.004189753421310066
4.1,-0.016312042317808764,-0.014086161222697364,-0.011964891107275371,-0.009932928353263006,-0.007970629103691245,-0.006058932655901521,-0.004181768041603063
4.2,-0.016301562815276255,-0.01407554325150549,-0.01195436022873204,-0.009922695410405155,-0.007960851057819417,-0.006049706576309735,-0.004173142902590173
4.3,-0.016290321309464176,-0.014064138169574143,-0.011943034832473299,-0.009911677820156907,-0.007950311852270233,-0.006039752024267989,-0.004163827456656877
4.4,-0.016278262935936115,-0.014051888229071951,-0.011930855623209634,-0.009899816099966883,-0.007938952940465724,-0.0060290121963555285,-0.004153767171593242
4.5,-0.01626532884351334,-0.014038731417774059,-0.011917758862056527,-0.009887046248786675,-0.00792671127180419,-0.006017425866640332,-0.004142903220611955
4.6000000000000005,-0.01625145590705024,-0.014024601147024418,-0.011903676036769046,-0.009873299407392662,-0.007913518948990995,-0.006004927046394795,-0.004131172148328441
4.7,-0.016236576419350522,-0.014009425916739256,-0.011888533507423716,-0.00985850149314034,-0.007899302859315605,-0.0059914446176900235,-0.004118505510864114
4.800000000000001,-0.016220617760720677,-0.01399312895577643,-0.011872252125736253,-0.009842572807246179,-0.007883984277913876,-0.005976901938886523,-0.0041048294880931925
4.9,-0.016203502044547787,-0.013975627835872575,-0.01185474682606976,-0.00982542761254964,-0.007867478440909816,-0.005961216419890259,-0.00409006446590322
5.000000000000001,-0.0161851457371721,-0.013956834057218136,-0.011835926186044218,-0.00980697367955563,-0.007849694086172218,-0.005944299064881342,-0.004074124586176889
5.1000000000000005,-0.016165459250198983,-0.013936652603599121,-0.011815691954503669,-0.00978711179839373,-0.007830532959249974,-0.005926053980049506,-0.00405691726202926
5.200000000000001,-0.016144346503260663,-0.013914981464882695,-0.011793938544431849,-0.0097657352541547,-0.007809889281871712,-0.005906377843684893,-0.004038342655646555
5.300000000000001,-0.016121704455093686,-0.013891711124461076,-0.01177055248822922,-0.009742729262875692,-0.0077876491801933,-0.005885159335772247,-0.004018293115871516
5.400000000000001,-0.016097422600643587,-0.013866724009093726,-0.011745411852573388,-0.009717970365243203,-0.007763690069772092,-0.005862278524022081,-0.003996652572464515
5.500000000000001,-0.016071382431742352,-0.0138398938984005,-0.011718385609880096,-0.009691325774864323,-0.007737879994016262,-0.005837606203041484,-0.003973295883735543
5.6000000000000005,-0.016043456858726473,-0.013811085291057653,-0.011689332963162059,-0.0096626526777235,-0.007710076912616656,-0.00581100318309875,-0.00394808813399399
5.7,-0.01601350959017283,-0.013780152724533033,-0.011658102620846806,-0.009631797479190714,-0.007680127936207894,-0.005782319524669728,-0.0039208838769924275
5.800000000000001,-0.015981394467725157,-0.013746940044965617,-0.011624532017861447,-0.009598594994677256,-0.00764786850322289,-0.0057513937146677,-0.003891526321253203
5.9,-0.015946954752764718,-0.013711279623546516,-0.011588446479020336,-0.009562867579745529,-0.007613121494605028,-0.005718051779949671,-0.003859846452854751
6.0,-0.015910022361443735,-0.013672991515492497,-0.011549658320459646,-0.009524424195169039,-0.007575696281721331,-0.005682106333362393,-0.003825662090922278
6.1000000000000005,-0.01587041704434819,-0.013631882557417496,-0.011507965884549828,-0.00948305940210408,-0.007535387702466237,-0.005643355547235283,-0.003788776870707048
6.2,-0.01582794550678626,-0.013587745398601483,-0.011463152503380461,-0.009438552282176878,-0.007491974960179049,-0.005601582048846408,-0.0037489791487544492
6.300000000000001,-0.01578240046540898,-0.013540357461327273,-0.01141498538555141,-0.00939066527690458,-0.00744522043959331,-0.005556551731976916,-0.0037060408242459123
6.4,-0.015733559636558942,-0.013489479825103505,-0.01136321442061668,-0.009339142940455736,-0.007394868433606677,-0.005508012478228673,-0.0036597160701549057
6.500000000000001,-0.015681184651409597,-0.013434856029213767,-0.011307570895111892,-0.009283710599312095,-0.007340643774197611,-0.005455692781307143,-0.0036097399673787464
6.6000000000000005,-0.015625019892600556,-0.013376210787626124,-0.011247766113650045,-0.009224072911917198,-0.00728225036032074,-0.005399300266962755,-0.0035558270344942834
6.700000000000001,-0.015564791246690957,-0.013313248609862048,-0.011183489918091587,-0.009159912320886067,-0.007219369575074832,-0.005338520100737764,-0.0034976696452326582
6.800000000000001,-0.015500204766342325,-0.013245652320956845,-0.011114409097280849,-0.009090887389801431,-0.007151658583869522,-0.005273013275078373,-0.0034349363251760653
6.900000000000001,-0.015430945235701574,-0.013173081473142586,-0.011040165679289586,-0.009016631016032556,-0.007078748504701354,-0.005202414766744024,-0.003367269918540931
7.000000000000001,-0.015356674631982557,-0.013095170641347333,-0.010960375097516415,-0.008936748510379752,-0.007000242440983241,-0.005126331554765199,-0.003294285615227495
7.100000000000001,-0.015277030475737816,-0.01301152759402771,-0.010874624221356021,-0.008850815533669475,-0.006915713366674817,-0.005044340488478355,-0.003215568827581225
7.200000000000001,-0.015191624061769014,-0.012921731330233542,-0.010782469241470211,-0.00875837587969476,-0.006824701852685767,-0.004955985994382015,-0.003130672905519467
7.300000000000001,-0.015100038562041979,-0.01282532997313965,-0.010683433398961604,-0.00865893909311403,-0.006726713622717863,-0.004860777609723848,-0.0030391166778291363
7.4,-0.015001826991347566,-0.0127218385095682,-0.01057700454696586,-0.00855197791008074,-0.006621216925829381,-0.004758187329823374,-0.002940381806530146
7.500000000000001,-0.014896510025779726,-0.012610736364261327,-0.01046263253233586,-0.008436925508475402,-0.006507639712061975,-0.004647646755172636,-0.002833909940218441
7.600000000000001,-0.014783573663383773,-0.012491464796844747,-0.01033972638418759,-0.008313172553642145,-0.006385366596462076,-0.004528544023316452,-0.002719099651252172
7.700000000000001,-0.01466246671555762,-0.012363424108544132,-0.010207651295107405,-0.008180064024495433,-0.006253735595738937,-0.004400220509398921,-0.0025953031405154987
7.800000000000002,-0.014532598116962732,-0.012225970644773682,-0.010065725379779632,-0.008036895803745012,-0.006112034620642614,-0.0042619672780680445,-0.0024618226922800118
7.9,-0.014393334040815633,-0.012078413578704823,-0.009913216194676526,-0.00788291101479235,-0.0059594977058825245,-0.004113021268142513,-0.002317906860383279
8.000000000000002,-0.014243994805481256,-0.011920011459838419,-0.009749337001254334,-0.007717296086566457,-0.005795300958073701,-0.00395256119006626,-0.0021627463655447
8.100000000000001,-0.014083851557270564,-0.011749968510440209,-0.009573242753813181,-0.007539176526188578,-0.005618558200754093,-0.0037797031146954295,-0.001995469682137193
8.2,-0.013912122713252777,-0.011567430651450883,-0.009384025791798877,-0.007347612377875147,-0.0054283162939592735,-0.003593495730371464,-0.0018151382911208132
8.3,-0.013727970146721278,-0.0113714812381434,-0.00918071121484398,-0.007141593344902267,-0.005223550104193007,-0.0033929152435244183,-0.0016207415741147637
8.4,-0.013530495096696335,-0.011161136484363655,-0.008962251917257252,-0.006920033549748746,-0.0050031570988383145,-0.0031768598962240834,-0.0014111913217237449
8.500000000000002,-0.013318733781500721,-0.01093534055265008,-0.008727523256966054,-0.00668176590570746,-0.004765951537141834,-0.002944144072121708,-0.0011853158272417917
8.6,-0.013091652695000351,-0.010692960285874936,-0.008475317332087468,-0.006425536071292084,-0.004510658227854054,-0.0026934919601173815,-0.0009418535347136235
8.700000000000001,-0.012848143562553021,-0.01043277955427739,-0.008204336836342016,-0.006149995956659512,-0.004235905821392695,-0.002423530742823438,-0.0006794462080348708
8.8,-0.012587017932047657,-0.01015349318985681,-0.007913188462418612,-0.005853696749010054,-0.0039402196020457084,-0.0021327832744544462,-0.0003966315853059358
8.900000000000002,-0.01230700137363551,-0.00985370047805506,-0.007600375820140722,-0.0055350814215005505,-0.0036220137431712176,-0.0018196602101720949,-9.183548000462477e-05
9.0,-0.012006727259845008,-0.009531898174468461,-0.007264291833860924,-0.005192476687605222,-0.003279582985645988,-0.00148245154610343,0.00023663671230025624
9.100000000000001,-0.011684730095723874,-0.009186473011983578,-0.006903210580910803,-0.004824084360065725,-0.0029110936968687823,-0.0011193175262463346,0.0005906091460214872
9.200000000000001,-0.01133943836645613,-0.008815693661213323,-0.0065152785301446775,-0.0044279720705769875,-0.0025145742645109378,-0.0007282788692531423,0.0009720453440150763
9.300000000000002,-0.010969166867546749,-0.00841770210441003,-0.006098505136622844,-0.0040020633031401815,-0.0020879047758072464,-0.00030720626460984616,0.0013830587535458728
9.4,-0.010572108480140943,-0.007990504380135943,-0.005650752745270763,-0.003544126690566065,-0.0016288059296006427,0.000146190915978975,0.001825924094644991
9.500000000000002,-0.010146325351337741,-0.0075319606528649425,-0.005169725752906038,-0.003051764519911111,-0.0011348271244496222,0.0006343767501783741,0.0023030895597888233
9.600000000000001,-0.00968973943645269,-0.007039774558357754,-0.004652958974331562,-0.0025224003886583296,-0.0006033336619548808,0.001160001802049974,0.002817189928173894
9.700000000000001,-0.009200122357071497,-0.006511481772078598,-0.0040978051542296685,-0.001953265949196715,-3.149300001563729e-05,0.001725917131560126,0.0033710606625177277
9.8,-0.008675084525396105,-0.005944437744088548,-0.003501421562340701,-0.0013413866745824645,0.00058374001410323,0.002335189348554355,0.003967753061312814
9.9,-0.008112063481804646,-0.005335804539738864,-0.002860755604849342,-0.0006835665736625168,0.0012456390061026494,0.002991116788447738,0.004610550544821655
10.000000000000002,-0.0075273065707265625,-0.004703094713211885,-0.002194192247932285,1.363807751968496e-06,0.0019353005720873697,0.003675007907073256,0.00528117478627269
10.1,-0.0069497886052902035,-0.004077219880332163,-0.001533885625710548,0.000680743924818367,0.0026201868665761165,0.004354917007493032,0.005948594785783593
10.200000000000001,-0.006362084592810947,-0.0034392619736143704,-0.0008598435484052369,0.0013751754490947503,0.003321096942945998,0.005051520920445937,0.00663313522136911
10.3,-0.005765148045555852,-0.0027901849690634833,-0.00017301605761998844,0.002083744304292142,0.004037168916551372,0.005764020091032681,0.007334064216889038
10.400000000000002,-0.005159947454990741,-0.0021309705118393116,0.0005256269618828368,0.002805515003972244,0.0047675185069478675,0.006491592079381969,0.008050626924140995
10.5,-0.004547464720464401,-0.0014626164661439168,0.0012350970749680258,0.0035395317624391243,0.0055112399559879705,0.00723339228606684,0.008782046062897387
10.600000000000001,-0.00392869355613969,-0.0007861354372906745,0.0019543886215814474,0.004284819641759183,0.006267406984149872,0.007988554716658597,0.009527522499970735
10.700000000000001,-0.0033046378787556004,-0.0001025532681109935,0.0026824800731778797,0.0050403857336802,0.00703507378431489,0.008756192785049037,0.010286235867302245
10.800000000000002,-0.0026763101788364295,0.0005870924880997438,0.0034183354183719514,0.005805220375159511,0.007813276052150177,0.009535400155097152,0.011057345218998642
10.9,-0.0020447298779905677,0.0012817541158508493,0.004160905576004589,0.006578298396147701,0.00860103205218329,0.010325251620104248,0.011839989727189745
11.000000000000002,-0.0014109216749637818,0.0019803753046537843,0.00490912983376497,0.007358580398209403,0.009397343718584337,0.011124804019546531,0.012633289416512775
11.100000000000001,-0.0007759138831311477,0.002681892732825205,0.005661937310454978,0.008145014062505174,0.010201197789617023,0.011933097192430327,0.013436345936963637
11.200000000000001,-0.00014073676212395317,0.0033852376655391855,0.006418248439935418,0.008936535485596347,0.011011566974638513,0.012749154966564468,0.014248243374792312
11.3,0.0004935791537007544,0.0040893375647414396,0.007176976474747089,0.0097320705414791,0.011827411152485603,0.01357198618298505,0.015068049101055619
11.4,0.0011260047272363544,0.004793117708512418,0.007937029007353621,0.010530536268194297,0.012647678599986275,0.014400585754690087,0.015894814657366075
11.500000000000002,0.001755513888335978,0.005495502817442512,0.008697309506914585,0.011330842277307043,0.013471307249316812,0.015233935758781588,0.016727576678314395
11.600000000000001,0.0023810852985458528,0.00619541868556386,0.009456718869456699,0.012131892184497551,0.014297225972819495,0.01607100656103816,0.017565357849968797
11.700000000000001,0.003001704008161899,0.006891793813366388,0.010214156979276143,0.012932585059451596,0.015124355893863142,0.01691075797188043,0.018407167903789146
11.8,0.0036163631029207596,0.007583561040415136,0.010968524279372097,0.013731816893189395,0.015951611722240164,0.01775214043261733,0.01925200464521736
11.900000000000002,0.004224065337653949,0.00826965917507673,0.011718723348681305,0.014528482080929793,0.01677790311258848,0.01859409623079452,0.02009885501613926
12.0,0.004823824754254566,0.00894903461885822,0.012463660483857787,0.015321474918534594,0.01760213604418209,0.01943556074340786,0.020946696190341143
12.100000000000001,0.0054146682813314,0.009620642982861766,0.013202247283316959,0.01610969111053984,0.018423214220468314,0.020275463706665144,0.02179449670100581
12.200000000000001,0.0059956373129552015,0.010283450693861058,0.013933402231243537,0.01689202928774264,0.01924004048661228,0.021112730510924424,0.022641217599233716
12.300000000000002,0.006565789263935664,0.01093643658751263,0.014656052279246235,0.017667392532267675,0.02005151826328268,0.021946283519366207,0.023485813642486555
12.4,0.007124199099105791,0.011578593486226363,0.015369134423326639,0.018434689908010827,0.020856552994850428,0.022775043408895697,0.024327234511792677
12.500000000000002,0.007669960834132218,0.012208929759233537,0.01607159727382121,0.019192837994319947,0.02165405361014246,0.023597930531708687,0.025164426056474284
12.600000000000001,0.008202189005417308,0.012826470862410348,0.016762402615967134,0.01994076242074447,0.0224429339938014,0.02441386629588984,0.0259963315650833
12.700000000000003,0.00872002010670718,0.013430260855436492,0.01744052695873928,0.020677399400660972,0.02322211446632214,0.025221774563355864,0.02682189306117164
12.8,0.009222613990075512,0.014019363893895031,0.018104963069606225,0.02140169726155602,0.023990523270713385,0.026020583063392493,0.027640052622435466
12.9,0.009709155229010051,0.014592865693949606,0.018754721492855765,0.022112617969728198,0.024747098063782443,0.026809224819983747,0.02844975372172041
13.000000000000002,0.010178854441389943,0.015149874967269307,0.019388832049149096,0.022809138647155957,0.025490787409903553,0.027586639591068884,0.02924994258829196
13.100000000000001,0.010630949570208006,0.01568952482390853,0.020006345313971358,0.02349025307825801,0.026220552275189598,0.02835177531781534,0.030039569587714473
13.200000000000001,0.011064707119959653,0.016210974140891357,0.02060633407266256,0.02415497320427101,0.026935367519878992,0.029103589581934923,0.030817590618615397
13.3,0.011479423346692375,0.01671340889429372,0.02118789474973018,0.0248023306029535,0.02763422338677721,0.029841051069039025,0.03158296852454325
13.400000000000002,0.011874425399785525,0.017196043452666152,0.021750148810165383,0.025431377951325367,0.028316126983509927,0.030563141035956545,0.03233467451906731
13.500000000000002,0.01224907241360752,0.01765812182969183,0.02229224413051248,0.026041190469152115,0.028980103756369505,0.0312688547799187,0.03307168962220159
13.600000000000001,0.012602756547279374,0.01809891889402983,0.022813356337467408,0.02663086734088405,0.029625198953500454,0.03195720310745085,0.033793006106178636
13.700000000000001,0.012934903970857795,0.018517741534353028,0.023312690111815575,0.02719953311376636,0.030250479075115345,0.032627213800789805,0.034497628948538674
13.800000000000002,0.013244975796337741,0.01891392977765167,0.023789480455554207,0.027746339069850922,0.030855033308493682,0.033277933079596665,0.0351845772904433
13.9,0.01353246895196377,0.019286857858940337,0.024242993920086137,0.02827046456964787,0.03143797494541625,0.03390842705570605,0.03585288589807187
14.000000000000002,0.013796916998431656,0.01963593524057383,0.024672529793412334,0.028771118365178882,0.031998442779766836,0.03451778317862076,0.036501606624902386
14.100000000000001,0.014037890885656823,0.019960607579449414,0.02507742124430034,0.02924753988020885,0.03253560248295023,0.03510511166943537,0.03712980987263455
14.200000000000003,0.014254999648880329,0.02026035764044844,0.025457036421454096,0.029699000455464437,0.03304864795483954,0.03566954694084743,0.037736586048465096
14.3,0.014447891042984704,0.020534706154547156,0.025810779505765838,0.030124804556669462,0.03353680264792354,0.03621024900088882,0.03832104701638325
14.400000000000002,0.01461625211398843,0.020783212620107277,0.026138091713787066,0.030524290943265354,0.03399932086236568,0.036726404838003344,0.038882327540112484
14.500000000000002,0.01475980970679475,0.02100547604594043,0.026438452250616674,0.0308968337957183,0.03443548900966349,0.03721722978507596,0.03941958671528765
14.600000000000001,0.014878330908367689,0.021201135634825636,0.026711379210468525,0.03124184379935228,0.03484462684264904,0.03768196886000379,0.0399320093884301
14.700000000000001,0.01497162342561894,0.021369871406246844,0.026956430423247163,0.031558769182696886,0.03522608864956035,0.038119898080410324,0.04041880756024269
14.8,0.015039535897390724,0.021511404757209553,0.027173204245531025,0.03184709670838008,0.03557926440994194,0.038530325750084665,0.04087922177073158
14.900000000000002,0.015081958140030417,0.021625498960085223,0.02736134029443625,0.03210635261464864,0.03590358091018393,0.03891259371474123,0.041312522463631526
15.000000000000002,0.015098821326155469,0.021711959596529645,0.027520520122909828,0.03233610350565727,0.03619850281650169,0.03926607858469072,0.04171801132759442
15.100000000000001,0.015090098096322342,0.02177063492661593,0.027650467835080433,0.03253595718871967,0.03646353370322064,0.03959019292204005,0.042095022611597754
15.200000000000003,0.015055802603414888,0.021801416192421503,0.02775095064037727,0.032705563456779524,0.036698217034262404,0.03988438639003854,0.042442924411997325
15.3,0.014995990489682504,0.02180423785540884,0.027821779345211933,0.032844614814427714,0.03690213709576018,0.040148146862208633,0.04276111992866864
15.400000000000002,0.014910758796463912,0.02177907776703929,0.027862808781105926,0.03295284714585574,0.03707491987780952,0.040381001488935114,0.04304904868766246
15.500000000000002,0.014800245806743755,0.021725957272164195,0.02787393816823549,0.033030040323207444,0.03721623390336663,0.04058251771920346,0.04330618772781036
15.600000000000003,0.014664630820797803,0.021644941244838994,0.027855111413458172,0.03307601875387545,0.03732579100239626,0.040752304275204376,0.04353205274872751
15.700000000000001,0.014504133865288905,0.021536138056311504,0.027806317341980143,0.03309065186535308,0.03740334702943071,0.04089001207759002,0.043726199217663714
15.8,0.014319015336288453,0.0213996994750411,0.027727589861919033,0.0330738545263498,0.037448702522735716,0.04099533511915558,0.04388822343268366
15.900000000000002,0.014109575576799763,0.02123582049871196,0.02761900806111537,0.033025587402949974,0.03746170330337403,0.04106801128483259,0.04401776353967341
16.000000000000004,0.01387615438947138,0.021044739118308637,0.02748069623564782,0.03294585724869348,0.037442241012524274,0.04110782311586586,0.04411450050069675
16.1,0.01361913048528823,0.0208267360144313,0.027312823849606385,0.032834717127541366,0.03739025358547496,0.041114598516154184,0.04417815901126495
16.200000000000003,0.013338920869137898,0.020582134186133024,0.027115605425784166,0.03269226656878382,0.037305725660807115,0.041088211398760156,0.04420850836411923
16.300000000000004,0.01303598016324627,0.020311298512670158,0.026889300367051255,0.03251865165304954,0.037188688923347285,0.041028582270679285,0.04420536325716529
16.4,0.012710799869582266,0.02001463524866245,0.026634212708281736,0.03231406502866664,0.037039222379580614,0.040935678754023645,0.044168584543255666
16.5,0.012363907572427155,0.01969259145326732,0.026350690798810132,0.03207874585773422,0.03685745256427943,0.04080951604183476,0.044098079919564326
16.6,0.011995866082402717,0.019345654354077774,0.02603912691550537,0.03181297969136258,0.036643553677215696,0.040650157286852305,0.04399380455436086
16.700000000000003,0.011607272523347072,0.018974350646559352,0.025699956806654857,0.031517098273647084,0.036397747648898304,0.04045771392160617,0.043855761649058446
16.8,0.011198757363518948,0.018579245729945345,0.025333659166963653,0.03119147927405012,0.036120304134426545,0.04023234590832971,0.04368400293347515
16.900000000000002,0.010770983392703538,0.018160942880613925,0.02494075504408396,0.030836545947974827,0.03581154043458108,0.03997426191724486,0.04347862909232966
17.000000000000004,0.01032464464687834,0.01772008236407278,0.02452180717719768,0.03045276672542292,0.03547182134344733,0.03968371943189851,0.04323979012107562
17.1,0.009860465282183751,0.017257340486776,0.024077419268288186,0.030040654727746783,0.03510155892194115,0.03936102478031175,0.04296768560925444
17.2,0.009379198400026222,0.016773428589101257,0.023608235186844913,0.029600767212615845,0.03470121219672585,0.039006533090809876,0.04266256494965706
17.3,0.008881624825219245,0.016269091980908625,0.02311493810885698,0.029133704947436802,0.03427128678412178,0.038620648171518585,0.042324727471661744
17.400000000000002,0.008368551839144613,0.015745108821200577,0.02259824959105869,0.02864011151158054,0.033812334438744,0.03820382231261942,0.041954522497239605
17.500000000000004,0.007840811869990322,0.015202288943496688,0.02205892858150068,0.028120672527886918,0.03332495252668774,0.03775655601056279,0.04155234931820577
17.6,0.0072992611421886025,0.014641472628626775,0.021497770367627685,0.027576114824040734,0.03280978342325576,0.037279397613585834,0.04111865709342694
17.700000000000003,0.006744778287246657,0.014063529326736348,0.02091560546315071,0.027007205524520673,0.032267513835286823,0.0367729428879734,0.04065394466479521
17.800000000000004,0.006178262918222696,0.013469356330385159,0.020313298435107395,0.026414751073956428,0.031698874048319836,0.036237834504647105,0.040158760290920255
17.9,0.005600634170161656,0.012859877400702845,0.019691746672609076,0.02579959619283442,0.031104637098923683,0.035674761445792263,0.03963370129760027
18.0,0.005012829208856876,0.012236041348648266,0.019051879098874902,0.025162622766619094,0.03048561787267017,0.035084458331369583,0.03907941364427876
18.1,0.004415801710358439,0.011598820573496291,0.018394654828256446,0.024504748669472515,0.029842672128343784,0.034467704665482046,0.03849659140582024
18.200000000000003,0.003810520313694714,0.010949209560751662,0.017721061770053163,0.023826926523875695,0.029176695449131495,0.03382532400272473,0.0378859761690879
18.3,0.00319796704931731,0.010288223341762631,0.01703211518101757,0.023130142397568578,0.028488622121636362,0.033158183034765996,0.03724835634393947
18.400000000000002,0.0025791357458192117,0.009616895917373115,0.016328856168544306,0.02241541443934336,0.027779423943737887,0.032467190597570285,0.03658456638841928
18.500000000000004,0.0019550304175113935,0.008936278648021503,0.015612350146628437,0.02168379145534338,0.027050108962391285,0.031753296599803436,0.0358954859480621
18.600000000000005,0.0013266636354736135,0.00824743861275148,0.014883685246768507,0.020936351427628334,0.02630172014267113,0.031017490873116595,0.03518203890939486
18.7,0.0006950548847224625,0.007551456939662467,0.014143970686077813,0.020174199976885885,0.025535333969415635,0.030260801945147943,0.03444519236786563
18.8,6.122891016197007e-05,0.0068494271103778995,0.01339433509495082,0.019398468771272506,0.024752058983013542,0.02948429573623544,0.03368595551060454
18.900000000000002,-0.0005737859459997233,0.006142453241163085,0.01263592480671112,0.01861031388348056,0.023953034250994387,0.028689074180982224,0.032905378414576275
19.000000000000004,-0.0012089594126698713,0.0054316483433676545,0.01186990211174903,0.017810914098232898,0.023139427777206813,0.027876273775961732,0.03210455076085489
19.1,-0.0018432609614203437,0.0047181325659126985,0.011097443478725459,0.017001469172507614,0.022312434850503087,0.02704706405501494,0.03128460046591988
19.200000000000003,-0.002475661478454157,0.004003031422578251,0.010319737745495503,0.016183198050903316,0.021473276334975745,0.02620264599372888,0.030446692231038606
19.300000000000004,-0.003105134934277054,0.003287474006882264,0.009537984282466336,0.015357337038643608,0.020623196903929112,0.02534425034484436,0.02959202601098453
19.400000000000002,-0.003730660048364795,0.0025725911973702234,0.008753391131171717,0.014525137934825974,0.0197634632198635,0.024473135906491153,0.028721835403495138
19.5,-0.004351221946125805,0.0018595138561614231,0.007967173120901066,0.013687866128602816,0.01889536206292314,0.023590587725301586,0.027837385961066854
19.6,-0.004965813805470285,0.001149371023615342,0.007180549966277974,0.012846798661076634,0.01802019841031865,0.022697915236598566,0.02693997342684712
19.700000000000003,-0.005573438490314945,0.00044328811200153306,0.0063947443487323685,0.01200322225577331,0.017139293469410732,0.021796450343995154,0.026030921896560838
19.8,-0.006173110168372634,-0.0002576148989361128,0.005610979984857023,0.0111584313206409,0.016253982667199986,0.020887545440913022,0.0251115819085888
19.900000000000002,-0.006763855910602383,-0.0009522252616202646,0.004830479684681132,0.010313725924596003,0.015365613599135946,0.019972571376642843,0.02418332846448135
20.000000000000004,-0.007344717269724585,-0.0016394392525848414,0.00405446340292972,0.009470409751712344,0.01447554394022333,0.01905291536972254,0.023247558982370357
20.100000000000005,-0.007914751835240687,-0.0023181639538248713,0.0032841462863708454,0.008629788036219128,0.013585139321521389,0.018129978871564437,0.022305691185913367
20.2,-0.008473034762434065,-0.002987319020659329,0.002520736720378952,0.007793165481533783,0.012695771175238558,0.01720517538336474,0.021359160931575003
20.3,-0.009018660272871556,-0.0036458384332270274,0.0017654343778661045,0.006961844166616469,0.011808814551726443,0.016279928229496643,0.020409419977211272
20.400000000000002,-0.009550743123971181,-0.004292672228752903,0.0010194282737495796,0.006137121442989519,0.010925645911732243,0.015355668290690702,0.019457933695105598
20.500000000000004,-0.010068420045251762,-0.0049267882117423195,0.0002838948281367378,0.0053202878258089056,0.010047640897417501,0.014433831700450187,0.018506178732747635
20.6,-0.010570851138934247,-0.005547173639287757,-0.00044000405858407934,0.004512624882423103,0.009176172085662525,0.0135158575082586,0.017555640624823187
20.700000000000003,-0.01105722124262223,-0.006152836878702791,-0.0011511229155571363,0.0037154031218909773,0.008312606727314275,0.0126031853132556,0.016607811360028733
20.800000000000004,-0.011526741251850905,-0.006742809034733327,-0.0018483345929895308,0.0029298798889630107,0.007458304476074483,0.011697252872174378,0.01566418690648275
20.900000000000002,-0.011978649400358813,-0.00731614554363641,-0.0025305321322207346,0.0021572972660590124,0.006614615110783265,0.010799493685433958,0.014726264699648921
21.0,-0.012412212496004901,-0.007871927731461007,-0.0031966306111661322,0.0013988799867940445,0.005782876254948206,0.009911334565378445,0.013795541096832738
21.1,-0.012826727110326069,-0.008409264333914257,-0.0038455689619897263,0.0006558333646236418,0.004964411097387203,0.009034193190760527,0.012873508802447468
21.200000000000003,-0.013221520719804963,-0.00892729297525039,-0.004476311757885745,-7.065875981482166e-05,0.00416052611791962,0.008169475651644066,0.011961654268380435
21.3,-0.013595952796996425,-0.009425181603676695,-0.005087850965878281,-0.0007794360490822883,0.0033725088220807747,0.007318573988989073,0.011061455073912516
21.400000000000002,-0.013949415849742491,-0.009902129880833695,-0.005679207662584179,-0.0014693636734600685,0.0026016254888597025,0.006482863733253691,0.010174377289765002
21.500000000000004,-0.014281336406789589,-0.01035737052297263,-0.00624943370992494,-0.002139334286043817,0.0018491189355000007,0.005663701446424868,0.009301872830960508
21.600000000000005,-0.014591175948209117,-0.010790170591523611,-0.006797613387819331,-0.0027882699648543252,0.0011162063034189686,0.0048624222719331235,0.008445376803287618
21.7,-0.014878431779111627,-0.011199832730823037,-0.007322864980940314,-0.00341512411843226,0.000404076869306956,0.004080337496985151,0.007606304848255433
21.8,-0.015142637845237259,-0.011585696350846345,-0.00782434231667627,-0.0040188833514104814,-0.00028611011451119654,0.003318732131865707,0.006786050491518903
21.900000000000002,-0.015390884602486865,-0.011958603621686919,-0.008316482150217464,-0.0046171878295482565,-0.0009747198561019339,0.0025549747338676765,0.0059601090700581215
22.000000000000004,-0.015617227175817669,-0.01230848334228591,-0.008784124440350536,-0.00518937177456055,-0.001635587765310453,0.0018204907737658718,0.005164848871979156
22.1,-0.015814411909393474,-0.012624670917179436,-0.009213345171544613,-0.005718608746321406,-0.002249415947819291,0.001136638708543681,0.004423337818230553
22.200000000000003,-0.01598340116799516,-0.012908711133927912,-0.009606239727567476,-0.0062074762926972405,-0.002819183207775599,0.0005001147609374999,0.0037320116796514527
22.300000000000004,-0.016125019707717576,-0.013161991355711859,-0.009964725169972748,-0.006658353556908526,-0.00334765181295094,-9.215250333419363e-05,0.003087552140151853
22.400000000000002,-0.016239958701211244,-0.013385748376797466,-0.010290549764433502,-0.007073433133825889,-0.0038373812789699183,-0.0006430175100481193,0.0024868702295684037
22.5,-0.016328779110966935,-0.013581074538216182,-0.010585301671354401,-0.007454731995900508,-0.00429074113595872,-0.0011551319160787114,0.0019270909186962296
22.6,-0.016391914427106434,-0.013748923134205346,-0.010850416844643693,-0.00780410154429413,-0.004709922742916742,-0.0016309578273188217,0.0014055387969426182
22.700000000000003,-0.016429672783041402,-0.01389011313646268,-0.01108718617857528,-0.008123236836353352,-0.005096950210225268,-0.002072780062826591,0.0009197247587057313
22.8,-0.01644223845932579,-0.014005333259909533,-0.011296761938924151,-0.008413685036411761,-0.005453690486159598,-0.0024827175281703865,0.0004673336298513832
22.900000000000002,-0.0164296727830415,-0.014095145390420234,-0.011480163510998221,-0.00867685313299046,-0.005781862659006423,-0.0028627337563511693,4.621267056139928e-05
23.000000000000004,-0.016391914427106632,-0.014159987391841584,-0.011638282493797473,-0.008914014961777073,-0.006083046522378212,-0.0032146466703851444,-0.00034563910460862646
23.100000000000005,-0.01632877911096723,-0.014200175306581936,-0.011771887166290103,-0.009126317570277306,-0.00635869044758601,-0.0035401376176317687,-0.0007100808443790529
23.200000000000003,-0.01623995870121164,-0.014215904961078517,-0.011881626348689757,-0.009314786956735637,-0.006610118603399173,-0.003840759722205586,-0.0010488390670605305
23.3,-0.016125019707718076,-0.014207252984540219,-0.011968032678631464,-0.009480333212794886,-0.006838537560233414,-0.004117945598318692,-0.0013635162028070606
23.400000000000002,-0.015983401167995764,-0.014174177246496404,-0.012031525319262435,-0.009623755096391316,-0.007045042312681127,-0.0043730144641326765,-0.0016555985156462534
23.500000000000004,-0.015814411909394185,-0.014116516715846796,-0.012072412113472805,-0.00974574405854971,-0.00723062175138313,-0.004607178692632447,-0.0019264634459220816
23.6,-0.015617227175818489,-0.01403399074128888,-0.01209089119577697,-0.009846887745035988,-0.007396163612458588,-0.004821549833175916,-0.002177386410802162
23.700000000000003,-0.015390884602487805,-0.013926197750184196,-0.012087052070705184,-0.009927672991229545,-0.007542458930108642,-0.005017144134677853,-0.0024095470977102624
23.800000000000004,-0.015142637845238316,-0.013797124372831527,-0.012062020902819524,-0.009986900347886737,-0.007666510047665678,-0.005189612350257091,-0.0026175951634807657
23.900000000000006,-0.014878431779112803,-0.01364999752986426,-0.012017840564835272,-0.010026758677582228,-0.0077716261942920965,-0.005344024241424191,-0.002808761390625839
24.0,-0.014591175948210402,-0.013481303956446556,-0.01195410972760405,-0.010049355341791261,-0.007861833664211344,-0.005485829014171452,-0.00298953107809921
24.1,-0.014281336406790999,-0.013291320482269553,-0.011870934665631794,-0.010054651931757252,-0.00793697574939525,-0.0056147746871925645,-0.003159575639588746
24.200000000000003,-0.013949415849744013,-0.013080359109245786,-0.01176845428084537,-0.01004263943234375,-0.007996921543649393,-0.005730631328213337,-0.0033185847015170947
24.3,-0.01359595279699807,-0.012848766551922975,-0.011646839966502771,-0.010013338365436577,-0.008041566320594705,-0.005833191626718391,-0.003466266837093227
24.400000000000002,-0.013221520719806725,-0.01259692371981154,-0.011506295415810422,-0.009966798882908343,-0.00807083186748505,-0.005922271429790328,-0.003602350271559575
24.500000000000004,-0.012826727110327962,-0.012325245142322416,-0.011347056375279578,-0.009903100808592587,-0.008084666773808275,-0.005997710239588355,-0.0037265835568156503
24.600000000000005,-0.012412212496006905,-0.012034178337108941,-0.011169390342948338,-0.009822353628800969,-0.008083046673691927,-0.006059371671047965,-0.0038387362136306624
24.700000000000003,-0.011978649400360931,-0.01172420312270273,-0.010973596211691207,-0.009724696431004426,-0.008065974441208108,-0.0061071438684446614,-0.003938599339699245
24.8,-0.011526741251853158,-0.011395830876428871,-0.010760003857933468,-0.009610297790389018,-0.008033480337751728,-0.006140939879524715,-0.004025986181835688
24.900000000000002,-0.0110572212426246,-0.011049603738678991,-0.010528973676183457,-0.009479355604087922,-0.00798562211074646,-0.006160697985974067,-0.0041007326706514425
25.000000000000004,-0.010570851138936722,-0.010686093764714244,-0.010280896059891595,-0.009332096872983225,-0.007922485043016346,-0.006166381989065639,-0.004162697916112381
25.1,-0.010068420045254347,-0.010305902025259855,-0.010016190829240339,-0.00916877743106509,-0.007844181952247415,-0.006157981449399376,-0.004211764662429517
25.200000000000003,-0.009550743123973872,-0.009909657657243108,-0.00973530660656477,-0.008989681622429748,-0.007750853140050277,-0.0061355118797258605,-0.004247839700798298
25.300000000000004,-0.009018660272874353,-0.009498016866113117,-0.00943872014019795,-0.008795121926093627,-0.007642666290226929,-0.0060990148899250285,-0.004270854238567483
25.400000000000006,-0.00847303476243699,-0.009071661881266171,-0.00912693557762936,-0.008585438528896983,-0.007519816315936068,-0.006048558283294772,-0.004280764223488469
25.5,-0.007914751835243712,-0.0086312998661833,-0.008800483688958038,-0.008360998846866667,-0.007382525155545248,-0.005984236103391157,-0.0042775506217708065
25.6,-0.007344717269727708,-0.008177661784967503,-0.008459921041713869,-0.008122196995504753,-0.007231041517055292,-0.005906168630751374,-0.004261219648747943
25.700000000000003,-0.006763855910605616,-0.007711501227045621,-0.008105829128211972,-0.007869453209567424,-0.007065640571077672,-0.005814502328922858,-0.004231802951040141
25.8,-0.006173110168375989,-0.007233593191875983,-0.0077388134466943,-0.007603213212994685,-0.0068866235924480304,-0.005709409739317817,-0.004189357739188045
25.900000000000002,-0.0055734384903183675,-0.006744732835575109,-0.007359502537600992,-0.0073239475397490605,-0.006694317550651973,-0.005591089324509411,-0.004133966869821239
26.000000000000004,-0.0049658138054738,-0.00624573418144643,-0.006968546976400386,-0.007032150806418108,-0.006489074649351231,-0.005459765259686096,-0.004065738876520095
26.100000000000005,-0.004351221946129403,-0.005737428796461325,-0.006566618324490976,-0.006728340937530753,-0.006271271815385603,-0.005315687172082639,-0.003984807948627346
26.200000000000003,-0.003730660048368509,-0.005220664435805414,-0.006154408039771447,-0.006413058344633764,-0.006041310137743599,-0.0051591298283118064,-0.0038913338573671845
26.3,-0.0031051349342808565,-0.004696303657663882,-0.005732626348554937,-0.006086865060268513,-0.0057996142570845505,-0.004990392769624407,-0.0037855018287339935
26.400000000000002,-0.002475661478458062,-0.004165222410476397,-0.005302001080581957,-0.005750343828080966,-0.005546631706505806,-0.004809799895234966,-0.003667522362720971
26.500000000000004,-0.0018432609614243284,-0.0036283085949448644,-0.004863276468961624,-0.0054040971503904675,-0.005282832204349185,-0.004617698993960147,-0.0035376309985690408
26.6,-0.0012089594126739288,-0.0030864606031281647,-0.004417211916943872,-0.005048746294632537,-0.005008706899941732,-0.004414461224523207,-0.0033960880258301213
26.700000000000003,-0.0005737859460038831,-0.002540585837002368,-0.003964580733495215,-0.004684930260180629,-0.004724767573271763,-0.004200480544993958,-0.003243178141154352
26.800000000000004,6.122891015774776e-05,-0.001991599208908691,-0.003506168839717662,-0.0043133047071365095,-0.004431545789697637,-0.0039761730919442104,-0.0030792100508290022
26.900000000000006,0.0006950548847181777,-0.0014404216263482327,-0.003042773448214334,-0.0039345408487668244,-0.00412959201089785,-0.0037419765100066534,-0.002904516019217072
27.000000000000004,0.0013266636354692801,-0.000887978463617994,-0.002575201717565931,-0.0035493243093419422,-0.0038194746633519686,-0.0034983492326472122,-0.002719451363365138
27.1,0.001955030417506956,-0.00033519802281203014,-0.0021042693841395853,-0.0031583539492167426,-0.003501779165761475,-0.0032457697150632416,-0.002524393894173382
27.200000000000003,0.0025791357458147014,0.00021699001326194386,-0.0016307993735054267,-0.002762340659068355,-0.0031771069169068133,-0.002984735620240958,-0.002319743304646266
27.3,0.0031979670493127443,0.0007676561336786361,-0.001155620393785908,-0.0023620061252798176,-0.0028460742455214414,-0.002715762959312777,-0.0021059205058664506
27.400000000000002,0.0038105203136901064,0.0013158725549138623,-0.0006795655133099536,-0.001958081568533542,-0.0025093113238826787,-0.0024393851874678655,-0.0018833669114624529
27.500000000000004,0.0044158017103536895,0.0018607147766834566,-0.00020347072498600946,-0.0015513064577416455,-0.0021674610468806494,-0.0021561522567806754,-0.0016525436714671495
27.600000000000005,0.00501282920885214,0.0024012631354896515,0.00027182650015358627,-0.0011424272015104955,-0.0018211778784422619,-0.0018666296274294633,-0.0014139308565893289
27.700000000000003,0.005600634170156878,0.0029366043532592506,0.0007454886677494988,-0.0007321958193947306,-0.001471126667246525,-0.0015713972388870009,-0.0011680265940514803
27.8,0.006178262918217853,0.0034658330784562603,0.001216679720736514,-0.0003213685952557395,-0.0011179814337784555,-0.0012710484427676198,-0.0009153461562680034
27.900000000000002,0.006744778287241723,0.003988053417056114,0.0016845665032454542,8.929528490691889e-05,-0.0007624241308241218,-0.0009661888991231785,-0.0006564210037680878
28.000000000000004,0.0072992611421836655,0.004502380450778869,0.0021483202252216577,0.0004990351082325463,-0.00040514337959965483,-0.0006574354380787838,-0.0003917977838906912
28.1,0.007840811869985344,0.005007941739989044,0.002607117925177444,0.0009070900209202128,-4.6833183781229415e-05,-0.0003454148887973808,-0.0001220372869003266
28.200000000000003,0.0083685518391396,0.005503878808689511,0.003060143928484369,0.0013127004222861643,0.0003118083762397566,-3.076287786339671e-05,0.00015228663870403558
28.300000000000004,0.008881624825214148,0.0059893486090583994,0.0035065912986027604,0.0017151093644149993,0.0006700804664655086,0.00028587740073874636,0.00043058820979548825
28.400000000000006,0.009379198400021174,0.006463524963003231,0.00394566327864229,0.002113563954826689,0.0010272808373220262,0.0006038564417800759,0.0007122708691341987
28.500000000000004,0.009860465282178599,0.0069255999782386925,0.004376574720648648,0.0025073167595551036,0.0013827071740751835,0.0009225197087232052,0.0009967284806692272
28.6,0.01032464464687316,0.007374785436428284,0.004798553500017682,0.0028956272040077686,0.0017356584570752571,0.0012412089349988125,0.0012833465573932083
28.700000000000003,0.01077098339269831,0.007810314150970221,0.005210841912448234,0.003277762968962185,0.0020854363292081464,0.001559263444113306,0.0015715035194095199
28.800000000000004,0.011198757363513698,0.008231441292051733,0.005612698050860969,0.0036530013790331915,0.002431346467887816,0.0018760214859956294,0.0018605719797679778
28.900000000000002,0.011607272523341771,0.008637445676642777,0.006003397159730363,0.004020630780945781,0.00277269995889658,0.0021908215869252973,0.0021499200555223346
29.000000000000004,0.011995866082397492,0.009027631021153237,0.006382232964301552,0.004379951908935002,0.003108814669334662,0.0025030039103272547,0.002438912701371595
29.100000000000005,0.012363907572421853,0.009401327154533172,0.006748518972194089,0.004730279234603606,0.0034390166169180735,0.0028119116256470483,0.0027269130631512005
29.200000000000003,0.012710799869576912,0.009757891189655747,0.007101589744928369,0.005070942298569168,0.003762641332843087,0.0031168922824762572,0.0030132838483594533
29.3,0.013035980163240972,0.010096708650886504,0.007440802136949963,0.005401287021248792,0.004079035215411756,0.003417299187051028,0.0032973887108184675
29.400000000000002,0.013338920869132569,0.010417194555810728,0.007765536499770352,0.005720676990140578,0.004387556871612845,0.003712492778192822,0.0035785936464985567
29.500000000000004,0.01361913048528297,0.010718794449161202,0.008075197848892093,0.0060284947209917165,0.004687578443826324,0.0040018419997414,0.0038562683974623967
29.6,0.013876154389466013,0.011000985387065041,0.008369216991237558,0.0063241428902623895,0.004978486918846501,0.004284725666482506,0.004129787860824575
29.700000000000003,0.014109575576794504,0.011263276869805366,0.008647051610860186,0.006607045536333508,0.0052596854164067945,0.004560533820564372,0.0043985334995638335
29.800000000000004,0.01431901533628313,0.011505211721377303,0.008908187310776744,0.006876649226942387,0.005530594454396194,0.004828669075367706,0.004661894751976385
29.900000000000002,0.014504133865283646,0.011726366914200963,0.009152138608828077,0.007132424190374766,0.0057906531880007744,0.005088547943789892,0.004919270436515302
30.000000000000004,0.014664630820792526,0.01192635433744442,0.00937844988554339,0.007373865407989514,0.006039320619993013,0.00533960214790043,0.005170070148725773
30.1,0.014800245806738586,0.012104821507499471,0.009586696282061396,0.007600493665709061,0.0062760767794631765,0.0055812799069208385,0.00541371564695702
30.200000000000003,0.014910758796458722,0.012261452219247695,0.009776484546237434,0.007811856562164821,0.0065004238662716395,0.005813047200500326,0.00564964222351027
30.300000000000004,0.014995990489677376,0.012395967136851479,0.009947453825150948,0.008007529471254465,0.00671188735860428,0.006034389004271803,0.005877300057871828
30.400000000000006,0.015055802603409864,0.01250812432290348,0.010099276402312991,0.008187116456936101,0.006910017081004527,0.00624481049469343,0.006096155548672257
30.5,0.01509009809631736,0.012597719704869881,0.010231658377964964,0.008350251138157367,0.0070943882303466325,0.006443838220219687,0.006305692621017377
30.6,0.015098821326150466,0.012664587477867119,0.010344340290953156,0.00849659750190319,0.0072646023572732876,0.006631021235875537,0.006505414005848475
30.700000000000003,0.015081958140025373,0.012708600442916992,0.010437097680762094,0.008625850662420099,0.00742028830065708,0.0068059321983617044,0.006694842488008464
30.800000000000004,0.01503953589738579,0.012729670279934165,0.01050974158838919,0.008737737564776128,0.007561103072767042,0.006968168418865616,0.006873522119719837
30.900000000000002,0.014971623425613964,0.012727747754807527,0.010562118994849089,0.008832017630998088,0.007686732692857672,0.007117352870815033,0.007041019396214745
31.000000000000004,0.014878330908362887,0.01270282286005098,0.010594113196201524,0.008908483347132564,0.007796892966998568,0.0072531351498795246,0.0071969243903088455
31.100000000000005,0.014759809706789959,0.012654924888608154,0.010605644114106678,0.008966960789677528,0.007891330212069322,0.007375192383597526,0.00734085184275604
31.200000000000006,0.014616252113983728,0.012584122440511766,0.010596668541025334,0.009007310089937048,0.00796982192190539,0.007483230088094404,0.007472442205295822
31.3,0.014447891042980006,0.012490523362211268,0.010567180319294224,0.009029425834963085,0.008032177373713562,0.007576982969434072,0.0075913626333645534
31.400000000000002,0.014254999648875742,0.012374274618498615,0.010517210453425805,0.009033237403860587,0.008078238172973783,0.007656215667257231,0.007697307925532057
31.500000000000004,0.01403789088565224,0.012235562097076439,0.010446827155099753,0.009018709238352109,0.008107878735142966,0.007720723438449871,0.007790001406809675
31.6,0.013796916998427125,0.012074610345930867,0.010356135820434079,0.008985841046618977,0.00812100670261243,0.007770332778703766,0.007869195753073176
31.700000000000003,0.013532468951959281,0.011891682243784854,0.010245278939247525,0.008934667939555718,0.00811756329547568,0.007804901979937795,0.00793467375395299
31.800000000000004,0.013244975796333321,0.011687078604027738,0.01011443593614769,0.008865260498709365,0.008097523594813746,0.00782432162168212,0.00798624901165641
31.900000000000006,0.012934903970853402,0.011461137712628633,0.009963822943404537,0.00877772477529816,0.008060896757299475,0.007828514994648091,0.008023766573308288
32.00000000000001,0.01260275654727501,0.011214234800659969,0.009793692505695827,0.008672202219839036,0.008007726160093414,0.00781743845483917,0.008047103494533237
32.1,0.012249072413603273,0.010946781452170862,0.009604333216936546,0.008548869542050634,0.007938089475128293,0.007791081706710114,0.008056169332131376
32.2,0.01187442539978141,0.010659224948264292,0.009396069289532712,0.00840793850082832,0.007852098672003927,0.007749468014015349,0.00805090656385652
32.300000000000004,0.011479423346688288,0.010352047548344963,0.009169260056526242,0.008249655624233368,0.007749899948905289,0.007692654337142214,0.008031290933450449
32.400000000000006,0.011064707119955677,0.010025765709616632,0.008924299407226869,0.00807430185957412,0.007631673591048133,0.007620731395888194,0.007997331719253431
32.50000000000001,0.010630949570204065,0.009680929246017857,0.008661615157051999,0.007882192153796382,0.007497633756358819,0.0075338236567877356,0.0079490719248758
32.60000000000001,0.010178854441386033,0.009318120427893484,0.008381668352424316,0.007673674964547728,0.007348028188226972,0.007432089244273776,0.007886588390590664
32.7,0.009709155229006235,0.00893795302380623,0.008084952511701554,0.007449131702417289,0.00718313785531275,0.007315719775116518,0.007809991824286968
32.8,0.00922261399007179,0.008541071285997712,0.0077719928032393675,0.007208976104997621,0.00700327651858107,0.007184940115766231,0.007719426751010048
32.9,0.00872002010670352,0.008128148881109225,0.0074433451618099635,0.0069536535435588236,0.006808790225874786,0.007040008062389873,0.007615071380304276
33.0,0.008202189005413703,0.007699887767875398,0.007099595344724376,0.0066836402632675825,0.0066000567344916515,0.006881213943581422,0.007497137390774697
33.1,0.007669960834128693,0.007257017023597871,0.006741357929124848,0.006399442558022689,0.006377484862422832,0.006708880145903652,0.00736586963147924
33.2,0.007124199099102342,0.006800291621304282,0.006369275252033761,0.006101595881125688,0.0061415137690369725,0.006523360562597516,0.007221545739971926
33.300000000000004,0.00656578926393233,0.006330491159586383,0.005984016294861517,0.005790663893140081,0.0058926121661904505,0.006325039965990336,0.007064475677025675
33.400000000000006,0.005995637312951947,0.005848418547201962,0.00558627551419061,0.005467237448433309,0.005631277460869034,0.006114333304312776,0.006895001178273783
33.50000000000001,0.00541466828132816,0.005354898644609526,0.005176771620764768,0.005131933522034568,0.005358034830674607,0.005891684923826598,0.006713495123224098
33.6,0.004823824754251426,0.004850776864686046,0.004756246308719696,0.004785394078571047,0.005073436233588061,0.005657567717349064,0.00652036082231685
33.7,0.004224065337650899,0.004336917734957688,0.004325462937199204,0.004428284885184219,0.004778059353626971,0.005412482200452618,0.006316031222916117
33.800000000000004,0.003616363102917807,0.0038142034237460855,0.0038852051666010985,0.004061294270453368,0.004472506484153703,0.00515695551680055,0.006100968035340535
33.900000000000006,0.0030017040081590264,0.003283532232704202,0.0034362755517972476,0.0036851318314801325,0.004157403350779309,0.004891540374271685,0.005875660780262121
34.00000000000001,0.002381085298543032,0.0027458170582822204,0.0029794940947660466,0.0033005270914152583,0.0038333978759087905,0.0046168139137022345,0.005640625759019997
34.10000000000001,0.0017555138883332162,0.0022019838247253343,0.00251569675916735,0.002908228109824487,0.003501158887181846,0.004333376512269829,0.005396404948613221
34.2,0.0011260047272337002,0.001652969891264379,0.0020457339494759797,0.002509000048409423,0.003161374772162953,0.004041850523711971,0.005143564823356512
34.3,0.0004935791536981905,0.0010997224362120674,0.0015704689573721748,0.002103623694711093,0.0028147520818104354,0.0037428789577513086,0.00488269510539677
34.4,-0.0001407367621264581,0.000543196820728082,0.001090776378166217,0.001692893946528759,0.002462014085370317,0.0034371241012865466,0.0046144074465002015
34.5,-0.0007759138831335867,-1.5645064940830386e-05,0.0006075405001055596,0.001277618259895372,0.002103899279493811,0.0031252660840550613,0.004339334043731544
34.6,-0.0014109216749661375,-0.0005758364698993917,0.0001216536694822936,0.0008586150635414517,0.0017411598544962922,0.002808001391661718,0.004058126191849765
34.7,-0.0020447298779928003,-0.0011364074628404386,-0.0003659853654788617,0.00043671214287939464,0.0013745601208064243,0.002486041329012584,0.0037714527754506245
34.800000000000004,-0.00267631017883857,-0.001696386621169334,-0.000854473128914594,1.2744996621781926e-05,0.001004874898764276,0.002160110437359905,0.0034799987040759475
34.900000000000006,-0.0033046378787576387,-0.002254802726081086,-0.0013429031067087455,-0.00041244483076700866,0.0006328878750578998,0.001830944868301123,0.0031844632937073425
35.00000000000001,-0.003928693556141649,-0.0028106864606360134,-0.0018303674478337816,-0.0008380114375145919,0.00025938992917975273,0.001499290718232741,0.0028855585982405004
35.1,-0.004547464720466245,-0.0033630721078644933,-0.0023159586744702643,-0.0012631062705343466,-0.00011482256661074497,0.001165902326881827,0.002584007694717644
35.2,-0.005159947454992495,-0.0039109992459232315,-0.0027987713976922735,-0.0016868798455662477,-0.0004889494702313979,0.0008315405436798602,0.002280542926263204
35.300000000000004,-0.005765148045557526,-0.004453514437320269,-0.003277904035477305,-0.0021084834779996463,-0.0008621886119617563,0.0004969709658551929,0.0019759041068298823
35.400000000000006,-0.006362084592812517,-0.004989672909227803,-0.003752460529776073,-0.0025270710208684186,-0.0012337375521212597,0.00016296215223872944,0.0016708366920171252
35.50000000000001,-0.006949788605291685,-0.005518540221908286,-0.004221552059361354,-0.002941800606460796,-0.0016027953504149269,-0.00016971618311624036,0.0013660899203651643
35.60000000000001,-0.007527306570727954,-0.006039193922290938,-0.00468429874516358,-0.003351836387955667,-0.0019685643430709734,-0.0005002949933077183,0.0010624149296640083
35.70000000000001,-0.008112063481805945,-0.006567313066348749,-0.0051546077113291565,-0.0037694759274451966,-0.0023419919486144317,-0.0008386487855796378,0.0007507578373048048
35.8,-0.008675084525397326,-0.0070763158414565075,-0.005608393744480012,-0.004172923082173934,-0.00270318690897256,-0.0011663552550861996,0.0004484883095892374
35.9,-0.00920012235707263,-0.007551467389815283,-0.0060324761431491325,-0.0045504178198913555,-0.0030415823558605608,-0.0014737916921972556,0.0001645151580771994
36.0,-0.009689739436453747,-0.007995022372839666,-0.006428805389977571,-0.004903637966870515,-0.003358627700712731,-0.0017622237954630455,-0.00010228262687370353
36.1,-0.010146325351338725,-0.008409085054702755,-0.006799203488437641,-0.005234152343553105,-0.0036556795762330277,-0.0020328375101404056,-0.00035295657542333547
36.2,-0.010572108480141864,-0.008795619349440759,-0.0071453724518420626,-0.005543427880505426,-0.003934007814977443,-0.002286744097452254,-0.0005884930918295308
36.300000000000004,-0.010969166867547606,-0.009156458195877206,-0.0074689022297464635,-0.005832836267644208,-0.004194801040156913,-0.002524984878911078,-0.0008098175323561774
36.400000000000006,-0.011339438366456941,-0.009493312305403465,-0.007771278109143919,-0.006103660167487099,-0.004439171893991534,-0.002748535676698786,-0.0010177980251387794
36.50000000000001,-0.011684730095724623,-0.009807778324630177,-0.00805388762535618,-0.0063570990211448426,-0.00466816192724394,-0.002958310969738094,-0.001213249048501625
36.6,-0.012006727259845718,-0.010101346452105281,-0.008318027015199818,-0.006594274473873271,-0.004882746172041235,-0.00315516778380585,-0.0013969347831548377
36.7,-0.012307001373636167,-0.01037540754566503,-0.00856490724283458,-0.006816235445228762,-0.005083837418624152,-0.003339909332845399,-0.0015695722527027294
36.800000000000004,-0.012587017932048274,-0.010631259754531509,-0.008795659626674834,-0.007023962867215079,-0.005272290215313264,-0.0035132884275232957,-0.0017318342659684832
36.900000000000006,-0.012848143562553593,-0.010870114707982124,-0.009011341093854765,-0.007218374112262293,-0.005448904609725313,-0.003676010666026861,-0.0018843521737669368
37.00000000000001,-0.013091652695000879,-0.011093103290282284,-0.009212939086973432,-0.007400327131436784,-0.0056144296480748965,-0.0038287374211315563,-0.002027718451946304
37.10000000000001,-0.013318733781501207,-0.011301281029581337,-0.009401376146199352,-0.007570624321932023,-0.005769566648314149,-0.003972088636650438,-0.0021624891217578643
37.20000000000001,-0.013530495096696793,-0.011495633126614658,-0.009577514188277972,-0.007730016141632688,-0.005914972261809096,-0.004106645445530103,-0.0022891860179028852
37.300000000000004,-0.013727970146721708,-0.011677079147322144,-0.00974215850255121,-0.007879204487369541,-0.006051261337313237,-0.0042329526210631765,-0.002408298913939789
37.4,-0.013912122713253169,-0.011846477401877078,-0.009896061482760156,-0.008018845852385957,-0.006179009600075358,-0.004351520871940353,-0.002520287514114142
37.5,-0.014083851557270936,-0.012004629031111618,-0.010039926112153286,-0.008149554277512107,-0.006298756158096841,-0.004462828991172931,-0.0026255833200923176
37.6,-0.014243994805481597,-0.012152281819918526,-0.010174409218256752,-0.008271904109587802,-0.006411005846760532,-0.004567325868267777,-0.0027245913805348087
37.7,-0.014393334040815947,-0.012290133755896746,-0.010300124512575606,-0.008386432579781111,-0.006516231422317513,-0.004665432373426978,-0.0028176919309376787
37.800000000000004,-0.014532598116963027,-0.012418836350284207,-0.010417645429479719,-0.008493642213616478,-0.006614875614042541,-0.004757543121978441,-0.0029052419306954576
37.900000000000006,-0.0146624667155579,-0.01253899773707932,-0.010527507777580342,-0.008594003083747635,-0.006707353044216744,-0.004844028126714018,-0.0029875765038917534
38.00000000000001,-0.014783573663384026,-0.012651185565187446,-0.010630212216019168,-0.008687954915783454,-0.006794052024508012,-0.0049252343453148415,-0.003065010289909836
38.1,-0.014896510025779961,-0.012755929697434429,-0.010726226567266083,-0.008775909056796287,-0.006875336236756226,-0.005001487129577929,-0.0031378387095648552
38.2,-0.015001826991347788,-0.012853724729362529,-0.010815987977251612,-0.008858250315507549,-0.006951546305646209,-0.0050730915827298,-0.0032063391520954186
38.300000000000004,-0.01510003856204218,-0.012945032339858758,-0.01089990493294079,-0.008935338682554549,-0.0070230012702721095,-0.005140333830701481,-0.0032707720880120307
38.400000000000006,-0.015191624061769205,-0.013030283484858773,-0.01097835914678406,-0.009007510938688386,-0.007089999961127068,-0.005203482212865045,-0.003331382112480119
38.50000000000001,-0.015277030475737995,-0.013109880444616593,-0.01105170731685451,-0.009075082158237125,-0.007152822288641075,-0.0052627883973752326,-0.003388398923617952
38.60000000000001,-0.015356674631982727,-0.013184198734328096,-0.01112028277089558,-0.009138347114686009,-0.007211730448980785,-0.005318488425927497,-0.003442038239810698
38.70000000000001,-0.015430945235701732,-0.013253588887240788,-0.011184397001957957,-0.009197581594775794,-0.007266970052458225,-0.005370803692438117,-0.0034925026598795887
38.800000000000004,-0.01550020476634247,-0.013318378118771158,-0.011244341102794597,-0.00925304362710012,-0.007318771179546392,-0.005419941859856157,-0.003539982469703172
38.9,-0.015564791246691093,-0.013378871879580397,-0.011300387105707277,-0.00930497463078941,-0.007367349369173925,-0.005466097719052784,-0.0035846563986557814
39.0,-0.01562501989260068,-0.01343535530502724,-0.011352789234094137,-0.009353600489502227,-0.007412906543669457,-0.005509453993473801,-0.003626692329017894
39.1,-0.01568118465140971,-0.013488094567920054,-0.01140178507153315,-0.009399132555601916,-0.007455631874440779,-0.005550182093009273,-0.0036662479613096413
39.2,-0.015733559636559046,-0.013537338141027167,-0.011447596653849701,-0.009441768589076208,-0.007495702592207815,-0.005588442820309448,-0.0037034714383134817
39.300000000000004,-0.015782400465409078,-0.013583317975372223,-0.011490431489255135,-0.009481693635459025,-0.007533284745363628,-0.005624387032570418,-0.0037385019303758545
39.400000000000006,-0.015827945506786352,-0.013626250599938057,-0.011530483511306094,-0.00951908084673279,-0.007568533909803341,-0.005658156261617773,-0.003771470184413331
39.50000000000001,-0.015870417044348276,-0.013666338148026409,-0.011567933969119659,-0.009554092248930912,-0.007601595853342166,-0.005689883294936888,-0.003802499038895075
39.6,-0.015910022361443815,-0.013703769315169739,-0.011602952258985432,-0.00958687945991364,-0.007632607157649635,-0.005719692720126682,-0.0038317039069303855
39.7,-0.015946954752764794,-0.013738720253163866,-0.011635696701241465,-0.009617584360565447,-0.007661695800424988,-0.005747701435097339,-0.0038591932294540507
39.800000000000004,-0.01598139446772523,-0.013771355404484556,-0.011666315266024662,-0.009646339722446776,-0.007688981700374446,-0.0057740191261812235,-0.003885068900377659
39.900000000000006,-0.016013509590172895,-0.013801828281066082,-0.011694946251267343,-0.009673269794736459,-0.007714577227376559,-0.00579874871619072,-0.003909426665455522
40.00000000000001,-0.016043456858726535,-0.013830282191153637,-0.011721718916088298,-0.00969849085311382,-0.007738587680072044,-0.005821986784323115,-0.003932356496504858
40.10000000000001,-0.01607138243174241,-0.013856850917693297,-0.011746754072518207,-0.009722111713056678,-0.007761111732967251,-0.005843823959694161,-0.00395394294251476
40.20000000000001,-0.016097422600643643,-0.01388165935149158,-0.011770164638304818,-0.009744234209869562,-0.007782241855006864,-0.005864345290166012,-0.003974265459083486
40.300000000000004,-0.016121704455093734,-0.013904824082160466,-0.011792056153361416,-0.009764953647604257,-0.0078020647014447045,-0.0058836305880303795,-0.003993398717530963
40.4,-0.016144346503260708,-0.013926453949662063,-0.011812527262252532,-0.009784359218894095,-0.007820661480721663,-0.005901754754006737,-0.004011412894949814
40.5,-0.016165459250199025,-0.013946650559078948,-0.011831670164952464,-0.009802534397590679,-0.007838108297952019,-0.005918788080923251,-0.004028373946378219
40.6,-0.016185145737172137,-0.013965508761060515,-0.011849571037964092,-0.009819557305968268,-0.007854476476513016,-0.0059347965383601846,-0.004044343860203191
40.7,-0.016203502044547825,-0.013983117100231831,-0.011866310427747582,-0.009835501058145792,-0.007869832859139756,-0.005949842039454764,-0.004059380897833208
40.800000000000004,-0.016220617760720712,-0.01399955823369856,-0.01188196361827932,-0.009850434081268246,-0.007884240089830815,-0.005963982690988448,-0.004073539818614028
40.900000000000006,-0.016236576419350557,-0.01401490932163878,-0.011896600974441198,-0.009864420415888692,-0.007897756877794463,-0.005977273027808402,-0.004086872090899902
41.00000000000001,-0.01625145590705027,-0.01402924239183938,-0.011910288262827706,-0.009877519996897729,-0.007910438244575884,-0.005989764232565309,-0.004099426090135049
41.1,-0.016265328843513373,-0.014042624679910338,-0.011923086951453384,-0.009889788916259162,-0.007922335755441247,-0.006001504341689633,-0.00411124728474699
41.2,-0.016278262935936146,-0.014055118946794324,-0.011935054489744934,-0.009901279668728443,-0.007933497736019018,-0.006012538438467495,-0.004122378410602246
41.300000000000004,-0.016290321309464204,-0.014066783775080657,-0.011946244570110813,-0.009912041381653431,-0.007943969475136831,-0.00602290883402435,-0.004132859634728547
41.400000000000006,-0.01630156281527628,-0.014077673845531729,-0.011956707372295382,-0.00992212002988509,-0.007953793414730702,-0.006032655236971325,-0.004142728708962546
41.50000000000001,-0.016312042317808785,-0.014087840195135601,-0.011966489791644937,-0.00993155863675866,-0.007963009327648665,-0.006041814912423073,-0.004152021114141752
41.60000000000001,-0.016321810962523015,-0.014097330457910564,-0.011975635652338066,-0.00994039746204276,-0.00797165448411465,-0.006050422831048686,-0.004160770195419372
41.70000000000001,-0.016330916425521775,-0.014106189089605143,-0.011984185906563246,-0.009948674177695382,-0.007979763807571424,-0.006058511808776804,-0.004169007289245314
41.800000000000004,-0.016339403146233746,-0.014114457577360469,-0.011992178820561255,-0.00995642403221074,-0.007987370020575165,-0.006066112637735601,-0.004176761842522042
41.9,-0.016347312544301152,-0.014122174635330234,-0.011999650148389183,-0.009963680004289328,-0.007994503781367564,-0.006073254208971192,-0.004184061524411897
42.0,-0.016354683221729335,-0.01412937638718665,-0.012006633294205975,-0.009970472946516045,-0.008001193811716071,-0.006079963627454139,-0.0041909323312430465
42.1,-0.016361551151284744,-0.014136096536378387,-0.012013159463826185,-0.009976831719685757,-0.00800746701656882,-0.006086266319850263,-0.004197398684932433
42.2,-0.01636794985206088,-0.014142366524948219,-0.012019257806239102,-0.009982783318374114,-0.008013348596040797,-0.006092186135502236,-0.0042034835253182915
42.300000000000004,-0.01637391055306903,-0.014148215681663653,-0.01202495554574384,-0.009988352988311846,-0.008018862150209744,-0.006097745441039482,-0.004209208396769836
42.400000000000006,-0.016379462345652195,-0.014153671360163012,-0.012030278105307723,-0.00999356433608422,-0.008024029777172752,-0.006102965209007342,-0.004214593529418503
42.50000000000001,-0.01638463232546609,-0.014158759067771946,-0.012035249221714703,-0.009998439431642858,-0.008028872164783223,-0.006107865100881565,-0.004219657915333606
42.6,-0.016389445724720134,-0.014163502585601024,-0.012039891053032584,-0.010002998904084867,-0.008033408676460341,-0.006112463544810301,-0.004224419379944493
42.7,-0.01639392603532383,-0.014167924080493619,-0.012044224278892445,-0.010007262031124316,-0.008037657431439433,-0.00611677780840402,-0.00422889464899256
42.800000000000004,-0.016398095123539617,-0.01417204420935455,-0.012048268194040458,-0.010011246822652715,-0.008041635379805515,-0.0061208240668731324,-0.004233099411278199
42.900000000000006,-0.016401973336701667,-0.014175882216353802,-0.012052040795591275,-0.010014970098758845,-0.008045358372631121,-0.006124617466793668,-0.004237048377451016
43.00000000000001,-0.01640557960252153,-0.014179456023465783,-0.012055558864383167,-0.010018447562553563,-0.008048841227517438,-0.00612817218576309,-0.004240755335075731
43.10000000000001,-0.01640893152146529,-0.014182782314772933,-0.012058838040807877,-0.010021693868122086,-0.008052097789819062,-0.006131501488191415,-0.004244233200191436
43.20000000000001,-0.016412045452653054,-0.01418587661493296,-0.012061892895462821,-0.010024722683904455,-0.008055140989813536,-0.006134617777456724,-0.004247494065567821
43.300000000000004,-0.01641493659370003,-0.014188753362181221,-0.012064736994949319,-0.010027546751784666,-0.008057982896059019,-0.006137532644639271,-0.004250549245848707
43.4,-0.016417619054888845,-0.01419142597621389,-0.01206738296311838,-0.010030177942149858,-0.00806063476516777,-0.0061402569140338896,-0.004253409319761218
43.5,-0.016420105928035108,-0.014193906921273303,-0.012069842538044542,-0.010032627305163003,-0.008063107088208166,-0.006142800685627623,-0.004256084169556953
43.6,-0.016422409350382347,-0.014196207764734077,-0.012072126624988709,-0.010034905118475835,-0.008065409633931684,-0.006145173374716776,-0.004258583017840891
43.7,-0.016424540563838096,-0.014198339231467327,-0.012074245345592559,-0.010037020931592956,-0.008067551489010599,-0.0061473837488257785,-0.004260914461933227
43.800000000000004,-0.016426509969840304,-0.014200311254240304,-0.012076208083529752,-0.010038983607083262,-0.008069541095456541,-0.006149439962079433,-0.00426308650589997
43.900000000000006,-0.016428327180121795,-0.014202133020390017,-0.012078023526823061,-0.01004080135882089,-0.00807138628538014,-0.006151349587169591,-0.00426510659037867
44.00000000000001,-0.016430001063620553,-0.014203813014991747,-0.01207969970702119,-0.010042481787424878,-0.008073094313239876,-0.006153119645047618,-0.004266981620317368
44.1,-0.016431539789764797,-0.014205359060726813,-0.012081244035414747,-0.010044031913054238,-0.00807467188571753,-0.006154756632464674,-0.00426871799073657
44.2,-0.016432950868344065,-0.014206778354638334,-0.012082663336457376,-0.010045458205703718,-0.008076125189347983,-0.006156266547473172,-0.004270321610616499
44.300000000000004,-0.016434241186160912,-0.014208077501949044,-0.012083963878545184,-0.01004676661313437,-0.008077459916021554,-0.006157654912994676,-0.00427179792500463
44.400000000000006,-0.016435417040642126,-0.014209262547101326,-0.012085151402295703,-0.01004796258656291,-0.008078681286467942,-0.006158926798551611,-0.00427315193543167
44.50000000000001,-0.016436484170573463,-0.014210339002166525,-0.012086231146456195,-0.010049051104223819,-0.008079794071822634,-0.006160086840252759,-0.004274388218717804
44.60000000000001,-0.016437447784107922,-0.014211311872758241,-0.01208720787156033,-0.010050036692909062,-0.008080802613368446,-0.0061611392591158646,-0.004275510944244739
44.70000000000001,-0.016438312584184277,-0.014212185681572478,-0.012088085881442102,-0.010050923447581425,-0.008081710840537663,-0.00616208787780364,-0.004276523889763526
44.800000000000004,-0.01643908279147986,-0.014212964489666371,-0.012088869042706119,-0.010051715049149106,-0.008082522287252352,-0.006162936135843607,-0.004277430455802402
44.900000000000006,-0.016439762165009694,-0.014213651915576648,-0.012089560802244208,-0.010052414780481272,-0.008083240106674258,-0.006163687103396006,-0.0042782336787339
45.0,-0.016440354020472444,-0.014214251152368683,-0.012090164202879389,-0.010053025540736739,-0.008083867084428747,-0.006164343493628437,-0.0042789362425553566
45.1,-0.01644086124643277,-0.014214764982697456,-0.01209068189720996,-0.010053549858070564,-0.00808440565036121,-0.006164907673750494,-0.004279540489432306
45.2,-0.01644128631841903,-0.014215195791952262,-0.01209111615971823,-0.010053989900776585,-0.008084857888878286,-0.0061653816747563985,-0.004280048429049711
45.300000000000004,-0.016441631311005164,-0.014215545579548123,-0.012091468897200782,-0.010054347486917052,-0.00808522554792042,-0.006165767199918822,-0.004280461746811676
45.400000000000006,-0.01644189790793569,-0.014215815968418151,-0.01209174165756952,-0.010054624092484246,-0.008085510046607104,-0.006166065632072209,-0.004280781810926145
45.50000000000001,-0.016442087410343264,-0.014216008212752717,-0.012091935637065636,-0.010054820858132646,-0.008085712481590413,-0.006166278039719434,-0.004281009678407179
45.6,-0.016442200743098895,-0.014216123204023073,-0.012092051685921442,-0.010054938594514236,-0.008085833632147588,-0.006166405181991139,-0.004281146100023537
