0.0,-0.009518520641377742,-0.0071741823454281465,-0.00470695087247567,-0.0021317310813553886,0.0005327684315012859,0.0032685630961390598,0.006060607398148296
0.1,-0.00951848234281004,-0.007174156831067583,-0.004706934561038487,-0.0021317209229233247,0.000532774683793495,0.0032685669405639584,0.006060609775964641
0.2,-0.009518418273209117,-0.007174114141175711,-0.004706907264524173,-0.00213170392016007,0.0005327851505628124,0.003268573377622721,0.006060613758125492
0.30000000000000004,-0.009518328073187324,-0.007174054025854274,-0.004706868816117699,-0.0021316799645877383,0.0005327999014992672,0.0032685824520138737,0.006060619373444126
0.4,-0.009518211236782812,-0.007173976133277526,-0.00470681898095156,-0.002131648903462124,0.0005328190347416974,0.0032685942266908914,0.00606062666250722
0.5000000000000001,-0.009518067108621428,-0.007173880007679163,-0.004706757454729936,-0.0021316105388538577,0.0005328426774854184,0.003268608783264106,0.006060635677942326
0.6000000000000001,-0.009517894880240496,-0.007173765086732381,-0.00470668386193066,-0.002131564626443327,0.0005328709867816003,0.0032686262225307596,0.006060646484771371
0.7000000000000001,-0.009517693585553887,-0.007173630698308219,-0.004706597753574691,-0.002131510874022343,0.0005329041505331057,0.003268646665136425,0.006060659160852388
0.8,-0.009517462095432921,-0.007173476056593756,-0.004706498604550132,-0.0021314489396936603,0.0005329423886928392,0.0032686702523719168,0.006060673797412333
0.9000000000000001,-0.009517199111372708,-0.007173300257547955,-0.004706385810475196,-0.002131378429757588,0.0005329859546719769,0.0032686971471107404,0.006060690499674429
1.0000000000000002,-0.009516903158208405,-0.007173102273669132,-0.004706258684081693,-0.0021312988962729467,0.0005330351369667972,0.0032687275348930573,0.006060709387584185
1.1,-0.009516572575840525,-0.007172880948044036,-0.004706116451097756,-0.0021312098342776134,0.0005330902610142706,0.0032687616251631437,0.006060730596638927
1.2000000000000002,-0.00951620550992289,-0.007172634987644316,-0.004705958245605502,-0.0021311106786517657,0.000533151691288017,0.003268799652668345,0.006060754278826336
1.3000000000000003,-0.009515799901460986,-0.007172362955831838,-0.004705783104846162,-0.002131000800604715,0.0005332198336478179,0.003268841879028598,0.0060607806036783365
1.4000000000000001,-0.009515353475262382,-0.007172063264029698,-0.004705589963441948,-0.002130879503763889,0.0005332951379574687,0.00326888859448674,0.006060809759447375
1.5,-0.009514863727174422,-0.0071717341625109525,-0.004705377647000369,-0.0021307460198420596,0.0005333781009874975,0.0032689401198510047,0.0060608419544130685
1.6,-0.009514327910037595,-0.0071713737302519995,-0.004705144865063074,-0.0021305995038563025,0.0005334692696210862,0.0032689968086424014,0.006060877418327959
1.7000000000000002,-0.009513743018275813,-0.007170979863792104,-0.004704890203357357,-0.0021304390288694173,0.0005335692443834734,0.003269059049460998,0.0060609164040122615
1.8000000000000003,-0.009513105771037138,-0.007170550265034857,-0.0047046121153043125,-0.0021302635802215837,0.0005336786833171588,0.0032691272685865936,0.006060959189108241
1.9000000000000004,-0.009512412593790386,-0.007170082427921207,-0.004704308912733191,-0.002130072049216906,0.0005337983062274604,0.003269201932830785,0.006061006078006239
2.0000000000000004,-0.009511659598274408,-0.007169573623897209,-0.004703978755746794,-0.002129863226226139,0.0005339288993252929,0.0032692835526590986,0.006061057403955228
2.1,-0.009510842560687533,-0.007169020886092692,-0.00470361964167768,-0.0021296357931633128,0.0005340713202965586,0.003269372685603617,0.006061113531372309
2.2,-0.009509956897994868,-0.007168420992119561,-0.004703229393069568,-0.002129388315290126,0.0005342265038302768,0.0032694699399884323,0.00606117485836666
2.3000000000000003,-0.009508997642220537,-0.007167770445390552,-0.004702805644612521,-0.0021291192322978798,0.0005343954676404238,0.003269575978992277,0.006061241819495053
2.4000000000000004,-0.009507959412580648,-0.007167065454850683,-0.004702345828954304,-0.002128826848612277,0.000534579319019592,0.003269691525074948,0.0060613148887675924
2.5000000000000004,-0.0095068363853007,-0.007166301913004518,-0.004701847161303593,-0.002128509322861689,0.0005347792619659852,0.003269817364796389,0.006061394582923878
2.6000000000000005,-0.009505622260948095,-0.007165475372112525,-0.004701306622733644,-0.0021281646564443595,0.0005349966049287441,0.0032699543540599847,0.00606148146500182
2.7000000000000006,-0.009504310229096527,-0.007164581018419294,-0.004700720942087223,-0.002127790681124538,0.0005352327692206736,0.0032701034238142744,0.00606157614822311
2.8000000000000003,-0.009502892930124055,-0.007163613644265017,-0.004700086576375398,-0.0021273850455815926,0.0005354892981514217,0.003270265586250289,0.006061679300221578
2.9000000000000004,-0.009501362413930521,-0.007162567617919464,-0.004699399689553843,-0.002126945200829788,0.0005357678669389249,0.0032704419415349505,0.006061791647642882
3.0,-0.009499710095342822,-0.007161436850964578,-0.004698656129550707,-0.002126468384419529,0.0005360702934615616,0.0032706336851244435,0.006061913981146574
3.1,-0.00949792670595781,-0.007160214763037706,-0.004697851403409786,-0.0021259516033234607,0.0005363985499189731,0.0032708421157051333,0.006062047160844068
3.2,-0.009496002242152751,-0.007158894243732316,-0.004696980650401556,-0.002125391615402814,0.0005367547754749993,0.0032710686438137946,0.006062192122209152
3.3000000000000003,-0.009493925908971688,-0.007157467611436665,-0.004696038612942678,-0.002124784909340757,0.0005371412899624649,0.003271314801193175,0.006062349882500712
3.4000000000000004,-0.009491686059572941,-0.007155926568873333,-0.004695019605151583,-0.002124127682920207,0.0005375606087361032,0.0032715822509437257,0.00606252154774074
3.5000000000000004,-0.009489270129898125,-0.007154262155083518,-0.0046939174788538434,-0.0021234158195135087,0.0005380154587671512,0.003271872798537404,0.0060627083202943535
3.6000000000000005,-0.00948666456819616,-0.007152464693579595,-0.004692725586835957,-0.0021226448626405245,0.0005385087960808028,0.003272188403765084,0.006062911507102751
3.7,-0.009483854759007017,-0.007150523736367399,-0.004691436743129972,-0.002121809988439994,0.0005390438246462293,0.003272531193694977,0.006063132528623956
3.8000000000000007,-0.009480824941178748,-0.0071484280035159975,-0.004690043180093841,-0.002120905975886356,0.0005396240168377963,0.0032729034767261292,0.006063372928541361
3.900000000000001,-0.009477558119457954,-0.00714616531792708,-0.004688536502033549,-0.002119927174570588,0.0005402531355959266,0.003273307757827863,0.0060636343843046775
4.000000000000001,-0.009474035969157774,-0.007143722534928623,-0.00468690763509266,-0.002118867469848866,0.0005409352584267677,0.0032737467550639004,0.006063918718573809
4.1,-0.009470238733368632,-0.007141085466287674,-0.0046851467731129585,-0.002117720245146928,0.0005416748033910235,0.003274223417507841,0.0060642279116418915
4.2,-0.009466145112135187,-0.0071382387982051355,-0.004683243319146169,-0.0021164783411908375,0.0005424765572448984,0.003274740944665855,0.0060645641149200576
4.3,-0.0094617321429778,-0.007135166002820852,-0.0046811858222710985,-0.0021151340119162565,0.0005433457059093547,0.003275302807531825,0.006064929665573993
4.4,-0.009456975072088382,-0.007131849242720085,-0.004678961909342977,-0.002113678876788306,0.0005442878674583633,0.003275912771410769,0.006065327102409214
4.5,-0.009451847215478069,-0.007128269267892301,-0.004676558211271993,-0.0021121038692423822,0.0005453091278324519,0.0032765749206576365,0.0060657591831107475
4.6000000000000005,-0.009446319809297868,-0.007124405304549911,-0.004673960283395776,-0.002110399180932966,0.0005464160795007182,0.0032772936854906635,0.006066228902951623
4.7,-0.009440361848492694,-0.0071202349351679245,-0.004671152519476025,-0.0021085542014521235,0.0005476158633128548,0.0032780738710518555,0.006066739515094012
4.800000000000001,-0.009433939912883728,-0.007115733969055124,-0.0046681180588118805,-0.002106557453152141,0.0005489162138022937,0.0032789206889013147,0.00606729455261758
4.9,-0.009427017979703535,-0.00711087630271312,-0.004664838685922354,-0.0021043965206772276,0.0005503255082230838,0.0032798397911477178,0.006067897852420645
5.000000000000001,-0.009419557221532428,-0.007105633769181085,-0.004661294722206454,-0.0021020579747774,0.0005518528196261471,0.003280837307433942,0.006068553581152286
5.1000000000000005,-0.009411515788502581,-0.007099975975500884,-0.004657464908942612,-0.0020995272899432425,0.0005535079743053896,0.003281919885014941,0.006069266263346355
5.200000000000001,-0.009402848573548232,-0.00709387012736921,-0.004653326280938198,-0.0020967887553630916,0.0005553016139714197,0.003283094732184651,0.0060700408119431235
5.300000000000001,-0.009393506959385185,-0.007087280839969995,-0.004648854030085159,-0.0020938253786640716,0.0005572452630393619,0.003284369665329858,0.006070882561399738
5.400000000000001,-0.009383438545800347,-0.0070801699339011715,-0.004644021358018592,-0.0020906187818550653,0.0005593514014491868,0.0032857531599119697,0.006071797303607088
5.500000000000001,-0.009372586855721536,-0.00707249621502453,-0.004638799317011309,-0.0020871490888428926,0.0005616335434707652,0.0032872544057024693,0.0060727913268498945
5.6000000000000005,-0.009360891018418844,-0.007064215236975385,-0.004633156638168497,-0.002083394803842406,0.000564106322982823,0.003288883366624684,0.0060738714580652565
5.7,-0.009348285428060528,-0.007055279044969495,-0.0046270595459123,-0.0020793326799466356,0.0005667855857548302,0.003290650845583609,0.0060750451086776505
5.800000000000001,-0.009334699375708123,-0.0070456358994376465,-0.004620471557665875,-0.0020749375770641085,0.0005696884893037412,0.003292568554697069,0.006076320324310416
5.9,-0.009320056652686556,-0.007035229977902908,-0.004613353267559953,-0.002070182308366791,0.0005728336109441132,0.003294649191375384,0.006077705838699873
6.0,-0.009304275123104402,-0.007024001053391073,-0.004605662112891465,-0.0020650374743233636,0.0005762410647006213,0.003296906520733714,0.006079211132164223
6.1000000000000005,-0.009287266263126415,-0.00701188414753061,-0.004597352121963053,-0.0020594712833181586,0.0005799326278058754,0.0032993554648609925,0.006080846495010141
6.2,-0.009268934664413966,-0.0069988091563536635,-0.004588373641823399,-0.002053449357776001,0.0005839318775656915,0.003302012199512558,0.0060826230962906834
6.300000000000001,-0.009249177498948023,-0.006984700446653609,-0.004578673044311032,-0.0020469345246264168,0.0005882643394371683,0.003304894258840182,0.00608455305836336
6.4,-0.009227883942232678,-0.006969476420586325,-0.004568192408677509,-0.002039886588847262,0.0005929576472336151,0.003308020648823582,0.006086649537734227
6.500000000000001,-0.009204934551643775,-0.0069530490460208445,-0.004556869178929204,-0.0020322620887267004,0.0005980417164445386,0.0033114119701222198,0.006088926812714538
6.6000000000000005,-0.009180200596435609,-0.006935323349949352,-0.004544635793879483,-0.002024014031373412,0.0006035489317392239,0.003315090551125119,0.006091400378459942
6.700000000000001,-0.009153543335647458,-0.0069161968720554065,-0.004531419287743817,-0.0020150916068870997,0.0006095143498086983,0.0033190805920403034,0.006094087050010207
6.800000000000001,-0.009124813239859511,-0.00689555907531171,-0.004517140858938719,-0.0020054398794741735,0.0006159759187948535,0.003323408320934403,0.0060970050739979145
6.900000000000001,-0.009093849152432752,-0.0068732907102333355,-0.004501715404560071,-0.00199499945365613,0.000622974715656617,0.00332810216270801,0.006100174249751001
7.000000000000001,-0.009060477385527874,-0.006849263129147659,-0.0044850510178164335,-0.0019837061135698146,0.0006305552029318695,0.003333192922072588,0.006103616060573889
7.100000000000001,-0.009024510745832603,-0.00682333754655692,-0.004467048445477277,-0.0019714904331986833,0.0006387655064729415,0.0033387139816826762,0.006107353816056281
7.200000000000001,-0.008985747484532269,-0.006795364241361647,-0.004447600502163224,-0.001958277355201205,0.0006476577158600083,0.0033447015166710686,0.006111412806330489
7.300000000000001,-0.008943970165633804,-0.006765181696381299,-0.00442659143805429,-0.0019439857358159115,0.0006572882093355089,0.0033511947269373853,0.006115820469273656
7.4,-0.008898944446295087,-0.006732615670250835,-0.004403896256321172,-0.0019285278531210308,0.0006677180052513808,0.003358236088650226,0.006120606571733232
7.500000000000001,-0.008850417762318222,-0.006697478196386024,-0.0043793799762922156,-0.0019118088757090507,0.000679013142181803,0.0033658716265432156,0.0061258034059447535
7.600000000000001,-0.008798117911433131,-0.006659566503294405,-0.004352896838053247,-0.001893726288601545,0.0006912450900283721,0.003374151208714047,0.006131446002406656
7.700000000000001,-0.008741751526424745,-0.006618661850060199,-0.004324289443837274,-0.0018741692729760894,0.0007044911946322933,0.0033831288657752705,0.006137572360581198
7.800000000000002,-0.008681002429538946,-0.006574528270347912,-0.004293387831193769,-0.001853018036003077,0.0007188351586117347,0.003392863136356881,0.006144223698905105
7.9,-0.008615529858936632,-0.006526911217747786,-0.0042600084725311375,-0.0018301430867948276,0.0007343675613610576,0.0034034174411236534,0.0061514447257145655
8.000000000000002,-0.008544966557247546,-0.006475536104724005,-0.004223953195198768,-0.001805404454150073,0.0007511864213863255,0.0034148604876469034,0.0061592839328224016
8.100000000000001,-0.008468916711501798,-0.0064201067268203,-0.004185008015813806,-0.001778650841432509,0.0007693978044074643,0.0034272667086611705,0.006167793913628697
8.2,-0.008386953732883637,-0.006360303563123713,-0.004142941882040626,-0.001749718713550126,0.0007891164809332241,0.0034407167364426342,0.0061770317078014515
8.3,-0.008298617863853231,-0.006295781943282624,-0.004097505314494242,-0.0017184313106006382,0.0008104666373150101,0.003455297916268664,0.006187059174730645
8.4,-0.00820341359921409,-0.006226170070614971,-0.00404842894086011,-0.0016845975823149562,0.0008335826446074456,0.0034711048621599186,0.006197943398142345
8.500000000000002,-0.008100806906660055,-0.006151066890023184,-0.00399542191369835,-0.0016480110369628102,0.000858609889912381,0.0034882400583659237,0.006209757124454216
8.6,-0.007990222231210877,-0.006070039788548869,-0.003938170202726724,-0.0016084484978798337,0.0008857056752598375,0.003506814510337311,0.006222579237667463
8.700000000000001,-0.007871039266733416,-0.005982622115447572,-0.0038763347516499744,-0.001565668760230293,0.0009150401894852895,0.003526948449232576,0.0062364952738198625
8.8,-0.0077425894764387194,-0.005888310507636899,-0.0038095494888194985,-0.0015194111400314873,0.000946797559003095,0.0035487720943354105,0.006251597978272475
8.900000000000002,-0.007604152342837387,-0.005786562005263822,-0.003737419180161241,-0.001469393906830846,0.000981176983848751,0.0035724264781154054,0.006267987909372099
9.0,-0.007454951326117919,-0.005676790940943007,-0.003659517111898126,-0.0014153125907415162,0.001018393965876553,0.0035980643390483976,0.006285774092323038
9.100000000000001,-0.007294149508277285,-0.005558365584930692,-0.003575382589608902,-0.001356838153802574,0.0010586816365508824,0.003625851087728399,0.006305074727414577
9.200000000000001,-0.007120844898570186,-0.005430604527110695,-0.003484518239104363,-0.0012936150148317594,0.0011022921923688725,0.003655965852252647,0.0063260179570923895
9.300000000000002,-0.006934065373943695,-0.0052927727751727206,-0.0033863870934567,-0.0012252589160770791,0.001149498446594969,0.0036886026093450558,0.006348742696728519
9.4,-0.006732763226076561,-0.005144077546749729,-0.003280409449283382,-0.0011513546190439457,0.0012005955066874438,0.003723971408208732,0.006373399534344571
9.500000000000002,-0.0065158092844356166,-0.004983663731541925,-0.0031659594740545294,-0.0010714534158709882,0.0012559025875473213,0.003762299694664643,0.006400151704969904
9.600000000000001,-0.006281986582383622,-0.0048106089975792025,-0.0030423615447564504,-0.000985070441544882,0.001315764971533239,0.0038038337437443508,0.006429176145784198
9.700000000000001,-0.006029983530809703,-0.004623918513752557,-0.0029088862966945225,-0.0008916817710760041,0.001380556127064709,0.003848840209568214,0.0064606646386961356
9.8,-0.0057583865609908,-0.004422519258564822,-0.0027647463595468955,-0.0007907212844956118,0.001450679998580263,0.0038976078020523807,0.0064948250475527275
9.9,-0.005465672195415788,-0.004205253882701281,-0.0026090917559784643,-0.0006815772811743963,0.0015265734816438063,0.003950449100762969,0.006531882657762378
10.000000000000002,-0.005160135689175361,-0.003978258678103052,-0.0024463022109565075,-0.0005673082568612381,0.001606119148352392,0.004005896646872582,0.0065708133121690744
10.1,-0.004855894786886044,-0.0037518795251703088,-0.002283690287241716,-0.00045296998700740257,0.001685851994092249,0.00406157312266599,0.006609974289607372
10.200000000000001,-0.004543652508378293,-0.003519183110888895,-0.0021162629846389895,-0.00033504184188942786,0.0017682345735525436,0.00411920367362099,0.006650583135450926
10.3,-0.0042237021367121045,-0.003280359225910234,-0.0019441340851833028,-0.0002135866384772318,0.0018532358529005284,0.004178775997455271,0.0066926380442948056
10.400000000000002,-0.0038963441950085245,-0.0030356029645015855,-0.0017674210037745323,-8.866953222702286e-05,0.0019408233861163229,0.0042402770072316265,0.00673613683516648
10.5,-0.003561886164174112,-0.002785114581570541,-0.00158624473279366,3.964199053501814e-05,0.002030963300734353,0.004303692809884698,0.006781076930156478
10.600000000000001,-0.0032206421940902162,-0.002529099344828793,-0.0014007297835064289,0.0001712781221173995,0.0021236202845477618,0.00436900868513048,0.006827455333101841
10.700000000000001,-0.0028729328085379943,-0.002267767382192435,-0.0012110041242624444,0.0003061667448822237,0.0022187575733063473,0.004436209064780136,0.00687526860833712
10.800000000000002,-0.0025190846041368547,-0.002001333524520611,-0.0010171991155002833,0.0004442334446033546,0.002316336939437756,0.0045052775124818124,0.006924512859520051
10.9,-0.0021594299435785677,-0.0017300171437989367,-0.0008194494415715244,0.0005854015257875586,0.002416318681821962,0.004576196703912535,0.006975183708547974
11.000000000000002,-0.0017943066434455215,-0.0014540419868788968,-0.0006178930394001624,0.0007295920289810231,0.0025186616166491867,0.0046489484074440065,0.0070272762745774335
11.100000000000001,-0.0014240576569061955,-0.001173636004888459,-0.0004126710239966023,0.0008767237500823138,0.0026233230693904403,0.004723513465306306,0.007080785153160189
11.200000000000001,-0.00104903075158597,-0.000889031178434297,-0.0002039276108478181,0.0010267132616816263,0.002730258867910751,0.0047998717752741095,0.007135704395509581
11.3,-0.0006695781829158046,-0.0006004633387196702,8.18996479103485e-06,0.0011794749364447635,0.002839423336753175,0.0048780022728995825,0.00719202748791587
11.4,-0.00028605636326563787,-0.00030817198470660303,0.00022353153167572418,0.0013349209725584611,0.0029507692926241083,0.004957882914317643,0.007249747331322016
11.500000000000002,0.00010117447282682705,-1.240009645554676e-05,0.00044194406939203346,0.0014929614212526648,0.0030642480411064137,0.005039490659648642,0.007308856221079905
11.600000000000001,0.0004917506070173452,0.0002866060552208904,0.0006632717981805373,0.001653504216413572,0.0031798093746299534,0.005122801457024678,0.007369345826902025
11.700000000000001,0.000885305178788643,0.0005885971026487625,0.0008873562717306438,0.0018164552062996235,0.0032974015717262732,0.005207790227265079,0.0074312071730287385
11.8,0.0012814685300353342,0.0008933207785834377,0.0011140364729034288,0.001981718187370854,0.003416971397596206,0.005294430849227783,0.007494430618627163
11.900000000000002,0.001679868552276578,0.0012005221167510184,0.0013431489123405319,0.002149194940240864,0.0035384641060136417,0.005382696145863564,0.0075590058384423404
12.0,0.0020801310361701283,0.0015099436554880568,0.0015745277299129608,0.0023187852677581506,0.0036618234425961236,0.005472557870998795,0.007624921803721336
12.100000000000001,0.0024818800230001267,0.0018213256443232713,0.0018080047989606513,0.0024903870352222866,0.003786991649463902,0.005563986696875004,0.007692166763426557
12.200000000000001,0.0028847381578075044,0.002134406253341491,0.002043409833270487,0.0026638962127386073,0.00391390947131419,0.005656952202471386,0.007760728225766077
12.300000000000002,0.0032883270438322405,0.0024489217851667204,0.002280570496737731,0.002839206919712708,0.004042516162934274,0.00575142286263822,0.007830592940054565
12.4,0.003692267597933993,0.002764606889397436,0.0025193125156522823,0.003016211471484813,0.0041727494981770846,0.00584736603806831,0.007901746878933311
12.500000000000002,0.0040961804066574695,0.0030811947793251025,0.0027594597935486475,0.0031948004281015514,0.0043045457804206065,0.00594474796613337,0.00797417522096933
12.600000000000001,0.0044996860826080985,0.00339841745076228,0.003000834528554909,0.003374862645220924,0.004437839854535264,0.0060435337526136244,0.00804786233365453
12.700000000000003,0.004902405620803116,0.0037160059028054004,0.0032432573331735394,0.0035562853271443704,0.0045725651203767275,0.006143687364347445,0.008122791756834731
12.8,0.005303960754663575,0.00403369036035323,0.003486547356423464,0.003738954081967252,0.004708653547827984,0.006245171622828637,0.008198946186584486
12.9,0.005703974311312761,0.004351200498200013,0.0037305224082698494,0.00392275297883758,0.004846035693404955,0.006347948198778413,0.008276307459560383
13.000000000000002,0.006102070565847209,0.004668265666519772,0.003974999086265329,0.004107564607310337,0.004984640718448335,0.006451977607719363,0.008354856537852343
13.100000000000001,0.0064978755942478525,0.004984615117555318,0.004219792904323364,0.004293270138782366,0.005124396408914246,0.006557219206578082,0.008434573494359674
13.200000000000001,0.006891017624599361,0.005299978233324146,0.004464718423541156,0.0044797493899911955,0.005265229196782302,0.006663631191344133,0.008515437498719577
13.3,0.007281127386288517,0.005614084754150479,0.004709589384987354,0.004666880888558284,0.0054070641830929024,0.00677117059581012,0.008597426803812107
13.400000000000002,0.00766783845685258,0.0059266650078313,0.00495421884436618,0.004854541940555257,0.005549825162629777,0.006879793291421034,0.008680518732870138
13.500000000000002,0.008050787606152882,0.0062374501392423775,0.005198419308467554,0.005042608700069461,0.005693434650257634,0.006989453988256951,0.008764689667219074
13.600000000000001,0.008429615137549782,0.0065461723401884055,0.005442002873309026,0.0052309562407425545,0.005837813908925158,0.0071001062371761165,0.00884991503467517
13.700000000000001,0.008803965225758627,0.006852565079300209,0.005684781363874084,0.005419458629253769,0.005982882979345452,0.007211702433142183,0.008936169298630288
13.800000000000002,0.009173486251069486,0.007156363331780823,0.005926566475346979,0.005607989000716995,0.006128560711357538,0.0073241938197608596,0.009023425947847472
13.9,0.009537831129616724,0.007457303808800361,0.00616716991574309,0.005796419635958479,0.006274764796979396,0.007437530495049798,0.009111657487001972
14.000000000000002,0.009896657639388042,0.00775512518633963,0.006406403549830364,0.005984622040639716,0.006421411805153525,0.007551661418465439,0.009200835427987584
14.100000000000001,0.010249628741666853,0.008049568333281135,0.0066440795442353215,0.006172467026187151,0.006568417218191587,0.007666534419209308,0.00929093028202213
14.200000000000003,0.01059641289760625,0.008340376538545451,0.006880010513624422,0.006359824792488731,0.00671569546991712,0.0077820962058358905,0.009381911552578955
14.3,0.010936684379636886,0.008627295737070717,0.007114009667849351,0.0065465650123141175,0.006863159985508225,0.00789829237718432,0.00947374772917269
14.400000000000002,0.01127012357741659,0.00891007473443279,0.00734589095994262,0.006732556917413387,0.007010723223036707,0.008015067434653727,0.009566406282028001
14.500000000000002,0.011596417298034001,0.009188465429903252,0.007575469234847012,0.006917669386246553,0.007158296716702198,0.008132364795842034,0.009659853657656724
14.600000000000001,0.011915259060184511,0.009462223037742922,0.0078025603787612,0.007101771033293536,0.007305791121754127,0.008250126809568714,0.009754055275378223
14.700000000000001,0.012226349382042364,0.009731106306528476,0.008026981468981061,0.007284730299892244,0.007453116261095361,0.008368294772297637,0.00984897552480378
14.8,0.012529396062557853,0.009994877736310658,0.008248550924114438,0.00746641554654945,0.007600181173559434,0.008486808945978298,0.009944577764318601
14.900000000000002,0.01282411445591616,0.010253303793402644,0.00846708865454509,0.00764669514666713,0.007746894163848256,0.008605608577321164,0.010040824320587227
15.000000000000002,0.013110227738899506,0.010506155122598698,0.008682416213020211,0.007825437581624217,0.007893162854119652,0.008724631918522891,0.01013767648910657
15.100000000000001,0.013387467170901935,0.01075320675662357,0.008894356945233411,0.008002511537151714,0.008038894237209217,0.008843816249454087,0.010235094535843708
15.200000000000003,0.013655572346351945,0.010994238322614952,0.009102736140274091,0.008177786000935968,0.008183994731469265,0.008963097901322777,0.010333037699971662
15.3,0.013914291439306462,0.011229034245442186,0.009307381180812202,0.008351130361383512,0.008328370237207526,0.00908241228182639,0.010431464197742527
15.400000000000002,0.014163381439985884,0.011457383947666204,0.009508121692886225,0.008522414507477727,0.008471926194702202,0.009201693901800468,0.010530331227515915
15.500000000000002,0.014402608383028561,0.011679082045947843,0.009704789695160726,0.008691508929655456,0.008614567643773269,0.009320876403373635,0.010629594975971745
15.600000000000003,0.01463174756724979,0.011893928543712795,0.009897219747518327,0.008858284821629885,0.00875619928488357,0.009439892589638215,0.010729210625533663
15.700000000000001,0.014850583766699278,0.012101729019884683,0.010085249098850849,0.00902261418308266,0.008896725541741556,0.009558674455838186,0.01082913236302222
15.8,0.01505891143281857,0.012302294813498971,0.010268717833912065,0.009184369923147254,0.009036050625378081,0.009677153222085101,0.010929313389568084
15.900000000000002,0.015256534887509002,0.012495443204013943,0.010447469019094161,0.00934342596460236,0.009174078599664846,0.009795259367598383,0.01102970593180699
16.000000000000004,0.01544326850692802,0.012680997587137102,0.010621348846990411,0.009499657348692262,0.009310713448239914,0.009912922666477322,0.011130261254373518
16.1,0.015618936895842282,0.01285878764598844,0.010790206779603143,0.009652940340489621,0.009445859142805518,0.010030072225000183,0.011230929673722585
16.200000000000003,0.015783375052372768,0.013028649517425071,0.010953895690058998,0.009803152534712591,0.009579419712758679,0.010146636520451408,0.011331660573296175
16.300000000000004,0.01593642852297796,0.013190425953355137,0.011112272002690143,0.009950172961907823,0.009711299316115468,0.010262543441471629,0.011432402420053608
16.4,0.016077953547528983,0.013343966476871878,0.011265195831341782,0.010093882194907651,0.009841402311684169,0.010377720329925181,0.011533102782387523
16.5,0.016207817194340647,0.013489127533043422,0.011412531115765148,0.010234162455468584,0.009969633332443831,0.010492094024279731,0.011633708349440088
16.6,0.01632589748503156,0.01362577263419601,0.01155414575595555,0.010370897720996036,0.010095897360079573,0.010605590904485391,0.011734164951837416
16.700000000000003,0.016432083509096144,0.013753772499534172,0.011689911744295501,0.010503973831258463,0.010220099800627037,0.01071813693834631,0.011834417583860665
16.8,0.01652627552808058,0.013873005188944135,0.011819705295362273,0.010633278594992319,0.010342146561169954,0.010829657729368006,0.011934410427061233
16.900000000000002,0.016608385069265274,0.013983356230831825,0.011943406973260823,0.010758701896298165,0.010461944127541214,0.01094007856606833,0.012034086875338426
17.000000000000004,0.016678335008765494,0.014084718743850966,0.012060901816342808,0.010880135800725183,0.010579399642967821,0.011049324472733414,0.012133389561492736
17.1,0.016736059643972342,0.014176993552381521,0.012172079459173219,0.010997474660942025,0.010694420987601603,0.011157320261599376,0.012232260385255999
17.2,0.01678150475526595,0.014260089295623841,0.012276834251607506,0.011110615221888153,0.010806916858874901,0.011263990586439683,0.012330640542819845
17.3,0.016814627656942804,0.014333922530178046,0.012375065374842207,0.011219456725300407,0.010916796852618042,0.011369259997533888,0.012428470557855058
17.400000000000002,0.016835397237309865,0.014398417825984566,0.012466676954304607,0.01132390101350727,0.011023971544871851,0.01147305299799119,0.012525690314043587
17.500000000000004,0.01684379398790679,0.014453507855505424,0.012551578169245764,0.011423852632381963,0.011128352574329687,0.011575294101404357,0.012622239089110783
17.6,0.016839810021830093,0.01449913347603303,0.012629683358906456,0.01151921893334572,0.011229852725335939,0.011675907890799312,0.012718055590375468
17.700000000000003,0.016823449081141136,0.01453524380501749,0.012700912125123143,0.01160991017430942,0.011328386011372031,0.011774819078851563,0.012813077991802355
17.800000000000004,0.01679472653335126,0.014561796288309555,0.012765189431245695,0.011695839619443408,0.011423867758953472,0.011871952569333693,0.012907243972572043
17.9,0.016753669356987362,0.01457875676122257,0.012822445697239174,0.011776923637662477,0.011516214691863013,0.01196723351975703,0.013000490757150766
18.0,0.01670031611625149,0.014586099502322286,0.012872616890844398,0.0118530817997135,0.011605345015640643,0.01206058740516711,0.013092755156865126
18.1,0.016634716924798284,0.014583807279859556,0.012915644614674125,0.011924236973752016,0.011691178502251171,0.012151940083053897,0.013183973612966485
18.200000000000003,0.016556933398664143,0.014571871390767429,0.01295147618912415,0.01199031541929414,0.01177363657484526,0.01224121785932945,0.01327408224118361
18.3,0.016467038598392512,0.014550291692150275,0.012980064730980772,0.012051246879429494,0.011852642392532737,0.012328347555329962,0.01336301687774307
18.400000000000002,0.01636511696040965,0.014519076625199193,0.013001369227609343,0.012106964671180354,0.011928120935078071,0.012413256575790704,0.013450713126854042
18.500000000000004,0.01625126421771497,0.014478243231474144,0.013015354606610904,0.012157405773893184,0.011999999087435546,0.012495872977744276,0.013537106409631272
18.600000000000005,0.016125587309960956,0.014427817161500735,0.013021991800836834,0.01220251091554691,0.01206820572402826,0.012576125540288034,0.013622132014448158
18.7,0.015988204283006978,0.0143678326756351,0.013021257808654898,0.0122422246568648,0.012132671792685061,0.01265394383516517,0.013705725148690062
18.8,0.015839244178040914,0.014298332637158517,0.013013135749363556,0.01227649547311492,0.012193330398140472,0.012729258298100767,0.013787820991892463
18.900000000000002,0.0156788469103735,0.014219368497569333,0.012997614913653279,0.012305275833485502,0.012250116885002877,0.012802000300831798,0.0138683547502352
19.000000000000004,0.015507163138018403,0.014131000274047272,0.012974690809019775,0.012328522277922692,0.012302968920095787,0.01287210222376968,0.01394726171236575
19.1,0.015324354120182303,0.014033296519071963,0.012944365200034835,0.012346195491317153,0.012351826574075155,0.012939497529227642,0.014024477306523652
19.200000000000003,0.015130591565797137,0.013926334282185683,0.012906646143386696,0.012358260374928954,0.012396632402224394,0.013004120835146748,0.014099937158926691
19.300000000000004,0.014926057472237297,0.013810199063895173,0.012861548017604276,0.012364686114938692,0.012437331524326375,0.013065907989250655,0.014173577153396764
19.400000000000002,0.014710943954373095,0.013684984761717915,0.012809091547384539,0.01236544624801621,0.012473871703514503,0.0131247961435564,0.014245333492171547
19.5,0.014485453064120982,0.013550793608382523,0.01274930382244615,0.012360518723797944,0.012506203423996871,0.013180723829166286,0.014315142757874742
19.6,0.014249796600660173,0.013407736102202882,0.01268221831083716,0.012349885964165754,0.012534279967555444,0.013233631031264077,0.014382941976596198
19.700000000000003,0.014004195911493794,0.013255930929649929,0.012607874866628663,0.012333534919221742,0.012558057488712566,0.013283459264239485,0.014448668682035664
19.8,0.01374888168454148,0.013095504880156407,0.012526319731931426,0.012311457119855098,0.012577495088465385,0.01333015164685494,0.014512260980666988
19.900000000000002,0.013484093731458861,0.01292659275319332,0.012437605533177108,0.012283648726799103,0.012592554886478695,0.013373652977375253,0.014573657617866054
20.000000000000004,0.013210080762386934,0.012749337257667453,0.012341791271610135,0.012250110576077071,0.012603202091633852,0.013413909808575965,0.01463279804495108
20.100000000000005,0.012927100152343777,0.012563888903694375,0.012238942307942306,0.012210848220740745,0.01260940507082817,0.013450870522538062,0.014689622487079983
20.2,0.01263541769947701,0.012370405886810636,0.012129130341126147,0.012165871968803775,0.012611135415918661,0.01348448540514701,0.014744072011949985
20.3,0.012335307375404846,0.012169053964695344,0.012012433381209126,0.012115196917277502,0.012608368008702053,0.013514706720199606,0.014796088599222374
20.400000000000002,0.012027051067880025,0.01196000632647854,0.01188893571623606,0.012058842982218283,0.012601081083830507,0.013541488783030138,0.014845615210632214
20.500000000000004,0.011710938316018028,0.011743443454722398,0.011758727873171854,0.011996834924697716,0.012589256289550292,0.013564788033559122,0.0148925958606923
20.6,0.01138726603833878,0.011519552980166804,0.011621906572823512,0.01192920237261043,0.012572878746165132,0.013584563108669769,0.014936975687938283
20.700000000000003,0.011056338253876728,0.011288529529340292,0.011478574678744434,0.011855979838237336,0.012551937102113863,0.01360077491381572,0.014978701026633637
20.800000000000004,0.01071846579662188,0.011050574565142808,0.011328841140111182,0.011777206731484637,0.012526423587559276,0.013613386693759767,0.015017719478865167
20.900000000000002,0.010373966023559448,0.010805896220515178,0.011172820928567816,0.011692927368723056,0.012496334065387022,0.013622364102343677,0.015053979986947595
21.0,0.010023162516582619,0.010554709125316829,0.011010634969039323,0.011603190977154195,0.012461668079507509,0.01362767527119009,0.015087432906059909
21.1,0.009666384778558516,0.010297234226540504,0.010842410064521229,0.011508051694635599,0.01242242890036159,0.01362929087723068,0.015118030077028265
21.200000000000003,0.009303967923832448,0.010033698601999895,0.010668278814858788,0.011407568564898928,0.012378623567528592,0.013627184208959617,0.01514572489917447
21.3,0.008936252363461763,0.009764335267632741,0.010488379529535432,0.011301805528099694,0.012330262929336299,0.013621331231306533,0.0151704724031394
21.400000000000002,0.008563583485474216,0.009489382978569445,0.010302856134495685,0.011190831406641628,0.01227736167937618,0.013611710649025801,0.015192229323591514
21.500000000000004,0.008186311330451796,0.00920908602412324,0.010111858073034982,0.01107471988622182,0.01221993838982629,0.013598303968492306,0.01521095417173235
21.600000000000005,0.007804790262744641,0.008923694016865116,0.009915540200794121,0.01095354949204829,0.012158015541486437,0.01358109555780352,0.015226607307500958
21.7,0.00741937863762333,0.008633461675953451,0.009714062674903004,0.010827403560184726,0.012091619550435067,0.013560072705073714,0.015239151011378335
21.8,0.00703043846468283,0.008338648604893938,0.00950759083732446,0.01069637020398287,0.012020780791214818,0.013535225674820711,0.015248549555704833
21.900000000000002,0.006625484347584452,0.008029703967698247,0.009289353927743358,0.010556075253600056,0.011943056325332982,0.01350560270488253,0.015254974425246254
22.000000000000004,0.006257573213719347,0.0077564884302028,0.009105189620120798,0.010448047980724249,0.01189580144922287,0.013504746695948339,0.015288593896873214
22.1,0.005937652190384567,0.007527371504779545,0.008961037119083123,0.01037614499199136,0.011881206493781146,0.013533572147159542,0.01534937088997163
22.200000000000003,0.005663926734420403,0.007341056833830402,0.00885606725733883,0.010339937296646893,0.011899163773980282,0.013592219100427953,0.015437632091894587
22.300000000000004,0.005434861428930725,0.007196489085250986,0.008789672664707624,0.010339199230608238,0.011949752341269188,0.013680999984138225,0.01555386436154537
22.400000000000002,0.0052491713706203855,0.007092847907068728,0.00876146413208944,0.010373906892010244,0.012033238093723291,0.013800401027388599,0.01569871713969185
22.5,0.005105814962346047,0.007029543206694318,0.008771268211377282,0.01044423772531782,0.012150074954775545,0.013951084672647843,0.015873005797354393
22.6,0.005003988070452598,0.007006211727144802,0.008819126035704113,0.01055057124877775,0.012300907123733109,0.01413389299663639,0.01607771593717603
22.700000000000003,0.004943119514120353,0.007022714899911005,0.008905293351324322,0.010693490926474956,0.012486572407378651,0.01434985215498797,0.016314008668099088
22.8,0.00492286786142259,0.007079137961333374,0.009030241759277049,0.010873787192737187,0.01270810664808361,0.01460017787204386,0.016583226879195986
22.900000000000002,0.0049431195141204625,0.007175790326458576,0.00919466117179557,0.01109246164313093,0.012966749270044228,0.01488628200302462,0.016886902544119724
23.000000000000004,0.005003988070452797,0.007313207221416452,0.009399463495257294,0.011350732412846535,0.013263949971520443,0.015209780201827294,0.017226765093410173
23.100000000000005,0.0051058149623463694,0.007492152582419187,0.00964578755834946,0.011650040769920439,0.013601376597369071,0.01557250073386528,0.017604750897815873
23.200000000000003,0.0052491713706207584,0.007713623236585878,0.009935005311091712,0.011992058957522376,0.013980924232722106,0.0159764944797139,0.018023013911954155
23.3,0.005434861428931221,0.007978854386972371,0.010268729327453433,0.012378699326484922,0.014404725565438745,0.01642404618190241,0.018483937534000842
23.400000000000002,0.005663926734420998,0.008289326431479952,0.010648821651565308,0.01281212480640802,0.01487516257195424,0.016917686994030085,0.01899014774376393
23.500000000000004,0.005937652190385261,0.008646773152767961,0.011077404034993188,0.013294760771074639,0.015394879588440784,0.01746020839850549,0.019544527588473196
23.6,0.006257573213720148,0.009053191323945886,0.011556869620260642,0.013829308361603032,0.015966797836779976,0.018054677566684205,0.0201502330929066
23.700000000000003,0.006625484347585357,0.009510851782712795,0.012089896133814775,0.01441875933877993,0.016594131482813808,0.018704454243011363,0.02081071067821197
23.800000000000004,0.007030438464683833,0.010006372990885283,0.012661068571145198,0.015046189446379558,0.017258958509088238,0.019391043664850775,0.021507215471320573
23.900000000000006,0.007419378637624461,0.010484769579804439,0.013214861097190281,0.01565671036208406,0.01790784342121579,0.020062936264931948,0.022190388124819323
24.0,0.0078047902627458796,0.010961289246757332,0.013768825622713404,0.01626958716578286,0.018561192209926077,0.020741206135763874,0.02288161351442092
24.1,0.008186311330453139,0.011435473194622247,0.014322425041775454,0.016884229614951188,0.019218386645310642,0.02142522827354399,0.023580276079349545
24.200000000000003,0.008563583485475618,0.01190686412949023,0.014875120951789379,0.01750004311611918,0.019878801177404804,0.02211436767777848,0.02428574796744408
24.3,0.008936252363463303,0.012375006699255078,0.01542637416227776,0.01811642926241872,0.020541803462279094,0.022807979832949386,0.024997389448274655
24.400000000000002,0.00930396792383412,0.012839447931942805,0.015975645208092318,0.01873278638083297,0.021206754902924584,0.023505411209475715,0.025714549349246444
24.500000000000004,0.009666384778560268,0.01329973767335597,0.01652239486661738,0.019348510088689513,0.021873011204558545,0.024205999783738195,0.026436565514616768
24.600000000000005,0.010023162516584493,0.013755429023607227,0.017066084678469432,0.019962993858920704,0.022539922943958898,0.024909075576903306,0.02716276528736536
24.700000000000003,0.010373966023561436,0.01420607877211414,0.017606177471196673,0.020575629593596167,0.02320683615240373,0.0256139612122621,0.02789246601377384
24.8,0.010718465796623972,0.014651247830627392,0.018142137885472736,0.021185808205217583,0.023873092911767847,0.026319972490756422,0.02862497557057732
24.900000000000002,0.011056338253878941,0.015090501663863352,0.01867343290327229,0.021792920205247153,0.024538031963310464,0.027026418984341858,0.029359592914484377
25.000000000000004,0.011387266038341112,0.01552341071731209,0.01919953237750711,0.022396356299326382,0.025200989328654534,0.027732604646799552,0.030095608653841664
25.1,0.011710938316020509,0.015949550841792625,0.019719909562595055,0.02299550798862465,0.025861298942437307,0.02843782844158309,0.03083230564217851
25.200000000000003,0.01202705106788261,0.016368503714327187,0.020234041645427803,0.023589768176742666,0.02651829329609126,0.029141384986245883,0.03156895959332709
25.300000000000004,0.012335307375407573,0.016779857254908527,0.020741410276195953,0.02417853178157962,0.027171304092182536,0.029842565212972207,0.032304839717767875
25.400000000000006,0.012635417699479849,0.017183206038734994,0.021241502098525666,0.024761196351559316,0.02781966290871571,0.030540657044694806,0.033039209379834455
25.5,0.01292710015234676,0.0175781517034908,0.021733809278375708,0.025337162685595924,0.028462701872789264,0.031234946086252383,0.033771326775343065
25.6,0.01321008076239007,0.017964303351251057,0.022217830031138457,0.025905835456165552,0.029099754342960273,0.03192471633000918,0.03450044562918948
25.700000000000003,0.013484093731462102,0.01834127794459458,0.02269306914638515,0.026466623834838672,0.029730155599657745,0.03260925087532562,0.035225815912419196
25.8,0.013748881684544877,0.018708700696510212,0.02315903850969229,0.027018942119613976,0.030353243542955557,0.03328783266123426,0.03594668457820916
25.900000000000002,0.014004195911497288,0.019066205453686588,0.02361525762098268,0.02756221036338342,0.030968359397004153,0.03395974521164696,0.03666229631620835
26.000000000000004,0.014249796600663788,0.019413435072779664,0.024061254108812487,0.028095855002846247,0.03157484842038298,0.034624273392385795,0.03737189432458324
26.100000000000005,0.014485453064124725,0.019750041789256843,0.024496564240034904,0.028619309487179903,0.03217206062163379,0.03528070417929946,0.038074721099118476
26.200000000000003,0.01471094395437696,0.020075687578421476,0.024920733424268107,0.029132014905764524,0.03275935147919505,0.03592832743669113,0.038770019238667366
26.3,0.01492605747224129,0.020390044508227404,0.025333316712597132,0.029633420614250373,0.03333608266495373,0.03656643670526188,0.03945703226619372
26.400000000000002,0.01513059156580122,0.020692795083499155,0.025733879289937263,0.03012298485824616,0.033901622770601735,0.03719432999873606,0.04013500546462753
26.500000000000004,0.015324354120186508,0.020983632581179357,0.026121996960488565,0.03060017539390144,0.03445534803596937,0.03781131060830284,0.04080318672669647
26.6,0.01550716313802272,0.02126226137623241,0.02649725662571295,0.03106447010464651,0.03499664307849115,0.03841668791399252,0.0414608274178662
26.700000000000003,0.0156788469103779,0.021528397257840427,0.026859256754266116,0.031515357613349525,0.03552490162293995,0.039009778202060384,0.04210718325147764
26.800000000000004,0.01583924417804545,0.021781767735534533,0.027207607843320245,0.031952337889142014,0.03603952723055298,0.03958990548743111,0.04274151517512744
26.900000000000006,0.015988204283011606,0.022022112334914655,0.0275419328707172,0.032374922848163026,0.03653993402664981,0.04015640234023783,0.04336309026730563
27.000000000000004,0.016125587309965685,0.022249182882615695,0.027861867737394883,0.03278263694746471,0.0370255474258435,0.04070861071544065,0.04397118264325754
27.1,0.01625126421771978,0.022462743780191405,0.02816706169953542,0.03317501777132229,0.03749580485391565,0.041245882784512314,0.04456507436899624
27.200000000000003,0.016365116960414563,0.022662572266592997,0.028457177789888547,0.0335516166091872,0.03795015646542068,0.04176758176812964,0.045144056382374634
27.3,0.016467038598397522,0.02284845866893076,0.028731893227729673,0.033911999024522584,0.03838806585608318,0.04227308276880084,0.04570742942005518
27.400000000000002,0.016556933398669205,0.023020206641216713,0.028990899816920022,0.03425574541375934,0.038809010769020325,0.042761773602331105,0.04625450494921059
27.500000000000004,0.016634716924803415,0.023177633390796627,0.02923390433154169,0.03458245155461197,0.03921248379383577,0.043233055627005974,0.046784606102745485
27.600000000000005,0.016700316116256688,0.02332056989219051,0.02946062888859109,0.03489172914299577,0.03959799305760256,0.04368634456935624,0.0472970686167679
27.700000000000003,0.01675366935699268,0.02344886108807191,0.02967081130722105,0.03518320631778826,0.03996506290676625,0.0441210713453424,0.04779124176906814
27.8,0.016794726533356657,0.023562366077127726,0.029864205454032806,0.035456528172684146,0.04031323457897177,0.04453668287578972,0.048266489317250805
27.900000000000002,0.016823449081146587,0.02366095828855188,0.030040581573928433,0.03571135725439406,0.04064206686383359,0.044932642894875134,0.0487221904352049
28.000000000000004,0.016839810021835565,0.023744525642938594,0.03019972660604547,0.03594737404644765,0.040951136751653926,0.045308432750463555,0.04915774064654004
28.1,0.016843793987912324,0.02381297069935329,0.030341444484307648,0.03616427743786379,0.04124004006909254,0.04566355219507498,0.04957255275357404
28.200000000000003,0.016835397237315468,0.023866210788372047,0.03046555642213661,0.0363617851759633,0.04150839210079935,0.04599752016624561,0.049966057760457726
28.300000000000004,0.016814627656948456,0.023904178130893038,0.030571901180884053,0.03653963430260349,0.04175582819600924,0.0463098755550465,0.05033770578899358
28.400000000000006,0.016781504755271626,0.023926819942537564,0.030660335321554943,0.03669758157312878,0.041982004359117565,0.046600177961507075,0.05068696698567171
28.500000000000004,0.016736059643978028,0.023934098523471285,0.03073073343940994,0.0368354038573386,0.04218659782324072,0.04686800843568777,0.051013332418426274
28.6,0.016678335008771205,0.023925991333489948,0.030782988381046993,0.036952898521788895,0.04236930760578563,0.0471129702031363,0.05131631496161674
28.700000000000003,0.016608385069271023,0.023902491052228875,0.03081701144357787,0.03704988379275413,0.042529855045053466,0.04733468937346917,0.051595450167702665
28.800000000000004,0.016526275528086345,0.023863605624368536,0.030832732555535456,0.03712619909919395,0.04266798431690819,0.04753281563080659,0.05185029712406373
28.900000000000002,0.016432083509101914,0.023809358289724476,0.030830100439156575,0.0371817053950807,0.04278346293055849,0.04770702290479462,0.05208043929343365
29.000000000000004,0.016325897485037395,0.02373978759812353,0.03080908275371187,0.037216285460463384,0.04287608220250465,0.047857010020959045,0.052285485336362125
29.100000000000005,0.01620781719434642,0.023654947408983613,0.03076966621956353,0.037229844180658764,0.042945657707720734,0.04798250132912351,0.052465069914162346
29.200000000000003,0.016077953547534784,0.023554906875529823,0.030711856722655816,0.03722230880298068,0.042992029707155335,0.04808324730864457,0.05261885447074227
29.3,0.015936428522983753,0.023439750413594383,0.030635679399160173,0.03719362917043658,0.04301506355064794,0.04815902514922515,0.052746527991772915
29.400000000000002,0.015783375052378545,0.023309577654963484,0.03054117870001617,0.03714377793184241,0.04301465005438288,0.04820963930606448,0.05284780773959533
29.500000000000004,0.015618936895848059,0.02316450338525005,0.030428418435129726,0.03707275072782741,0.04299070585201016,0.048234922028137756,0.052922439962309324
29.6,0.0154432685069338,0.02300465746628722,0.030297481797012037,0.036980566352224194,0.04294317371859812,0.04823473385839163,0.052970200575465844
29.700000000000003,0.015256534887514765,0.022830184743051575,0.03014847136366063,0.03686726688836204,0.04287202286659583,0.04820896410467943,0.05299089581481305
29.800000000000004,0.01505891143282433,0.022641244935144328,0.02998150908050939,0.03673291781980683,0.04277724921300566,0.04815753128026201,0.05298436285854568
29.900000000000002,0.014850583766705016,0.022438012512870698,0.029796736221292922,0.03657760811511652,0.04265887561700414,0.04808038351273671,0.05295047041752668
30.000000000000004,0.014631747567255538,0.022220676557976937,0.029594313327695316,0.03640145028620783,0.04251695208726073,0.04797749892027308,0.05288911929196237
30.1,0.0144026083830343,0.021989440609118734,0.029374420127675018,0.036204580419956715,0.04235155595825168,0.04784888595406086,0.05280024289303822
30.200000000000003,0.014163381439991653,0.021744522492151756,0.029137255432381177,0.03598715818268494,0.042162792034873886,0.04769458370590945,0.05268380772804943
30.300000000000004,0.013914291439312124,0.021486154135350138,0.028883037011600738,0.03574936679721326,0.041950792704722975,0.04751466217996713,0.052539813847567625
30.400000000000006,0.013655572346357597,0.021214581369676695,0.028612001447698477,0.03549141299219248,0.04171571801740794,0.047309222527557794,0.05236829525323981
30.5,0.013387467170907549,0.020930063714241998,0.028324403968037603,0.03521352692345572,0.04145775573032604,0.04707839724417778,0.05216932026483177
30.6,0.013110227738905071,0.020632874147108207,0.028020518255891875,0.03491596206716468,0.04117712132035842,0.046822350327723444,0.05194299184516973
30.700000000000003,0.012824114455921649,0.020323298861607803,0.02770063623988644,0.03459899508455871,0.04087405796096979,0.04654127739707045,0.05168944788167042
30.800000000000004,0.01252939606256331,0.020001637008363618,0.027365067862027758,0.03426292565814667,0.04054883646425864,0.0462354057701623,0.05140886142319173
30.900000000000002,0.012226349382047811,0.01966820042321276,0.027014140824410237,0.03390807629921529,0.04020175518752627,0.04590499450081191,0.05110144087099677
31.000000000000004,0.01191525906018991,0.019323313341252146,0.026648200314710376,0.03353479212656645,0.03983313990398153,0.04555033437347015,0.0507674301226339
31.100000000000005,0.011596417298039306,0.018967312097239362,0.02626760871060795,0.03314344061642598,0.03944334363725126,0.04517174785526031,0.05040710866765014
31.200000000000006,0.011270123577421867,0.01860054481259774,0.02587274526329496,0.03273441132350714,0.039032746459394134,0.044769589004637976,0.05002079163402876
31.3,0.010936684379642111,0.018223371069289486,0.0254640057602638,0.032308115573246594,0.038601755252178065,0.04434424333607529,0.04960882978438797
31.400000000000002,0.010596412897611405,0.017836161570836714,0.025041802167588192,0.03186498612526909,0.038150803431422374,0.0438961276402418,0.04917160946096753
31.500000000000004,0.010249628741671922,0.017439297790783615,0.024606562251937924,0.031405476808172766,0.037680350634253186,0.04342568975919826,0.048709552478531634
31.6,0.009896657639393031,0.017033171608909,0.02415872918259458,0.030930062125768133,0.03719088236917476,0.04293340831619001,0.04822311596438202
31.700000000000003,0.00953783112962164,0.016618184935512228,0.023698761113760094,0.030439236834940563,0.036682909628906184,0.042419792399678864,0.04771279214473014
31.800000000000004,0.009173486251074284,0.016194749324109477,0.023227130747477277,0.029933515495345328,0.03615696846599361,0.04188538120132843,0.04717910807676309
31.900000000000006,0.008803965225763346,0.015763285572891587,0.022744324877505467,0.029413431991183563,0.0356136195312474,0.04133074360771386,0.046622625325823897
32.00000000000001,0.008429615137554403,0.015324223315308323,0.022250843914521548,0.02887953902534795,0.035053447575121265,0.04075647774559616,0.0460439395871675
32.1,0.008050787606157433,0.014878000600156656,0.021747201393041222,0.028332407586265193,0.03447706091219965,0.040163210480677884,0.04544368025189888
32.2,0.007667838456857038,0.014425063461564386,0.02123392346048066,0.027772626387803468,0.033885090849009036,0.03955159686981894,0.04482250991671326
32.300000000000004,0.007281127386292878,0.013965865479272588,0.020711548348803933,0.027200801282652457,0.03327819107544183,0.03892231956676633,0.04418112383720915
32.400000000000006,0.006891017624603653,0.013500867329632522,0.020180625829225574,0.02661755464962374,0.032657037020115756,0.03827608818153268,0.043520249324591614
32.50000000000001,0.006497875594252002,0.013030536327745198,0.019641716650463832,0.026023524755359306,0.032022325170070004,0.03761363859361968,0.04284064508569659
32.60000000000001,0.006102070565851296,0.012555345961182622,0.019095391961061903,0.025419365090976306,0.031374772355247035,0.03693573221937318,0.042143100506357084
32.7,0.005703974311316732,0.012075775415741605,0.018542232716319763,0.0248057436842149,0.030715114998262703,0.03624315523382333,0.04142843487822741
32.8,0.00530396075466745,0.011592309093690727,0.017982829070402676,0.02418334238769749,0.030044108330038073,0.03553671774745215,0.04069749656927803
32.9,0.004902405620806868,0.011105436124982854,0.01741777975421401,0.02355285614394515,0.029362525571917264,0.03481725293839764,0.03995116213829014
33.0,0.004499686082611745,0.010615649871913952,0.016847691439644052,0.02291499222783718,0.02867115708495062,0.03408561614069591,0.03919033539375131
33.1,0.00409618040666101,0.010123447427719527,0.016273178090826755,0.022270469467238967,0.027970809487093948,0.03334268388923796,0.03841594639768989
33.2,0.003692267597937459,0.009629329109607957,0.015694860303060134,0.02162001744255956,0.0272623047391182,0.03258935292219629,0.03762895041507515
33.300000000000004,0.0032883270438355938,0.009133797946740026,0.015113364630063669,0.020964375666041313,0.026546479200097176,0.031826539141766017,0.03683032680951148
33.400000000000006,0.0028847381578107466,0.008637359163669325,0.01452932290026954,0.02030429274161797,0.025824182653382037,0.03105517653414071,0.03602107788607687
33.50000000000001,0.0024818800230032665,0.008140519659769242,0.01394337152286193,0.019640525506215978,0.02509627730404964,0.030276216049728598,0.03520222768226027
33.6,0.002080131036173164,0.007643787485175686,0.01335615078429878,0.018973838153410874,0.024363636748850295,0.029490624444694743,0.0343748207080554
33.7,0.001679868552279487,0.007147671313783555,0.012768304136067613,0.01830500134038239,0.023627144919749477,0.02869938308499987,0.033539920636380276
33.800000000000004,0.0012814685300381531,0.006652679913839866,0.012180477474446054,0.01763479127914966,0.022887695002205458,0.027903486714184064,0.0326986089451136
33.900000000000006,0.0008853051787913666,0.006159321616681872,0.011593318413052594,0.016963988813100305,0.022146188329392417,0.02710394218623007,0.03185198351213589
34.00000000000001,0.0004917506070199473,0.005668103784173759,0.011007475548990946,0.016293378479859077,0.021403533253615097,0.02630176716491352,0.03100115716487619
34.10000000000001,0.00010117447282931985,0.005179532275399009,0.010423597723405086,0.015623747561574542,0.02066064399623303,0.02549798879113819,0.03014725618598484
34.2,-0.0002860563632632474,0.004694110913169995,0.009842333277277161,0.014955885123732327,0.01991843947745049,0.024693642319822774,0.029291418776849477
34.3,-0.000669578182913513,0.00421234095091876,0.009264329303313945,0.014290581043632582,0.01917784212738848,0.02388976972798601,0.02843479348078403
34.4,-0.0010490307515837877,0.003734720540536015,0.008690230894779254,0.013628625029698782,0.018439776679898243,0.023087418295762784,0.02757853756783886
34.5,-0.0014240576569041173,0.0032617442017267946,0.00812068039214248,0.012970805632810454,0.017705168950629662,0.02228763916214043,0.026723815383266493
34.6,-0.00179430664344355,0.002793902293452816,0.0075563166284232436,0.01231790925087989,0.016974944600910872,0.021491485857297134,0.025871796661809075
34.7,-0.002159429943576697,0.0023316804880322605,0.006997774174121865,0.011670719127915875,0.01625002788904283,0.020700012813481224,0.025023654810039195
34.800000000000004,-0.002519084604135073,0.0018755592484674842,0.006445682582634762,0.011030014348841414,0.015531340410652603,0.01991427385645059,0.024180565159135577
34.900000000000006,-0.0028729328085363047,0.0014260133095711563,0.005900665637060262,0.010396568831353703,0.014819799829796244,0.019135320679548234,0.023343703190526893
35.00000000000001,-0.003220642194088608,0.0009835111634595604,0.005363340599308372,0.00977115031613454,0.014116318602536938,0.01836420130256682,0.022514242736969073
35.1,-0.00356188616417262,0.0005485145499804648,0.004834317462432417,0.009154519356738005,0.013421802694762458,0.017601958517606663,0.021693354161692262
35.2,-0.003896344195007102,0.00012147795264038069,0.00431419820710499,0.008547428310499006,0.01273715029604394,0.016849628324201386,0.020882202518358248
35.300000000000004,-0.0042237021367107636,-0.0002971518994070591,0.003803576063165317,0.007950620331821307,0.012063250531368227,0.016108238356035573,0.020081945694654702
35.400000000000006,-0.00454365250837703,-0.0007069365227533875,0.003303034777164757,0.007364828369217553,0.011400982172607444,0.015378806301636124,0.019293732542427066
35.50000000000001,-0.004855894786884866,-0.0011074461639544843,0.002813147886841199,0.006790774167484862,0.01075121235161997,0.014662338321472335,0.01851870099734498
35.60000000000001,-0.005160135689174255,-0.0014982602760277124,0.002334478003450489,0.006229167276409856,0.010114795276898092,0.013959827463942896,0.01775797619116322
35.70000000000001,-0.005465672195414766,-0.0018912978856838241,0.0018524513874180774,0.005662933727649231,0.009472406986436213,0.013249966419654091,0.016988507640478295
35.8,-0.005758386560989852,-0.0022681646691347732,0.001389895837439468,0.005119185997460465,0.008855125422124648,0.012567434873218167,0.016248241111097492
35.9,-0.006029983530808818,-0.0026181483902754316,0.0009599941966782011,0.004613457317528954,0.008280621401097163,0.011931808503076638,0.015558444909865242
36.0,-0.006281986582382812,-0.002943169009577415,0.0005604355323888012,0.004143079132176205,0.007745914760953872,0.011339841976257849,0.014915649262915992
36.1,-0.0065158092844348585,-0.0032450092013532337,0.000189072860991007,0.003705570901734643,0.007248234030012878,0.010788515982329126,0.014316624861811853
36.2,-0.006732763226075861,-0.0035253241820401874,-0.00015608851163359094,0.0032986268063338177,0.006785001739614209,0.01027502139118604,0.013758366068959964
36.300000000000004,-0.006934065373943046,-0.0037856508340436616,-0.0004769018186294022,0.0029201033934286905,0.006353820775267294,0.009796744528171052,0.013238075304840799
36.400000000000006,-0.0071208448985695845,-0.004027416175689855,-0.0007750888888374396,0.0025680081018432375,0.0059524616928039,0.009351253487243126,0.012753148533273518
36.50000000000001,-0.007294149508276731,-0.0042519452242064625,-0.0010522494867924474,0.002240488599908081,0.005578850930983692,0.008936285408571446,0.012301161766936203
36.6,-0.0074549513261174,-0.0044604682952791175,-0.0013098699872412085,0.001935822879732534,0.005231059856882598,0.008549734652184136,0.011879858520903334
36.7,-0.007604152342836911,-0.004654127779603582,-0.0015493314317106422,0.001652410053792267,0.0049072945849439305,0.008189641804177935,0.01148713814710263
36.800000000000004,-0.007742589476438275,-0.004833984433950322,-0.0017719170112523853,0.0013887618038583797,0.004605886514787731,0.007854183456518272,0.011121044987396024
36.900000000000006,-0.007871039266733004,-0.005001023221563832,-0.001978819016331366,0.0011434944358620493,0.004325283536786436,0.007541662705664594,0.010779758287409288
37.00000000000001,-0.007990222231210497,-0.0051561587342184734,-0.0021711452918945903,0.0009153214976023762,0.004064041858054619,0.007250500319152314,0.010461582817366387
37.10000000000001,-0.008100806906659697,-0.005300240225931656,-0.0023499252329344687,0.0007030469192800919,0.003820818404868562,0.006979226522886997,0.010164940150001911
37.20000000000001,-0.008203413599213762,-0.005434056286181227,-0.002516115353335125,0.0005055586396956924,0.003594363760671017,0.0067264733652669904,0.009888360549181697
37.300000000000004,-0.008298617863852923,-0.005558339178474744,-0.0026706044584442197,0.00032182268360115554,0.003383515601717902,0.006490967617370419,0.009630475426151117
37.4,-0.00838695373288335,-0.005673768868262802,-0.0028142184496366546,0.00015087765815544963,0.0031871925951312005,0.006271524171343391,0.009390010323397282
37.5,-0.00846891671150153,-0.005780976762466477,-0.0029477247871146778,-8.170361280623092e-06,0.0030043887266241248,0.006067039901814829,0.009165778388951808
37.6,-0.008544966557247298,-0.005880549181290579,-0.0030718366353133693,-0.0001561525836535865,0.0028341680274954493,0.005876487957661275,0.008956674306592687
37.7,-0.008615529858936403,-0.005973030581510799,-0.003187216713538393,-0.0002938419187037268,0.0026756596726520985,0.005698912453766974,0.008761668649860584
37.800000000000004,-0.008681002429538731,-0.006058926549046047,-0.003294480872846131,-0.0004219570812733532,0.002528053423423752,0.005533423534577392,0.008579802630080824
37.900000000000006,-0.008741751526424549,-0.0061387065773490694,-0.003394201418675079,-0.0005411664055831294,0.0023905953908007075,0.005379192783244436,0.00841018321068484
38.00000000000001,-0.008798117911432946,-0.006212806646962476,-0.0034869101973438246,-0.0006520913900460801,0.0022625840964542736,0.005235448952019767,0.008251978562097632
38.1,-0.008850417762318047,-0.006281631620485973,-0.0035731014632370667,-0.0007553099917245014,0.0021433668105076934,0.005101473991279505,0.00810441383327268
38.2,-0.008898944446294927,-0.006345557466179087,-0.003653234542299858,-0.0008513596881757467,0.002032336146518916,0.004976599356161876,0.007966767217649705
38.300000000000004,-0.008943970165633652,-0.006404933322474724,-0.0037277363063451803,-0.0009407403231701536,0.0019289268955204383,0.00486020257129195,0.00783836629288379
38.400000000000006,-0.00898574748453213,-0.00646008341479876,-0.0037970034716442915,-0.0010239167515920932,0.0018326130822527865,0.004751704035446399,0.007718584615150012
38.50000000000001,-0.009024510745832473,-0.006511308835273559,-0.0038614047343081504,-0.0011013212977465687,0.0017429052279197437,0.0046505640492962895,0.007606838550185979
38.60000000000001,-0.009060477385527756,-0.006558889195124765,-0.003921282754075565,-0.0011733560402826407,0.0016593478049071455,0.004556280050559134,0.007502584324495523
38.70000000000001,-0.009093849152432639,-0.006603084158906679,-0.003976955997294922,-0.0012403949360062349,0.001581516869937002,0.004468384041995925,0.00740531528129966
38.800000000000004,-0.00912481323985941,-0.006644134869007969,-0.004028720449117015,-0.0013027857939828247,0.0015090178630872372,0.004386440198722166,0.007314559326919041
38.9,-0.00915354333564736,-0.006682265268292844,-0.004076851204201917,-0.0013608521105208488,0.0014414835609973821,0.004310042642252677,0.0072298765542668075
39.0,-0.00918020059643552,-0.006717683328169716,-0.004121603944579463,-0.0014148947748746144,0.001378572173406692,0.0042388133695924835,0.007150857031084483
39.1,-0.009204934551643694,-0.0067505821888566835,-0.004163216312687079,-0.0014651936548069678,0.0013199655729393253,0.004172400326507103,0.007077118741410205
39.2,-0.009227883942232602,-0.006781141218128049,-0.0042019091870365175,-0.0015120090705034138,0.001265367648764829,0.004110475614874132,0.007008305669588299
39.300000000000004,-0.009249177498947953,-0.0068095269943756085,-0.004237887867430068,-0.0015555831647266873,0.0012145027754238208,0.004052733824728711,0.006944086016877583
39.400000000000006,-0.0092689346644139,-0.006835894219400484,-0.004271343176153775,-0.0015961411765413177,0.00116711438872501,0.003998890482277908,0.006884150541414013
39.50000000000001,-0.009287266263126355,-0.006860386565963161,-0.004302452481116953,-0.0016338926254178794,0.0011229636611921094,0.003948680605772265,0.006828211012932651
39.6,-0.009304275123104343,-0.00688313746475914,-0.004331380646482375,-0.00166903241204386,0.0010818282700680686,0.0039018573616954,0.006775998774261406
39.7,-0.009320056652686502,-0.006904270835153239,-0.004358280915936321,-0.0017017418417194588,0.0010435012513812518,0.0038581908142614058,0.006727263402152886
39.800000000000004,-0.009334699375708074,-0.006923901763695129,-0.004383295733381234,-0.0017321895758004024,0.0010077899340331226,0.003817466761704826,0.00668177146054948
39.900000000000006,-0.00934828542806048,-0.006942137134150572,-0.004406557505492977,-0.001760532516262469,0.000974514948295609,0.0037794856533038285,0.006639305339853779
40.00000000000001,-0.009360891018418803,-0.006959076212515218,-0.004428189310268534,-0.0017869166281033388,0.0009435093035008852,0.003744061581505421,0.00659966217623398
40.10000000000001,-0.009372586855721496,-0.006974811190229635,-0.004448305555396395,-0.0018114777039632455,0.0009146175300747813,0.003711021343915231,0.006562652845404576
40.20000000000001,-0.009383438545800312,-0.006989427688583565,-0.004467012590008847,-0.0018343420750357542,0.0008876948814063969,0.0036802035702835135,0.006528101025720268
40.300000000000004,-0.009393506959385152,-0.007003005227083508,-0.004484409273122467,-0.0018556272720518768,0.0008626065913642124,0.0036514579099598096,0.006495842325773869
40.4,-0.009402848573548199,-0.007015617658358942,-0.004500587501837518,-0.0018754426398529052,0.0008392271835645179,0.0036246442756072772,0.006465723472031215
40.5,-0.009411515788502552,-0.0070273335719981895,-0.004515632702148678,-0.0018938899088186724,0.0008174398287715158,0.0035996321392623,0.006437601552346692
40.6,-0.009419557221532402,-0.007038216669533542,-0.004529624285016551,-0.0019110637261868894,0.0007971357470641616,0.003576299877099877,0.006411343311492368
40.7,-0.009427017979703509,-0.007048326112636427,-0.0045426360701609145,-0.001927052150084409,0.0007782136516406111,0.003554534159519871,0.006386824495104447
40.800000000000004,-0.009433939912883701,-0.007057716846435725,-0.0045547366798616455,-0.0019419371088918846,0.0007605792313530128,0.0035342293834074293,0.006363929238703221
40.900000000000006,-0.009440361848492672,-0.00706643989973538,-0.004565989904890662,-0.001955794828377872,0.0007441446692675337,0.0035152871436398094,0.006342549498674176
41.00000000000001,-0.009446319809297847,-0.007074542663780199,-0.004576455044547211,-0.0019686962288661593,0.0007288281947375307,0.0034976157411186095,0.006322584522315197
41.1,-0.00945184721547805,-0.007082069151100637,-0.004586187222628536,-0.001980707294540235,0.0007145536666519543,0.0034811297247952476,0.006303940354258956
41.2,-0.009456975072088364,-0.007089060235857705,-0.00459523768103766,-0.001991889416839843,0.000701250185687133,0.0034657494653362237,0.006286529376763648
41.300000000000004,-0.009461732142977783,-0.007095553877007344,-0.004603654052609009,-0.0020022997137666056,0.0006888517335421002,0.003451400758238168,0.00627026988154387
41.400000000000006,-0.009466145112135171,-0.007101585325509008,-0.004611480614620102,-0.002011991326787112,0.0006772968372798689,0.003438014454357161,0.006255085670971296
41.50000000000001,-0.00947023873336862,-0.007107187316715492,-0.004618758524353131,-0.002021013696902598,0.0006665282570285768,0.003425526115957812,0.00624090568663117
41.60000000000001,-0.009474035969157761,-0.00711239024899947,-0.004625526037973209,-0.0020294128213433544,0.0006564926954200046,0.0034138756965216375,0.00622766366335561
41.70000000000001,-0.009477558119457942,-0.00711722234959656,-0.004631818713899826,-0.002037231492242948,0.0006471405272564163,0.0034030072426761934,0.006215297806989914
41.800000000000004,-0.009480824941178738,-0.007121709828574416,-0.00463766960176442,-0.002044509518551432,0.0006384255480027011,0.0033928686167217156,0.006203750494267204
41.9,-0.009483854759007008,-0.007125877021772097,-0.004643109417969049,-0.002051283932357756,0.0006303047398003694,0.003383411238338645,0.006192967993279929
42.0,-0.009486664568196152,-0.007129746523493321,-0.00464816670878881,-0.0020575891807086072,0.0006227380537902421,0.0033745898441580853,0.006182900203143962
42.1,-0.009489270129898116,-0.00713333930968092,-0.004652868001893539,-0.0020634573039340835,0.0006156882076176545,0.003366362263970085,0.006173500411546083
42.2,-0.009491686059572934,-0.007136674852247528,-0.004657237947101783,-0.0020689181014189053,0.0006091204970718204,0.0033586892124300525,0.006164725068959323
42.300000000000004,-0.009493925908971681,-0.007139771225188919,-0.004661299447122024,-0.0020739992856913764,0.0006030026208861606,0.0033515340952037288,0.006156533578394219
42.400000000000006,-0.009496002242152746,-0.007142645203061337,-0.004665073778982197,-0.00207872662564036,0.0005973045177940217,0.003344862828565382,0.006148888099633124
42.50000000000001,-0.009497926705957805,-0.0071453123523621915,-0.004668580706798327,-0.0020831240796130063,0.0005919982149987431,0.003338643671532949,0.006141753366968908
42.6,-0.009499710095342817,-0.007147787116314552,-0.004671838586486555,-0.002087213919092409,0.0005870576872764719,0.003332847069688511,0.006135096519536631
42.7,-0.009501362413930516,-0.007150082893519691,-0.004674864462979432,-0.002091016843604551,0.0005824587259850172,0.003327445509892258,0.006128886943391969
42.800000000000004,-0.00950289293012405,-0.007152212110908238,-0.004677674160467004,-0.002094552087457561,0.0005781788173040548,0.003322413385153895,0.006123096124548573
42.900000000000006,-0.009504310229096523,-0.007154186291389279,-0.00468028236614579,-0.002097837518873171,0.0005741970290796286,0.0033177268689775306,0.006117697512242175
43.00000000000001,-0.00950562226094809,-0.007156016116567609,-0.004682702707923769,-0.0021008897320301282,0.0005704939056907936,0.0033133637985444777,0.006112666391740584
43.10000000000001,-0.009506836385300697,-0.0071577114848723625,-0.0046849478264971225,-0.0021037241325019113,0.0005670513703975505,0.003309303566143517,0.006107979766067338
43.20000000000001,-0.009507959412580645,-0.007159281565415014,-0.004687029442184168,-0.0021063550165363568,0.0005638526346681495,0.003305527018300204,0.006103616246051172
43.300000000000004,-0.009508997642220534,-0.007160734847871418,-0.004688958416873882,-0.00210879564459232,0.0005608821140200189,0.003302016362095947,0.006099555948154613
43.4,-0.009509956897994866,-0.007162079188660714,-0.004690744811420107,-0.0021110583095183184,0.0005581253499420903,0.003298755078204348,0.006095780399575494
43.5,-0.00951084256068753,-0.007163321853673665,-0.0046923979387882234,-0.002113154399729945,0.0005555689374975764,0.0032957278402061104,0.00609227245014983
43.6,-0.009511659598274406,-0.007164469557784102,-0.004693926413238241,-0.0021150944577165796,0.0005532004582360126,0.003292920439775792,0.00608901619061985
43.7,-0.009512412593790385,-0.007165528501359518,-0.004695338195807077,-0.0021168882341834018,0.0005510084180700037,0.003290319717363446,0.006085996876861373
43.800000000000004,-0.009513105771037136,-0.007166504403970468,-0.004696640636332995,-0.002118544738111872,0.0005489821897983576,0.003287913498021807,0.00608320085969577
43.900000000000006,-0.009513743018275813,-0.0071674025354830605,-0.0046978405122466566,-0.002120072283000454,0.0005471119599806111,0.003285690532055721,0.00608061551993781
44.00000000000001,-0.009514327910037593,-0.0071682277447045585,-0.004698944064335998,-0.002121478529527388,0.0005453886798905074,0.003283640440194711,0.006078229208358005
44.1,-0.009514863727174422,-0.007168984485738706,-0.004699957029675982,-0.0021227705248586318,0.0005438040202968377,0.0032817536630123396,0.006076031190261389
44.2,-0.009515353475262382,-0.00716967684219488,-0.004700884671899131,-0.002123954738806601,0.0005423503298395567,0.0032800214143373155,0.00607401159440783
44.300000000000004,-0.009515799901460986,-0.007170308549383459,-0.004701731808968595,-0.002125037097028926,0.0005410205967874126,0.003278435638421118,0.006072161366020012
44.400000000000006,-0.009516205509922888,-0.0071708830146188065,-0.004702502838602223,-0.0021260230114410394,0.0005398084139806114,0.003276988970645772,0.006070472223645239
44.50000000000001,-0.009516572575840524,-0.007171403335740903,-0.004703201761483574,-0.002126917408001971,0.0005387079467781248,0.003275674701572982,0.0060689366196563085
44.60000000000001,-0.009516903158208405,-0.007171872317957007,-0.004703832202384085,-0.002127724752019076,0.00053771390384453,0.0032744867441522577,0.006067547704193631
44.70000000000001,-0.009517199111372707,-0.007172292489095521,-0.004704397429309521,-0.002128449071104607,0.0005368215106255138,0.0032734196039214763,0.006066299292368362
44.800000000000004,-0.00951746209543292,-0.007172666113355588,-0.004704900370773337,-0.0021290939759049166,0.0005360264853748928,0.003272468352047867,0.006065185834561093
44.900000000000006,-0.009517693585553886,-0.00717299520362781,-0.0047053436312897105,-0.002129662678711584,0.0005353250176086471,0.0032716286010714335,0.006064202389666111
45.0,-0.009517894880240496,-0.007173281532453623,-0.004705729505169565,-0.002130158010052895,0.0005347137488737094,0.0032708964832259876,0.006063344601144969
45.1,-0.009518067108621428,-0.007173526641683553,-0.004706059988693969,-0.0021305824333537403,0.0005341897557307633,0.0032702686312254922,0.006062608675766478
45.2,-0.009518211236782812,-0.00717373185088743,-0.004706336790730755,-0.0021309380577421103,0.0005337505348613253,0.00326974216141538,0.006061991364922978
45.300000000000004,-0.009518328073187324,-0.007173898264562936,-0.004706561341851996,-0.002131226649070945,0.000533393990219926,0.003269314659199827,0.006061489948424679
45.400000000000006,-0.009518418273209117,-0.0071740267781823025,-0.00470673480200215,-0.0021314496392149957,0.000533118422162208,0.0032689841666669155,0.006061102220685433
45.50000000000001,-0.00951848234281004,-0.007174118083110696,-0.004706858066759082,-0.0021316081336936435,0.0005329225184895544,0.0032687491723440514,0.0060608264792244935
45.6,-0.009518520641377742,-0.0071741726704237395,-0.004706931772222808,-0.0021317029176621577,0.0005328053473601542,0.003268608603026085,0.006060661515419138
