0.0,1.5412042384123386,1.5435292184879852,1.5459411561730318,1.5484319009717153,1.5509902148872974,1.5536039749272825,1.5562617561300007
0.1,1.5412043051282656,1.5435292839531594,1.5459412199777234,1.5484319630709609,1.550990275556516,1.5536040346713718,1.5562618155957006
0.2,1.541204416843285,1.5435293935609702,1.5459413267924202,1.5484320670175409,1.5509903770963094,1.553604134649635,1.556261915094759
0.30000000000000004,1.5412045743439662,1.5435295480639053,1.5459414773309716,1.5484322134865731,1.55099052014653,1.5536042754723303,1.5562620552145165
0.4,1.5412047787392487,1.5435297485228139,1.5459416725997175,1.5484324034297625,1.5509907056091419,1.553604457999685,1.5562622367828831
0.5000000000000001,1.5412050314682495,1.5435299963142757,1.5459419139043828,1.5484326380818294,1.5509909346542265,1.5536046833475399,1.5562624608736944
0.6000000000000001,1.541205334310397,1.5435302931401438,1.5459422028589793,1.548432918968784,1.5509912087276874,1.5536049528945686,1.5562627288135376
0.7000000000000001,1.5412056893979587,1.5435306410393217,1.5459425413967764,1.5484332479181069,1.5509915295607093,1.5536052682911203,1.5562630421900905
0.8,1.5412060992310541,1.5435310424018613,1.5459429317834172,1.5484336270709005,1.5509918991810365,1.5536056314697428,1.556263402862028
0.9000000000000001,1.5412065666952588,1.5435314999854806,1.5459433766322668,1.5484340588960985,1.5509923199261397,1.553606044657457,1.5562638129705606
1.0000000000000002,1.54120709508192,1.5435320169346096,1.5459438789221025,1.5484345462068243,1.5509927944583646,1.5536065103898609,1.5562642749526794
1.1,1.5412076881113312,1.5435325968021048,1.5459444420172623,1.548435092179012,1.5509933257821609,1.5536070315271564,1.5562647915561905
1.2000000000000002,1.5412083499589264,1.5435332435737754,1.5459450696903934,1.5484357003724134,1.550993917263502,1.553607611272203,1.5562653658566368
1.3000000000000003,1.5412090852846776,1.5435339616958974,1.5459457661479494,1.548436374754131,1.5509945726516279,1.5536082531907107,1.556266001276212
1.4000000000000001,1.5412098992659071,1.5435347561059005,1.5459465360586186,1.5484371197248359,1.5509952961032496,1.5536089612337083,1.556266701604786
1.5,1.5412107976337377,1.5435356322664455,1.5459473845848686,1.5484379401478434,1.5509960922093766,1.5536097397624258,1.556267471023177
1.6,1.5412117867134465,1.5435365962031238,1.5459483174178257,1.5484388413812435,1.550996966024942,1.5536105935757545,1.5562683141288123
1.7000000000000002,1.541212873469,1.5435376545460435,1.545949340815728,1.5484398293132988,1.5509979231014195,1.5536115279404585,1.556269235963942
1.8000000000000003,1.5412140655520858,1.5435388145755875,1.5459504616462085,1.5484409104013455,1.5509989695226434,1.5536125486243324,1.5562702420465828
1.9000000000000004,1.5412153713559873,1.5435400842726616,1.5459516874327006,1.5484420917144581,1.5510001119440715,1.553613661932517,1.5562713384043823
2.0000000000000004,1.5412168000746795,1.5435414723737804,1.5459530264052797,1.548443380980164,1.5510013576357395,1.5536148747472063,1.5562725316116215
2.1,1.541218361767563,1.5435429884313714,1.5459544875562845,1.548444786635514,1.551002714529196,1.5536161945709985,1.5562738288295817
2.2,1.5412200674302898,1.5435446428797166,1.5459560807011006,1.5484463178828565,1.5510041912687185,1.553617629574171,1.556275237850534
2.3000000000000003,1.541221929072183,1.5435464471069857,1.5459578165445151,1.5484479847506822,1.551005797267148,1.5536191886461794,1.5562767671456226
2.4000000000000004,1.5412239598007917,1.5435484135338613,1.5459597067530968,1.5484497981599474,1.5510075427667098,1.553620881451712,1.5562784259169455
2.5000000000000004,1.541226173914181,1.5435505556992997,1.5459617640340912,1.5484517699963183,1.5510094389052114,1.5536227184916602,1.5562802241541565
2.6000000000000005,1.541228587001601,1.5435528883540224,1.54596400222137,1.5484539131888169,1.5510114977880587,1.5536247111693904,1.556282172695946
2.7000000000000006,1.5412312160532482,1.5435554275623828,1.545966436369018,1.5484562417953966,1.5510137325665552,1.5536268718627488,1.5562842832967838
2.8000000000000003,1.541234079579893,1.5435581908133167,1.545969082853193,1.5484587710960158,1.5510161575230015,1.5536292140022574,1.5562865686993455
2.9000000000000004,1.5412371977432093,1.543561197141143,1.545971959482954,1.5484615176938321,1.5510187881631483,1.5536317521560008,1.556289042713074
3.0,1.5412405924977313,1.5435644672570523,1.5459750856208125,1.548464499625194,1.5510216413166127,1.5536345021217528,1.5562917202993742
3.1,1.5412442877454313,1.543568023692193,1.5459784823138227,1.548467736479163,1.5510247352459112,1.5536374810269333,1.556294617663972
3.2,1.5412483095040104,1.543571890953347,1.5459821724361082,1.5484712495273678,1.551028089764829,1.5536407074370342,1.5562977523570207
3.3000000000000003,1.541252686090085,1.5435760956922735,1.5459861808437945,1.5484750618650547,1.551031726366897,1.5536442014732155,1.5563011433815865
3.4000000000000004,1.541257448318561,1.5435806668898955,1.5459905345434004,1.5484791985642834,1.5510356683648228,1.5536479849398257,1.5563048113111924
3.5000000000000004,1.5412626297195953,1.5435856360565994,1.5459952628748368,1.5484836868402851,1.551039941041791,1.5536520814626675,1.556308778417165
3.6000000000000005,1.5412682667746782,1.5435910374500459,1.546000397710261,1.548488556232105,1.5510445718156225,1.5536565166388963,1.556313068806584
3.7,1.5412743991734943,1.5435969083119916,1.5460059736701388,1.5484938387987293,1.551049590416875,1.5536613181995225,1.556317708571709
3.8000000000000007,1.5412810700933706,1.5436032891257696,1.5460120283579895,1.5484995693320192,1.5510550290820535,1.5536665161855585,1.5563227259518215
3.900000000000001,1.5412883265032826,1.5436102238962104,1.5460186026154128,1.548505785587869,1.5510609227632,1.5536721431389495,1.5563281515085094
4.000000000000001,1.5412962194945563,1.5436177604539465,1.5460257407991382,1.5485125285371455,1.5510673093552434,1.5536782343095203,1.5563340183155012
4.1,1.541304804640594,1.5436259507862078,1.5460334910819846,1.5485198426380826,1.551074229942604,1.5536848278792712,1.5563403621642475
4.2,1.541314142388159,1.5436348513964029,1.5460419057797838,1.548527776131965,1.5510817290666739,1.5536919652054726,1.5563472217865568
4.3,1.5413242984829725,1.5436445236949818,1.546051041706501,1.548536381364078,1.55108985501594,1.5536996910841312,1.5563546390956915
4.4,1.5413353444326197,1.5436550344242879,1.5460609605599707,1.5485457151320807,1.551098660140657,1.553708054035528,1.5563626594474547
4.5,1.5413473580100236,1.5436664561203468,1.5460717293408883,1.5485558390641372,1.5511082011941437,1.553717106613676,1.5563713319229242
4.6000000000000005,1.5413604238010339,1.5436788676147997,1.5460834208079117,1.5485668200293479,1.5511185397029599,1.553726905741703,1.5563807096346272
4.7,1.541374633799983,1.5436923545804568,1.5460961139719849,1.5485787305832337,1.5511297423683967,1.553737513075328,1.5563908500581012
4.800000000000001,1.541390088057404,1.5437070101242625,1.546109894633258,1.5485916494512697,1.5511418815019384,1.5537489953967891,1.5564018153909518
4.9,1.5414068953844744,1.5437229354317832,1.5461248559642762,1.5486056620537128,1.5511550354975676,1.553761425041776,1.5564136729416846
5.000000000000001,1.5414251741191367,1.543740240467694,1.5461410991434157,1.5486208610752557,1.5511692893440343,1.5537748803621356,1.5564264955507956
5.1000000000000005,1.5414450529593002,1.5437590447371234,1.5461587340429055,1.548637347083337,1.5511847351804746,1.5537894462273578,1.5564403620467933
5.200000000000001,1.5414666718689851,1.5437794781131415,1.546177879976131,1.5486552291992643,1.5512014728990544,1.5538052145680938,1.5564553577400677
5.300000000000001,1.5414901830637864,1.5438016817361409,1.5461986665093352,1.548674625826669,1.5512196107986236,1.5538222849652428,1.5564715749577511
5.400000000000001,1.5415157520826042,1.5438258089913481,1.5462212343432673,1.5486956654421955,1.5512392662937062,1.5538407652884345,1.556489113622988
5.500000000000001,1.5415435589531772,1.5438520265712596,1.5462457362708095,1.5487184874537476,1.5512605666835244,1.5538607723880655,1.5565080818823118
5.6000000000000005,1.5415737994596328,1.5438805156303772,1.5462723382171384,1.5487432431320767,1.551283649986146,1.5538824328453886,1.5565285967851434
5.7,1.5416066865209745,1.5439114730402639,1.5463012203695368,1.5487700966219835,1.5513086658432873,1.5539058837855462,1.5565507850197537
5.800000000000001,1.5416424516902132,1.5439451127536408,1.5463325784045925,1.5487992260399555,1.5513357765017686,1.5539312737588433,1.5565747837104043
5.9,1.5416813467846984,1.5439816672869977,1.5463666248211867,1.548830824665635,1.551365157878135,1.5539587636960082,1.5566007412807707
6.0,1.5417236456591277,1.5440213893320223,1.5464035903884026,1.548865102235159,1.5513970007135036,1.5539885279436734,1.556628818389187
6.1000000000000005,1.541769646133718,1.5440645535070407,1.5464437257182717,1.5489022863450945,1.5514315118263116,1.5540207553868348,1.5566591889417052
6.2,1.5418196720911137,1.5441114582606472,1.5464873029741357,1.548942623976445,1.5514689154712766,1.5540556506656262,1.556692041189479
6.300000000000001,1.5418740757567977,1.5441624279407462,1.5465346177263322,1.5489863831490205,1.5515094548136117,1.5540934354943552,1.5567275789175161
6.4,1.5419332401790597,1.5442178150433965,1.546585990967924,1.5490338547173406,1.5515533935282864,1.554134350091432,1.5567660227324462
6.500000000000001,1.5419975819259828,1.5442780026570833,1.5466417713042941,1.5490853543202074,1.5516010175349784,1.5541786547295457,1.5568076114575817
6.6000000000000005,1.5420675540184403,1.5443434071194162,1.5467023373316233,1.5491412244971228,1.551652636880255,1.5542266314162358,1.5568526036442603
6.700000000000001,1.5421436491197478,1.5444144809047278,1.5467681002205638,1.5492018369858593,1.5517085877795211,1.5542785857158705,1.5569012792091959
6.800000000000001,1.5422264030044353,1.5444917157626452,1.5468395065228393,1.5492675952167234,1.5517692348323298,1.554334848724973,1.5569539412084006
6.900000000000001,1.5423163983305566,1.5445756461294728,1.5469170412200282,1.549338937020383,1.5518349734258174,1.554395779213851,1.5570109177591165
7.000000000000001,1.5424142687421012,1.5446668528361056,1.5470012310354615,1.5494163375675893,1.5519062323422894,1.554461765948583,1.5570725641221643
7.100000000000001,1.5425207033303878,1.5447659671382714,1.547092648031969,1.5495003125606897,1.5519834765883438,1.5545332302086072,1.557139264958162
7.200000000000001,1.542636451485857,1.544873675097139,1.5471919135201875,1.5495914216985476,1.5520672104644129,1.5546106285164518,1.557211436772196
7.300000000000001,1.5427623281744203,1.5449907223407702,1.5472997023042652,1.5496902724383406,1.552157980895212,1.5546944555975526,1.5572895305627605
7.4,1.5428992196755151,1.5451179192395523,1.5474167472941456,1.5497975240797304,1.5522563810433405,1.5547852475896222,1.5573740346921108
7.500000000000001,1.5430480898222718,1.5452561465316237,1.547543844516111,1.549913892199088,1.552363054230176,1.5548835855226928,1.557465477996623
7.600000000000001,1.5432099867877194,1.5454063614374502,1.5476818585560348,1.550040153463848,1.5524786981902754,1.5549900990927465,1.5575644331573262
7.700000000000001,1.5433860504648218,1.5455696043061122,1.5478317284727596,1.5501771508596422,1.5526040696877306,1.5551054707537977,1.5576715203524631
7.800000000000002,1.5435775204922968,1.5457470058395726,1.5479944742222618,1.5503257993656916,1.5527399895253686,1.555230440155397,1.5577874112157961
7.9,1.543785744982732,1.5459397949452216,1.548171203636792,1.5504870921169729,1.5528873479803238,1.555365808954834,1.5579128331263639
8.000000000000002,1.54401219001445,1.5461493072713806,1.548363120006998,1.5506621070950048,1.5530471107023816,1.5555124460357912,1.5580485738575773
8.100000000000001,1.5442584499539513,1.5463769944852002,1.5485715303192045,1.5508520143927043,1.5532203251146126,1.5556712931679126,1.5581954866158905
8.2,1.5445262586816177,1.5466244343575744,1.5487978542045402,1.5510580841026684,1.553408127359198,1.5558433711446793,1.5583544955018476
8.3,1.544817501799711,1.5468933417253115,1.54904363366152,1.5512816948825066,1.5536117498350204,1.5560297864401695,1.5585266014290735
8.4,1.5451342299086246,1.5471855804069312,1.5493105436190213,1.5515243432554535,1.55383252937759,1.5562317384287363,1.5587128885397903
8.500000000000002,1.5454786730448615,1.5475031761551006,1.5496004034124038,1.5517876537095279,1.5540719161362064,1.5564505272153808,1.558914531158701
8.6,1.5458532563823977,1.547848330735958,1.549915189251827,1.5520733896639454,1.554331483207962,1.55668756212868,1.5591328013306351
8.700000000000001,1.5462606173079776,1.5482234372334374,1.5502570477686675,1.5523834653774238,1.5546129370933095,1.5569443709325397,1.5593690769911797
8.8,1.5467036239905718,1.5486310966852492,1.5506283107333911,1.552719958879461,1.5549181290434566,1.557222609817843,1.5596248508237052
8.900000000000002,1.5471853955757364,1.5490741361664744,1.551031511046335,1.553085126012647,1.555249067375891,1.5575240742402718,1.559901739860711
9.0,1.5477093241470627,1.5495556284468215,1.551469400111641,1.5534814156816887,1.5556079308408737,1.5578507106762365,1.5602014958923318
9.100000000000001,1.5482790986093438,1.5500789133585915,1.5519449667141543,1.5539114864130614,1.555997083128859,1.5582046293749792,1.5605260167501753
9.200000000000001,1.5488987306616164,1.5506476210243312,1.5524614575294946,1.5543782243381887,1.5564190886165106,1.558588118191588,1.5608773585404419
9.300000000000002,1.5495725830429503,1.5512656971061418,1.5530223994087928,1.5548847627227844,1.556876729457382,1.5590036575928847,1.5612577489065564
9.4,1.5503054002498582,1.5519374302527258,1.5536316235918752,1.5554345031755885,1.5573730241324255,1.559453936936011,1.5616696014083553
9.500000000000002,1.5511023419416043,1.5526674819356006,1.5542932920160144,1.556031138681227,1.5579112475853987,1.5599418721280602,1.5621155311122563
9.600000000000001,1.551969019268616,1.5534609188825967,1.5550119259018735,1.5566786786144289,1.5584949530789753,1.5604706247843587,1.562598371494873
9.700000000000001,1.552911534379775,1.5543232483348983,1.55579243681403,1.5573814759064164,1.5591279959190423,1.5610436230130613,1.5631211927712318
9.8,1.5539365233867612,1.5552604563736037,1.556640160410603,1.5581442565490426,1.5598145592073427,1.5616645839646293,1.5636873217682106
9.9,1.5550512030879469,1.5562790495832366,1.5575608931151348,1.5589721516382826,1.5605591817963937,1.5623375382966174,1.5643003634740662
10.000000000000002,1.5562117943072933,1.557338959174094,1.5585183546858052,1.55983248126396,1.5613324166599458,1.5630358227123045,1.5649359814118908
10.1,1.557352313886385,1.558379474810426,1.5594572603689723,1.5606751404193306,1.5620888187713353,1.5637180015566294,1.5655560781443474
10.200000000000001,1.5585204212882657,1.5594440393937443,1.560416774969966,1.5615352458629996,1.562859879683572,1.5644124484496875,1.5661864200224205
10.3,1.5597141364238227,1.5605307563844908,1.5613951004728757,1.5624111017792222,1.5636440002244714,1.565117649441347,1.5668255641292532
10.400000000000002,1.5609314357956106,1.5616376908002119,1.5623904054624944,1.5633009837972407,1.5644395571387546,1.5658320705353526,1.5674720511225502
10.5,1.5621702559279338,1.5627628727081353,1.5634008286347154,1.5642031424920473,1.565244906569369,1.5665541611556657,1.56812440870015
10.600000000000001,1.5634284968646988,1.5639043007753843,1.564424482354159,1.5651158069221245,1.5660583875659195,1.5672823576304615,1.5687811550741169
10.700000000000001,1.564704025729103,1.5650599458703838,1.5654594562521584,1.566037188196929,1.5668783256126402,1.5680150866858913,1.5694408024451008
10.800000000000002,1.5659946803391298,1.5662277547089387,1.566503820858188,1.566965483066867,1.5677030361683575,1.5687507689417541,1.5701018604688024
10.9,1.5672982728727203,1.5674056535384029,1.567555631257783,1.5678988775285032,1.568530828210917,1.5694878224012963,1.5707628397064746
11.000000000000002,1.5686125935764046,1.5685915518532945,1.5686129307699705,1.568835550437763,1.5693600077785959,1.5702246659274257,1.5714222550515062
11.100000000000001,1.5699354145111155,1.5697833461356794,1.569673754637235,1.5697736771239037,1.5701888815010827,1.5709597226977359,1.5720786291242734
11.200000000000001,1.5712644933288231,1.5709789236136138,1.5707361337210346,1.570711432997084,1.571015760112685,1.571691423630836,1.57273049562759
11.3,1.5725975770735983,1.5721761660309117,1.5717980981959114,1.571646997142398,1.5718389619405067,1.5724182107766216,1.5733764026552581
11.4,1.5739324060006556,1.5733729534215084,1.5728576812352641,1.5725785558933267,1.5726568163604553,1.5731385406632596,1.5740149159464059
11.500000000000002,1.5752667174069068,1.5745671678816884,1.5739129226818986,1.573504306377625,1.573467667214051,1.5738508875938177,1.5746446220784975
11.600000000000001,1.5765982494665267,1.5757566973334711,1.5749618726965275,1.5744224600287708,1.5742698761791454,1.5745537468856494,1.5752641315921105
11.700000000000001,1.5779247450650313,1.5769394392724703,1.576002595377458,1.5753312460562015,1.5750618260878024,1.575245638045823,1.5758720820408114
11.8,1.5792439556253737,1.5781133044935933,1.5770331723447917,1.576228914867689,1.5758419241847614,1.57592510787609,1.5764671409596926
11.900000000000002,1.580553644919563,1.5792762207879973,1.5780517062825523,1.5771137414373375,1.5766086053200654,1.5765907335010974,1.5770480087463972
12.0,1.5818515928593535,1.5804261366047774,1.5790563244322622,1.577984028612831,1.5773603350696297,1.5772411253137728,1.5776134214487092
12.100000000000001,1.5831355992595735,1.5815610246709524,1.5800451820316046,1.57883811035572,1.5780956127777197,1.5778749298320482,1.5781621534530816
12.200000000000001,1.5844034875677162,1.5826788855633913,1.5810164656919474,1.5796743549086962,1.5788129745155117,1.5784908324613345,1.578693020068743
12.300000000000002,1.5856531085534695,1.583777751226424,1.581968396708626,1.5804911678839972,1.5795109959501341,1.5790875601574106,1.5792048800023275
12.4,1.586882343951934,1.584855688428994,1.5828992342980508,1.5812869952672561,1.5801882951188075,1.579663883984665,1.5796966377182802
12.500000000000002,1.5880891100543455,1.5859108021553283,1.5838072787558577,1.5820603263313255,1.580843535102944,1.5802186215648928,1.5801672456805922
12.600000000000001,1.5892713612402274,1.586941238923231,1.5846908745304897,1.5828096964548062,1.5814754265973094,1.5807506394121376,1.5806157064717443
12.700000000000003,1.5904270934449716,1.5879451900242472,1.585548413206782,1.583533689840229,1.5820827303696061,1.5812588551493558,1.5810410747850614
12.8,1.5915543475569829,1.5889208946800994,1.5863783363943147,1.5842309421270695,1.5826642596060954,1.5817422396029752,1.5814424592870087
12.9,1.5926512127386179,1.589866643109952,1.5871791385154872,1.5849001428950067,1.5832188821391477,1.5821998187717201,1.5818190243462913
13.000000000000002,1.5937158296652967,1.5907807795032343,1.5879493694884883,1.5855400380530749,1.5837455225528834,1.5826306756663842,1.5821699916269611
13.100000000000001,1.5947463936772917,1.5916617048929307,1.58868763730054,1.586149432110619,1.5842431641633399,1.583033952017536,1.5824946415430712
13.200000000000001,1.5957411578388523,1.5925078799244325,1.5893926104670215,1.5867271903262012,1.584710850869902,1.5834088498484626,1.5827923145727565
13.3,1.5966984358994827,1.5933178275152395,1.5900630203723107,1.5872722407308837,1.585147688875001,1.5837546329109657,1.5830624124299681
13.400000000000002,1.5976166051523473,1.594090135401007,1.5906976634884131,1.5877835760225711,1.5855528482693975,1.5840706279819488,1.5833043990924225
13.500000000000002,1.5984941091849625,1.5948234585636445,1.5912954034676923,1.5882602553283645,1.5859255644806511,1.5843562260190454,1.5835178016846767
13.600000000000001,1.5993294605175146,1.595516521537381,1.591855173106271,1.5887014058321585,1.5862651395826788,1.5846108831738686,1.5837022112155736
13.700000000000001,1.600121243124323,1.5961681205889526,1.5923759761749083,1.5891062242649943,1.586570943464605,1.58483412166177,1.583857283169641
13.800000000000002,1.6008681148341817,1.5967771257682812,1.5928568891144412,1.5894739782559508,1.586842414857409,1.585025530487322,1.5839827379523639
13.9,1.6015688096055105,1.5973424828262637,1.5932970625931153,1.5898040075416537,1.5870790622171722,1.5851847660250495,1.5840783611895803
14.000000000000002,1.6022221396724532,1.5978632149965226,1.593695722923419,1.5900957250327572,1.5872804644640335,1.585311552455262,1.584144003881572
14.100000000000001,1.6028269975582912,1.5983384246382255,1.5940521733362834,1.5903486177360469,1.58744627157626,1.5854056820551254,1.58417958241275
14.200000000000003,1.603382357952755,1.5987672947373184,1.5943657951108028,1.590562247531097,1.587576205039136,1.5854670153454558,1.5841850784181442
14.3,1.6038872794500552,1.5991490902637933,1.5946360485578834,1.5907362518006982,1.587670058148678,1.5854954810939814,1.5841605385082158
14.400000000000002,1.604340906144684,1.5994831593828442,1.594862473856523,1.5908703439145682,1.587727696170467,1.5854910761761523,1.584106073853815
14.500000000000002,1.6047424690822811,1.5997689345180535,1.5950446917416834,1.5909643135661353,1.5877490563541918,1.5854538652948493,1.5840218596333977
14.600000000000001,1.6050912875631098,1.6000059332649919,1.5951824040430138,1.5910180269624732,1.5877341478047753,1.5853839805606387,1.5839081343448977
14.700000000000001,1.6053867702959284,1.6001937591539006,1.5952753940739344,1.5910314268677452,1.5876830512112412,1.5852816209345,1.5837651989849377
14.8,1.6056284164003032,1.600332102260382,1.5953235268708972,1.5910045325007984,1.5875959184347628,1.5851470515352266,1.5835934160983118
14.900000000000002,1.6058158162556635,1.6004207396632941,1.5953267492828875,1.590937439287821,1.5874729719575964,1.5849806028139652,1.5833932087009484
15.000000000000002,1.6059486521956603,1.6004595357493225,1.5952850899115254,1.5908303184712516,1.5873145041948795,1.5847826695986187,1.583165059079793
15.100000000000001,1.606026699046651,1.6004484423639687,1.595198658902385,1.590683416576394,1.5871208766715297,1.584553710011083,1.5829095074732995
15.200000000000003,1.6060498245093975,1.600387498808959,1.5950676475884256,1.5904970547374597,1.58689251906673,1.5842942442605386,1.5826271506364322
15.3,1.6060179893833282,1.600276831686362,1.5948923279866938,1.5902716278850144,1.5866299281287415,1.5840048533162325,1.5823186402943017
15.400000000000002,1.6059312476329903,1.6001166545899541,1.5946730521497194,1.5900076037970556,1.5863336664630145,1.5836861774634237,1.5819846814887581
15.500000000000002,1.6057897462965716,1.5999072676446522,1.5944102513732843,1.5897055220162055,1.5860043611968035,1.5833389147463657,1.581626030822451
15.600000000000003,1.6055937252366523,1.5996490568950907,1.594104435262503,1.5893659926357293,1.5856427025237108,1.5829638193024047,1.5812434946050447
15.700000000000001,1.6053435167336088,1.5993424935446852,1.5937561906584017,1.5889896949573339,1.5852494421318,1.5825616995914604,1.5808379269064443
15.8,1.605039544922355,1.5989881330467801,1.5933661804274253,1.5885773760239221,1.5848253915191217,1.5821334165253347,1.5804102275220369
15.900000000000002,1.6046823250733815,1.5985866140497391,1.592935142116544,1.588129849030697,1.584371420200685,1.581679881501463,1.5799613398550878
16.000000000000004,1.604272462719307,1.598138657198083,1.5924638864768648,1.5876479916182211,1.5838884538110993,1.5812020543458756,1.5794922487215663
16.1,1.6038106526284244,1.5976450637920292,1.591953295858877,1.5871327440512395,1.5833774721072802,1.5807009411702848,1.579003978082778
16.200000000000003,1.6032976776269798,1.5971067143080349,1.5914043224826828,1.586585107287263,1.5828395068757763,1.5801775921483392,1.5784975887112853
16.300000000000004,1.6027344072721856,1.5965245667831687,1.5908179865867764,1.5860061409391,1.582275639749431,1.5796330992162164,1.577974175795684
16.4,1.6021217963782095,1.595899655066386,1.5901953744591386,1.5853969611356937,1.5816869999382326,1.5790685937028217,1.5774348664898732
16.5,1.6014608833976458,1.5952330869399935,1.589537636354616,1.584758738285788,1.5810747618793346,1.5784852438949681,1.576880817412515
16.6,1.600752788661206,1.5945260421148204,1.5888459843027363,1.5840926947491074,1.5804401428113588,1.5778842525429877,1.5763132121024321
16.700000000000003,1.59999871247862,1.5937797701028116,1.5881216898102954,1.5834001024198678,1.5797844002781882,1.5772668543122992,1.575733258435714
16.8,1.5991999331039553,1.5929955879709816,1.5873660814632262,1.5826822802275902,1.5791088295675662,1.5766343131865168,1.5751421860103356
16.900000000000002,1.5983578045688203,1.5921748779808529,1.5865805424324169,1.5819405915602924,1.5784147610898975,1.5759879198277298,1.5745412435040846
17.000000000000004,1.5974737543871074,1.5913190851176948,1.5857665078883012,1.581176441615268,1.5777035577027272,1.575328988899618,1.5739316960116
17.1,1.5965492811351778,1.590429714514072,1.584925462329193,1.580391274682753,1.5769766119864306,1.5746588563590924,1.5733148223662994
17.2,1.5955859519115867,1.589508328772369,1.5840589368284617,1.5795865713678772,1.5762353434767031,1.5739788767221545,1.5726919124529424
17.3,1.5945853996806525,1.5885565451911379,1.583168506205777,1.578763845756382,1.575481195859478,1.5732904203096774,1.5720642645165392
17.400000000000002,1.5935493205043778,1.5875760329002657,1.5822557861277666,1.5779246425296563,1.5747156341339297,1.572594870478787,1.5714331824732537
17.500000000000004,1.592479470667411,1.5865685099101055,1.581322430143527,1.5770705340347002,1.573940141749234,1.571893620845505,1.570799973228885
17.6,1.5913776636999208,1.5855357400798558,1.5803701266605281,1.5762031173146778,1.5731562177207683,1.571188072504272,1.5701659440104405
17.700000000000003,1.5902457673034376,1.5844795300106025,1.5794005958665367,1.575324011105761,1.572365373731426,1.570479631249935,1.5695323997162147
17.800000000000004,1.58908570018486,1.583401725868553,1.5784155866032477,1.5744348528059875,1.5715691312237015,1.5697697048077053,1.5689006402897
17.9,1.587899428804009,1.582304210144103,1.5774168731973857,1.573537295421881,1.5707690184881813,1.5690597000765436,1.5682719581225406
18.0,1.5866889640402284,1.5811888983524758,1.5764062522550832,1.572633004498578,1.5699665677540309,1.5683510203913396,1.567647635491622
18.1,1.5854563577836924,1.580057735681766,1.5753855394253844,1.5717236550392095,1.5691633122870268,1.567645062809163,1.5670289420352668
18.200000000000003,1.5842036994571935,1.5789126935942888,1.5743565661387566,1.570810928419263,1.568360783500615,1.5669432154247709,1.5664171322733624
18.3,1.5829331124743062,1.577755766387212,1.5733211763265051,1.56989650930163,1.5675605080854196,1.5662468547204433,1.5658134431761075
18.400000000000002,1.581646750639936,1.5765889677185048,1.5722812231270027,1.568982082557998,1.5667640051625338,1.5655573429550997,1.565219091785906
18.500000000000004,1.5803467944993475,1.57541432710428,1.5712385655846373,1.5680693302022155,1.5659727834658492,1.5648760255975283,1.5646352728967814
18.600000000000005,1.579035447641865,1.5742338863936438,1.5701950653473729,1.5671599283411781,1.5651883385585723,1.56420422880842,1.5640631567955101
18.7,1.5777149329655131,1.5730496962271974,1.5691525833687938,1.566255544148743,1.5644121500889736,1.5635432569757604,1.5635038870685025
18.8,1.5763874889089233,1.57186381248534,1.56811297662047,1.5653578328680773,1.5636456790903026,1.5628943903079802,1.5629585784782756
18.900000000000002,1.5750553656568989,1.5706782927325387,1.5670780948204368,1.5644684348477795,1.5628903653296717,1.5622588824891082,1.5624283149131784
19.000000000000004,1.5737208213260685,1.5694951926637113,1.5660497771835298,1.5635889726170058,1.562147624710584,1.5616379584000069,1.5619141474138332
19.1,1.5723861181370942,1.568316562558863,1.5650298491992527,1.5627210480047324,1.5614188467336376,1.5610328119096009,1.5614170922795652
19.200000000000003,1.5710535185799228,1.567144443752079,1.5640201194427785,1.5618662393081737,1.5607053920197966,1.5604446037398294,1.5609381292578883
19.300000000000004,1.5697252815785803,1.5659808651209464,1.5630223764246067,1.5610260985152506,1.5600085899004579,1.559874459407877,1.5604781998199073
19.400000000000002,1.5684036586620111,1.5648278396024233,1.5620383854843054,1.5602021485858777,1.5593297360783853,1.5593234672490441,1.5600382055242972
19.5,1.5670908901474534,1.5636873607411157,1.56106988573366,1.5593958807966963,1.55867009036342,1.5587926765234312,1.559619006472298
19.6,1.5657892013428192,1.5625613992758558,1.5601185870544498,1.5586087521537393,1.558030874486691,1.5582830956094162,1.5592214198559593
19.700000000000003,1.5645007987745172,1.561451899770394,1.5591861671559464,1.5578421828773603,1.5574132699968852,1.5577956902866987,1.5588462186016487
19.8,1.5632278664471126,1.5603607772939274,1.5582742686971023,1.5570975539635974,1.5568184162419427,1.5573313821114905,1.5584941301106219
19.900000000000002,1.5619725621411649,1.5592899141570922,1.5573844964782644,1.5563762048259826,1.5562474084393574,1.5568910468862223,1.5581658350982373
20.000000000000004,1.5607370137555172,1.5582411567089336,1.5565184147071014,1.5556794310216306,1.555701295838075,1.556475513225925,1.557861966533179
20.100000000000005,1.559523315700241,1.5572163122002587,1.5556775443432838,1.555008482065267,1.555181079974775,1.5560855612232454,1.5575831086778327
20.2,1.5583335253463468,1.5562171457186393,1.5548633605262954,1.5543645593346718,1.5546877130271337,1.5557219212138325,1.5573297962307437
20.3,1.5571696595382811,1.555245377200208,1.5540772900905924,1.5537488140708255,1.5542220962664528,1.5553852726436261,1.5571025135718697
20.400000000000002,1.5560336911751207,1.5543026785232408,1.5533207091721515,1.5531623454758572,1.5537850786118428,1.5550762430393696,1.5569016941111269
20.500000000000004,1.5549275458662621,1.5533906706883696,1.5525949409102713,1.5526061989116904,1.5533774552879316,1.5547954070834433,1.556727719740513
20.6,1.553853098667269,1.5525109210901087,1.551901253248308,1.55208136420209,1.552999966587871,1.5545432857939199,1.5565809203898817
20.700000000000003,1.5528121709014184,1.5516649408842096,1.5512408568368363,1.551588774040604,1.5526532967431947,1.5543203458105168,1.5564615736862362
20.800000000000004,1.5518065270723282,1.5508541824551894,1.5506149030425291,1.55112930250669,1.5523380729018725,1.5541269987869184,1.5563699047162012
20.900000000000002,1.550837871872901,1.5500800369881886,1.5500244820658549,1.5507037636921066,1.5520548642156964,1.55396360088973,1.5563060858911346
21.0,1.5499078472956547,1.5493438321491335,1.5494706211704838,1.5503129104394402,1.5518041810379186,1.5538304524041153,1.5562702369141415
21.1,1.54901802984934,1.5486468298769767,1.5489542830270855,1.5499574331944181,1.551586474231851,1.5537277974459722,1.5562624248480592
21.200000000000003,1.5481699278865573,1.5479902242915966,1.5484763641739938,1.5496379589734535,1.5514021345909244,1.5536558237802882,1.556282664283292
21.3,1.5473649790469115,1.5473751397207218,1.5480376935969928,1.5493550504476459,1.5512514923704985,1.5536146627451304,1.556330917604194
21.400000000000002,1.5466045478200299,1.5468026288490415,1.5476390314302666,1.5491092051442457,1.5511348169315005,1.5536043892805185,1.5564070953525155
21.500000000000004,1.5458899232325818,1.546273670992445,1.5472810677803297,1.5489008547663747,1.5510523164957692,1.5536250220612458,1.5565110566862568
21.600000000000005,1.5452223166632155,1.5457891705001081,1.5469644216745402,1.5487303646315833,1.551004138012773,1.5536765237325194,1.5566426099321045
21.7,1.5446028597891184,1.5453499552869308,1.5466896401355616,1.5485980332295994,1.5509903671371708,1.5537588012471129,1.5568015132294653
21.8,1.5440326026676832,1.5449567754985851,1.5464571973829304,1.5485040918994215,1.5510110283164869,1.5538717063025396,1.556987475263955
21.900000000000002,1.543490077164581,1.5445956641998069,1.5462598830331211,1.5484471019457262,1.551069412174529,1.5540222939826431,1.5572104944543588
22.000000000000004,1.5429925631793584,1.5442780033372718,1.5461052162065798,1.5484326692106576,1.5511708513354254,1.5542168736789699,1.5574787443533857
22.1,1.542561507147521,1.5440184879922656,1.546001784453205,1.5484641363195186,1.5513143635637145,1.5544509949746754,1.557785039118124
22.200000000000003,1.5421938740663046,1.5438152935703848,1.5459488621984525,1.5485417233898227,1.5515009491398377,1.554726283155533,1.5581314958047792
22.300000000000004,1.5418870754847074,1.5436669912661807,1.5459460780984555,1.5486659733486552,1.5517319092662825,1.555044650578302,1.5585205109805698
22.400000000000002,1.5416389512785822,1.5435725381211527,1.545993412626042,1.5488377559965902,1.552008855470771,1.5554083103437837,1.558954777747817
22.5,1.5414477544415173,1.5435312697920502,1.5460911981248344,1.549058274364585,1.5523337211885173,1.5558197920850991,1.559437304857368
22.6,1.541312138784419,1.5435428959799267,1.5462401213342278,1.5493290734117404,1.5527087756086593,1.5562819599861135,1.5599714380497416
22.700000000000003,1.5412311494571895,1.54360749848909,1.5464412284053926,1.5496520511282939,1.5531366398859763,1.5567980331607727,1.5605608837782916
22.8,1.541204216225767,1.54372553190357,1.546695932445979,1.5500294721251833,1.5536203058357594,1.5573716085409337,1.5612097354857364
22.900000000000002,1.5412311494571902,1.5438978268871446,1.5470060236490033,1.5504639838090861,1.5541631572473333,1.558006686438158,1.5619225026236934
23.000000000000004,1.54131213878442,1.5441255961314264,1.5473736820796253,1.5509586352601445,1.5547689939703442,1.5587076989640556,1.5627041426245674
23.100000000000005,1.5414477544415188,1.5444104429951688,1.5478014932122988,1.5515168989487493,1.5554420589476932,1.5594795415142244,1.5635600960563616
23.200000000000003,1.5416389512785842,1.5447543728969193,1.5482924663302173,1.5521426954479194,1.5561870683900108,1.5603276075428019,1.5644963252139064
23.3,1.54188707548471,1.5451598075425674,1.5488500559192477,1.5528404213191112,1.5570092453090254,1.561257826878263,1.5655193564247774
23.400000000000002,1.542193874066308,1.5456296020893439,1.5494781862097515,1.5536149803718908,1.5579143566512048,1.5622767078565616,1.566636326374991
23.500000000000004,1.5425615071475247,1.546167065368566,1.5501812790420364,1.554471818521951,1.5589087542988493,1.5633913835751838,1.5678550327886158
23.6,1.5429925631793628,1.5467759833110348,1.5509642852547625,1.5554169624976333,1.5599994202335443,1.5646096626013715,1.5691839898269389
23.700000000000003,1.5434900771645859,1.5474606457416376,1.551832719820673,1.5564570626726038,1.5611940161867672,1.5659400844998974,1.5706324886069967
23.800000000000004,1.544032602667689,1.5481925680532447,1.5527511730908259,1.55755022600815,1.5624447992639083,1.5673297485571498,1.5721431301678535
23.900000000000006,1.5446028597891248,1.5489467707139064,1.553685676415878,1.5586528299597597,1.5636983833512794,1.5687157806909924,1.573644036615172
24.0,1.5452223166632224,1.5497525682859752,1.5546732834788117,1.5598091842318256,1.5650056279394962,1.5701548119577478,1.5751968647425385
24.1,1.5458899232325896,1.5506086008150908,1.5557123295799005,1.5610173365351485,1.566364316961173,1.5716443880039768,1.5767989458433365
24.200000000000003,1.5466045478200383,1.5515134243252027,1.556801065171855,1.562275250389238,1.5677721520579588,1.573181975050674,1.5784475353685687
24.3,1.5473649790469206,1.5524655133446201,1.557937658993057,1.5635808088420147,1.5692267568542047,1.5747649646845325,1.5801398182006996
24.400000000000002,1.548169927886567,1.5534632635660943,1.559120201330086,1.5649318183106868,1.5707256813408328,1.5763906787461435,1.5818729140093202
24.500000000000004,1.5490180298493503,1.5545049946361933,1.560346707403531,1.5663260125365612,1.572266406360994,1.578056374305597,1.5836438826780648
24.600000000000005,1.549907847295666,1.5555889530690137,1.5616151208708868,1.5677610566463889,1.5738463481889753,1.5797592487159011,1.585449729792212
24.700000000000003,1.5508378718729128,1.5567133152790817,1.5629233174401753,1.5692345513127197,1.5754628631937488,1.5814964447345923,1.5872874121764196
24.8,1.551806527072341,1.557876190728099,1.564269108587762,1.5707440370056178,1.5771132525784708,1.5832650557039003,1.5891538434720853
24.900000000000002,1.5528121709014318,1.5590756251800155,1.565650245373698,1.5722869983279835,1.578794767187182,1.5850621307798198,1.591045899743887
25.000000000000004,1.5538530986672832,1.560309604058738,1.5670644223477779,1.5738608684266369,1.580504612369928,1.5868846802004677,1.59296042510513
25.1,1.554927545866277,1.5615760559026202,1.5685092815393848,1.5754630334712396,1.5822399528974866,1.5887296805841256,1.5948942373516317
25.200000000000003,1.5560336911751365,1.5628728559097365,1.569982416524081,1.5770908371930736,1.583997917916883,1.5905940802474383,1.5968441335939856
25.300000000000004,1.5571696595382976,1.5641978295677974,1.571481376559806,1.5787415854756375,1.585775605938882,1.5924748045342827,1.598806895878178
25.400000000000006,1.5583335253463642,1.5655487563624355,1.5730036707854553,1.5804125509889977,1.5875700898486678,1.594368761145927,1.6007792967846843
25.5,1.559523315700259,1.5669233735574777,1.5745467724745499,1.5821009778598052,1.58937842193096,1.596272845463186,1.6027581049963355
25.6,1.5607370137555359,1.568319380040709,1.576108123336632,1.5838040863688807,1.5911976389008666,1.5981839458514016,1.604740090825424
25.700000000000003,1.5619725621411842,1.569734440228536,1.5776851378589907,1.5855190776682875,1.593024766931844,1.6000989489392041,1.6067220316907194
25.8,1.5632278664471329,1.571166188022882,1.5792752076812753,1.587243138509822,1.5948568266722156,1.6020147448621604,1.608700717535272
25.900000000000002,1.5645007987745383,1.5726122308135615,1.5808757059955425,1.5889734459768987,1.5966908382417946,1.6039282324625668,1.6106729561761093
26.000000000000004,1.5657892013428412,1.574070153519333,1.582483991964263,1.5907071722118435,1.5985238262002703,1.6058363244368261,1.6126355785771678
26.100000000000005,1.567090890147476,1.57553752266077,1.5840974151488316,1.5924414891306813,1.6003528244791378,1.6077359524220325,1.614585444037048
26.200000000000003,1.5684036586620345,1.5770118904580546,1.585713319941126,1.5941735731175757,1.6021748812690881,1.6096240720135793,1.6165194452834586
26.3,1.5697252815786042,1.5784907989467798,1.587329049990703,1.595900609691159,1.6039870638549252,1.6114976677058293,1.6184345134664622
26.400000000000002,1.5710535185799477,1.579971784104817,1.5889419526202486,1.5976197981351075,1.605786463390238,1.6133537577481014,1.620327623042952
26.500000000000004,1.5723861181371197,1.5814523799833196,1.5905493832219642,1.5993283560854128,1.6075701996042269,1.6151893989084594,1.622195796545052
26.6,1.5737208213260947,1.5829301228349248,1.592148709627626,1.6010235240669337,1.6093354254332726,1.617001691138041,1.624036109225456
26.700000000000003,1.575055365656926,1.5844025552322574,1.59373731644514,1.602702569971949,1.6110793315700254,1.618787782128911,1.625845693573022
26.800000000000004,1.5763874889089513,1.5858672301698467,1.5953126093545007,1.6043627934735758,1.6127991509230022,1.6205448717586912,1.6276217436922624
26.900000000000006,1.577714932965542,1.5873217151426349,1.596872019356157,1.6060015303670774,1.6144921629798954,1.6222702164154874,1.6293615195406874
27.000000000000004,1.5790354476418944,1.5887635961942919,1.5984130069649152,1.6076161568322556,1.6161556980680185,1.6239611331969146,1.631062351018303
27.1,1.5803467944993774,1.5901904819286286,1.599933066342611,1.6092040936102998,1.6177871415055498,1.6256150039773114,1.6327216419038864
27.200000000000003,1.5816467506399667,1.5916000074774743,1.6014297293629325,1.6107628100886509,1.619383937637487,1.6272292793375236,1.6343368736330166
27.3,1.5829331124743375,1.5929898384184693,1.6029005696019119,1.6122898282876437,1.6209435937504513,1.6288014823519361,1.6359056089131747
27.400000000000002,1.584203699457225,1.5943576746363273,1.6043432062477585,1.6137827267428917,1.62246368386077,1.6303292122277464,1.637425495171577
27.500000000000004,1.5854563577837246,1.5957012541212272,1.6057553079238662,1.6152391442775942,1.6239418523705056,1.6318101477917686,1.6388942678317637
27.600000000000005,1.586688964040261,1.5970183566981178,1.6071345964190085,1.6166567836591754,1.6253758175863804,1.6332420508203829,1.640309753415302
27.700000000000003,1.587899428804042,1.5983068076808433,1.608478850318906,1.6180334151348867,1.6267633750968244,1.6346227692085613,1.6416698724653365
27.8,1.5890857001848933,1.5995644814451417,1.609785908533552,1.619366879841252,1.6281024010026524,1.6359502399742087,1.6429726422890567
27.900000000000002,1.5902457673034713,1.600789304914713,1.6110536737148693,1.6206550930824684,1.6293908549971583,1.6372224920944027,1.6442161795165129
28.000000000000004,1.5913776636999555,1.6019792609547177,1.6122801155594881,1.621896047473141,1.6306267832917198,1.6384376491704211,1.64539870247357
28.1,1.5924794706674459,1.6031323916672262,1.6134632739916426,1.623087815940972,1.6318083213832824,1.6395939319187791,1.646518533367124
28.200000000000003,1.5935493205044131,1.6042468015833247,1.6146012622214096,1.6242285545852955,1.6329336966604002,1.6406896604858283,1.6475741002810806
28.300000000000004,1.594585399680688,1.6053206607467552,1.6156922696737317,1.625316505387614,1.6340012308448104,1.6417232565837887,1.648563938981911
28.400000000000006,1.5955859519116227,1.6063522076841752,1.6167345647839166,1.6263499987705634,1.6350093422658127,1.6426932454464143,1.6494866945329738
28.500000000000004,1.5965492811352142,1.6073397522573056,1.6177264976555292,1.6273274560020063,1.6359565479650342,1.6435982576028163,1.6503411227171105
28.6,1.5974737543871438,1.6082816783924598,1.6186665025768476,1.62824739144123,1.6368414656294603,1.6444370304682883,1.6511260912673635
28.700000000000003,1.598357804568857,1.6091764466831437,1.6195531003923003,1.629108414624517,1.6376628153509172,1.6452084097513056,1.6518405809060022
28.800000000000004,1.599199933103992,1.6100225968616546,1.6203849007255626,1.6299092321876159,1.6384194212104959,1.6459113506761751,1.6524836861923535
28.900000000000002,1.599998712478657,1.610818750135817,1.621160604051242,1.6306486496229566,1.639110212686706,1.6465449190211394,1.653054616180265
29.000000000000004,1.6007527886612436,1.6115636113872445,1.6218790036123472,1.6313255728697047,1.6397342258864556,1.6471082919720397,1.6535526948863364
29.100000000000005,1.601460883397683,1.612255971227733,1.6225389871810096,1.631939009735067,1.6402906045982464,1.647600758791952,1.653977361570352
29.200000000000003,1.6021217963782473,1.6128947079106586,1.6231395386601797,1.632488071145527,1.640778601167279,1.6480217213075112,1.6543281708296618
29.3,1.6027344072722234,1.6134787890944788,1.623679739524304,1.6329719722269822,1.6411975771924456,1.6483706942129346,1.6546047925095324
29.400000000000002,1.6032976776270176,1.6140072734556998,1.6241587700972593,1.6333900332130462,1.641547004045495,1.6486473051930384,1.654807011431778
29.500000000000004,1.6038106526284621,1.6144793121489298,1.624575910666083,1.6337416801810518,1.6418264632129218,1.6488512948668403,1.65493472694426
29.6,1.604272462719345,1.6148941501118856,1.6249305424293372,1.6340264456155862,1.6420356464614425,1.648982516553602,1.6549879522940965
29.700000000000003,1.6046823250734192,1.6152511272134933,1.6252221482791884,1.6342439687996597,1.6421743558281698,1.649040935863444,1.6549668138276876
29.800000000000004,1.6050395449223926,1.6155496792434816,1.6254503134165903,1.6343939960339005,1.642242503436898,1.6490266301149294,1.6548715500209081
29.900000000000002,1.6053435167336463,1.6157893387421345,1.6256147257992093,1.6344763806844282,1.6422401111421574,1.6489397875822651,1.6547025103430486
30.000000000000004,1.60559372523669,1.6159697356691316,1.6257151764220197,1.6344910830603456,1.6421673100029859,1.6487807065750146,1.6544601539583195
30.1,1.605789746296609,1.616090597910686,1.625751559430758,1.6344381701220452,1.6420243395885883,1.6485497943534637,1.654145048268944
30.200000000000003,1.6059312476330279,1.6161517516244437,1.6257238720687097,1.6343178150218014,1.6418115471183425,1.6482475658830025,1.6537578673040727
30.300000000000004,1.6060179893833655,1.6161531214218832,1.6256322144575497,1.634130296478368,1.6415293864388216,1.647874642431113,1.653299389958952
30.400000000000006,1.6060498245094343,1.6160947303882325,1.6254767892132496,1.633875997987565,1.6411784168407606,1.6474317500107667,1.652770498088952
30.5,1.606026699046688,1.6159766999401681,1.6252579008983004,1.6335554068710811,1.6407593017191182,1.6469197176742327,1.652172174463245
30.6,1.6059486521956967,1.6157992495218492,1.6249759553117797,1.6331691131659658,1.6402728070795969,1.6463394756614989,1.6515055005830803
30.700000000000003,1.6058158162556997,1.6155626961400884,1.6246314586190365,1.6327178083575207,1.6397197998952173,1.6456920534076898,1.6507716543697568
30.800000000000004,1.6056284164003394,1.615267453739738,1.6242250163230147,1.6322022839585315,1.639101246316726,1.644978577414038,1.649971907727529
30.900000000000002,1.6053867702959643,1.6149140324206153,1.6237573320795,1.6316234299380057,1.6384182097408326,1.6442002689871318,1.6491076239868203
31.000000000000004,1.6050912875631453,1.6145030374975664,1.623229206358789,1.6309822330027988,1.6376718487404454,1.6433584418513194,1.6481802552332268
31.100000000000005,1.6047424690823162,1.6140351684055065,1.6226415349565397,1.6302797747357214,1.6368634148612615,1.6424544996392854,1.6471913395279039
31.200000000000006,1.6043409061447187,1.6135112174515343,1.62199530735678,1.629517229593925,1.6359942502892353,1.641489933265962,1.6461424980250272
31.3,1.6038872794500898,1.6129320684164636,1.6212916049502724,1.6286958627715544,1.6350657853936108,1.6404663181910493,1.645035431992098
31.400000000000002,1.6033823579527888,1.6122986950083529,1.6205315991116618,1.627817027930843,1.6340795361503555,1.6393853115755384,1.6438719197389409
31.500000000000004,1.6028269975583247,1.6116121591708588,1.6197165491390295,1.626882164806008,1.63303710145097,1.6382486493377346,1.6426538134612994
31.6,1.6022221396724863,1.6108736092494602,1.6188478000596949,1.625892796684469,1.6319401603017882,1.6370581431143647,1.641383036004989
31.700000000000003,1.601568809605543,1.610084278018839,1.617926780306286,1.6248505277700782,1.6307904689190016,1.6358156771324412,1.640061577556613
31.800000000000004,1.6008681148342137,1.6092454805749086,1.6169549992673085,1.6237570404331945,1.6295898577247496,1.634523204997623,1.6386914922668592
31.900000000000006,1.6001212431243543,1.6083586120952118,1.6159340447166,1.6226140923525938,1.6283402282497286,1.6331827464048747,1.637274894812437
32.00000000000001,1.5993294605175457,1.6074251454716013,1.6148655801262535,1.6214235135543176,1.6270435499478615,1.63179638377728,1.6358139569027055
32.1,1.598494109184993,1.606446628819328,1.613751341867738,1.620187203352712,1.625701856928651,1.6303662588388992,1.6343109037370525
32.2,1.5976166051523768,1.605424682866844,1.6125931363061121,1.6189071271990076,1.6243172446129142,1.6288945691275971,1.6327680104190656
32.300000000000004,1.596698435899512,1.604360998230828,1.6113928367923702,1.6175853134428995,1.6228918663176657,1.6273835644537893,1.6311875983335211
32.400000000000006,1.5957411578388812,1.603257332581099,1.6101523805590958,1.6162238500126902,1.6214279297759535,1.6258355433110563,1.6295720314921833
32.50000000000001,1.5947463936773196,1.6021155077002687,1.608873765524732,1.6148248810196388,1.6199276935975182,1.624252849244586,1.627923712854365
32.60000000000001,1.5937158296653242,1.600937406443137,1.6075590470118915,1.6133906032922345,1.6183934636761563,1.622637867183393,1.6262450806281568
32.7,1.592651212738645,1.5997249696009876,1.6062103343852476,1.611923262846186,1.6168275895497095,1.62099301974224,1.624538604558162
32.8,1.5915543475570093,1.5984801926760843,1.6048297876146398,1.6104251512959726,1.61523246071861,1.6193207634991689,1.6228067822055303
32.9,1.5904270934449973,1.5972051225718054,1.6034196137691237,1.6088986022138516,1.6136105029289118,1.6176235852545018,1.6210521352259752
33.0,1.5892713612402525,1.5959018542039736,1.6019820634477822,1.607345987442251,1.6119641744257447,1.615903998277138,1.6192772056514149
33.1,1.5880891100543701,1.5945725270390585,1.6005194271531704,1.6057697133655109,1.6102959621831006,1.6141645385439105,1.6174845521807526
33.2,1.5868823439519577,1.5932193215650332,1.5990340316133513,1.6041722171469526,1.6086083781158511,1.612407760977705,1.6156767464852375
33.300000000000004,1.5856531085534928,1.5918444557007623,1.5975282360585128,1.6025559629372619,1.6069039552798507,1.610636235689979,1.6138563695337282
33.400000000000006,1.5844034875677386,1.590450181149886,1.5960044284582064,1.600923438060176,1.6051852440659533,1.6088525442332342,1.6120260079430746
33.50000000000001,1.5831355992595955,1.5890387797052397,1.5944650217252885,1.5992771491814546,1.6034548083937041,1.6070592758689115,1.6101882503587177
33.6,1.5818515928593748,1.5876125595099182,1.592912449892652,1.597619618467089,1.6017152219104278,1.6052590238560867,1.608345683870474
33.7,1.5805536449195834,1.5861738512811452,1.591349164268862,1.5959533797366898,1.5999690642013513,1.6034543817662403,1.6065008904683493
33.800000000000004,1.5792439556253934,1.5847250045031567,1.5897776295788115,1.594280974617938,1.5982189170163406,1.6016479398292705,1.6046564435430877
33.900000000000006,1.5779247450650504,1.5832683835953472,1.588200320095497,1.592604948707959,1.5964673605187336,1.5998422813158033,1.6028149044360136
34.00000000000001,1.576598249466545,1.5818063640619426,1.5866197157690127,1.590927847747401,1.5947169695616787,1.598039978960736,1.600978819042595
34.10000000000001,1.5752667174069246,1.5803413286294932,1.585038298358824,1.589252213812962,1.592970309997272,1.5962435914328186,1.5991507144739852
34.2,1.5739324060006725,1.5788756633784664,1.5834585475753522,1.5875805815340158,1.5912299350237038,1.5944556598549509,1.5973330957806606
34.3,1.5725975770736143,1.5774117538752375,1.5818829372368597,1.5859154743389203,1.5894983815754926,1.592678704379737,1.5955284427421101
34.4,1.5712644933288387,1.5759519813107352,1.5803139314475658,1.5842594007365003,1.5877781667617858,1.5909152208246884,1.5937392067263643
34.5,1.5699354145111304,1.5744987186519965,1.5787539808028668,1.5826148506381028,1.586071784357571,1.5891676773713317,1.5919678076229924
34.6,1.5686125935764188,1.5730543268128319,1.5772055186274583,1.5809842917255177,1.5843817013525157,1.5874385113323144,1.5902166308530299
34.7,1.5672982728727336,1.5716211508497668,1.5756709572520837,1.5793701658699468,1.582710354562021,1.5857301259904566,1.5884880244591164
34.800000000000004,1.5659946803391427,1.5702015161893677,1.5741526843345333,1.577774885607095,1.5810601473049293,1.5840448875135293,1.5867842962789702
34.900000000000006,1.564704025729115,1.5687977248929899,1.5726530592304375,1.5762008306733173,1.5794334461521815,1.5823851219483807,1.5851077112051317
35.00000000000001,1.56342849686471,1.5674120519649202,1.5711744094192786,1.5746503446076434,1.5778325777505726,1.580753112297869,1.5834604885337455
35.1,1.5621702559279445,1.5660467417097916,1.569719026990939,1.573125731424352,1.5762598257255924,1.5791510956838861,1.5818447994049682
35.2,1.5609314357956205,1.564704004145064,1.5682891651979844,1.57162925236063,1.5747174276671845,1.5775812605995865,1.5802627643374112
35.300000000000004,1.559714136423832,1.56338601147425,1.5668870350787512,1.5701631227037018,1.5732075722020917,1.5760457442537676,1.5787164508588494
35.400000000000006,1.5585204212882744,1.5620948946264703,1.5655148021561682,1.5687295087016628,1.5717323961562855,1.5745466300101658,1.57720787123525
35.50000000000001,1.557352313886393,1.5608327398677848,1.56417458321711,1.567330524562089,1.5702939818108148,1.5730859449242587,1.5757389802999924
35.60000000000001,1.5562117943073008,1.5596015854896268,1.5628684431769206,1.5659682295423345,1.5688943542542269,1.5716656573799856,1.5743116733849738
35.70000000000001,1.555051203087954,1.5583499427581926,1.5615417157892952,1.5645855667007407,1.567474853968013,1.5702262045441673,1.572866057312557
35.8,1.5539365233867677,1.557148482687909,1.5602688367554698,1.5632596548746687,1.5661142216894288,1.568847023881078,1.571481521157299
35.9,1.552911534379781,1.5560443230387215,1.5590996560721966,1.5620423545284197,1.5648656121076765,1.5675819336858758,1.5702120338499546
36.0,1.5519690192686213,1.555029588500375,1.5580257353168414,1.5609247837439455,1.5637198225601197,1.5664215216028914,1.5690480659970367
36.1,1.5511023419416092,1.5540970408043377,1.5570393219550018,1.5598987857114928,1.56266840470226,1.56535714965751,1.5679808749507644
36.2,1.5503054002498626,1.5532400272229387,1.5561332936545804,1.558956869633544,1.5617036028170375,1.564380890722467,1.5670024400695366
36.300000000000004,1.5495725830429545,1.5524524332295973,1.555301107115666,1.5580921564368007,1.5608182971579687,1.5634854701820933,1.5661054032878658
36.400000000000006,1.5488987306616202,1.551728638984137,1.5545367510504393,1.5572983289017064,1.5600059519163199,1.5626642123704577,1.5652830145618029
36.50000000000001,1.548279098609347,1.5510634793342981,1.553834702976918,1.556569585850664,1.5592605674357827,1.5619109913938436,1.5645290817912338
36.6,1.5477093241470659,1.5504522070494864,1.553189889517557,1.5559006000652031,1.5585766363287183,1.5612201859796955,1.5638379248529182
36.7,1.5471853955757393,1.5498904590257225,1.5525976499187226,1.5552864796290944,1.5579491031761454,1.5605866380233009,1.5632043334079597
36.800000000000004,1.5467036239905745,1.5493742252218148,1.5520537025300412,1.5547227324189876,1.5573733275194708,1.5600056145302301,1.5626235281748408
36.900000000000006,1.54626061730798,1.5488998201061603,1.551554114003754,1.554205233486739,1.5568450498757076,1.55947277267715,1.5620911253843275
37.00000000000001,1.5458532563824,1.5484638564113757,1.551095270993616,1.5537301950983473,1.5563603605297314,1.5589841277362206,1.5616031041556957
37.10000000000001,1.5454786730448637,1.5480632210103396,1.5506738541507337,1.5532941392135027,1.555915670877166,1.5585360236290404,1.5611557765550022
37.20000000000001,1.5451342299086266,1.547695052742269,1.5502868142301351,1.5528938722072771,1.555507687109913,1.5581251058951815,1.5607457601156418
37.300000000000004,1.5448175017997128,1.5473567220312987,1.5499313501369467,1.5525264616516,1.5551333860532515,1.557748296877874,1.5603699526193864
37.4,1.5445262586816193,1.5470458121527406,1.5496048887549048,1.5521892149889682,1.5547899929789917,1.5574027729455011,1.5600255089525814
37.5,1.5442584499539527,1.546760102013903,1.5493050664126713,1.5518796599444467,1.554474961233443,1.5570859435823547,1.5597098198673163
37.6,1.5440121900144512,1.5464975503270926,1.5490297118551273,1.5515955265345118,1.5541859535320934,1.5567954321956838,1.5594204924912964
37.7,1.5437857449827332,1.5462562810623066,1.5487768305975782,1.5513347305427894,1.5539208247849432,1.5565290584985592,1.5591553324429206
37.800000000000004,1.543577520492298,1.5460345700762073,1.5485445905506943,1.551095358343288,1.553677606327529,1.5562848223395327,1.5589123274197987
37.900000000000006,1.543386050464823,1.5458308328223216,1.5483313088130979,1.550875652961434,1.5534544914428479,1.5560608888606113,1.5586896321397314
38.00000000000001,1.5432099867877203,1.5456436130550868,1.5481354395368634,1.5506740012721276,1.5532498220687394,1.555855574874737,1.5584855545230654
38.1,1.5430480898222727,1.5454715724474155,1.5479555627788704,1.550488922242231,1.5530620765938865,1.55566733636285,1.5582985430144358
38.2,1.542899219675516,1.545313481047954,1.5477903742580104,1.5503190561324256,1.55288985865348,1.555494756998783,1.5581271749502552
38.300000000000004,1.542762328174421,1.5451682085101546,1.5476386759447303,1.5501631545802947,1.552731886842847,1.5553365376177255,1.5579701458859834
38.400000000000006,1.5426364514858577,1.5450347160307794,1.5474993674153523,1.5500200714928338,1.5525869852740066,1.555191486550889,1.5578262598042465
38.50000000000001,1.5425207033303885,1.5449120489404882,1.5473714379090924,1.5498887546824422,1.5524540749062352,1.555058510755328,1.5576944201313543
38.60000000000001,1.5424142687421019,1.5447993298937923,1.547253959030729,1.5497682381858022,1.5523321655873412,1.554936607673687,1.5575736214956937
38.70000000000001,1.5423163983305572,1.5446957526099223,1.5471460780465032,1.5496576352099893,1.5522203487475252,1.5548248577639705,1.5574629421669381
38.800000000000004,1.5422264030044357,1.544600576120068,1.547047011725077,1.5495561316546818,1.5521177906924297,1.5547224176443457,1.5573615371200198
38.9,1.5421436491197482,1.5445131194800483,1.5469560406792897,1.5494629801635003,1.5520237264463543,1.5546285138024825,1.55726863167241
39.0,1.5420675540184408,1.5444327569107792,1.5468725041680398,1.5493774946613306,1.5519374541006072,1.5545424368230667,1.5571835156474787
39.1,1.5419975819259832,1.544358913331948,1.546795795320917,1.5492990453379953,1.5518583296256427,1.554463536090928,1.5571055380205783
39.2,1.54193324017906,1.5442910602570963,1.5467253567512467,1.5492270540418676,1.5517857621090125,1.5543912149307018,1.557034102008063
39.300000000000004,1.5418740757567981,1.544228712020886,1.54666067652599,1.5491609900499814,1.5517192093842607,1.5543249261471506,1.5569686605627198
39.400000000000006,1.5418196720911141,1.5441714223116842,1.5466012844635064,1.5491003661839255,1.5516581740187383,1.5542641679332092,1.5569087122420884
39.50000000000001,1.5417696461337183,1.5441187809847734,1.5465467487325393,1.5490447352432946,1.5516021996309368,1.554208480115519,1.5568537974189085
39.6,1.541723645659128,1.5440704111334906,1.5464966727279439,1.5489936867307899,1.551550867510336,1.5541574407096923,1.5568034948054554
39.7,1.5416813467846986,1.5440259663974327,1.546450692200668,1.5489468438451548,1.5515037935149756,1.554110662759832,1.5567574182658523
39.800000000000004,1.5416424516902134,1.543985128488554,1.5464084726213194,1.5489038607200838,1.5514606252239829,1.554067791438911,1.5567152138925802
39.900000000000006,1.5416066865209748,1.5439476049175271,1.546369706758332,1.5488644198890185,1.551421039324155,1.5540285013885455,1.556676557325359
40.00000000000001,1.541573799459633,1.543913126904173,1.5463341124532861,1.548828229957386,1.5513847392113989,1.553992494278454,1.5566411512923766
40.10000000000001,1.5415435589531774,1.5438814474570632,1.5463014305773533,1.5487950234653347,1.5513514527894101,1.5539594965675092,1.556608723355488
40.20000000000001,1.5415157520826044,1.543852339608612,1.5462714231541377,1.548764554925408,1.551320930449407,1.5539292574497816,1.5565790238425175
40.300000000000004,1.5414901830637866,1.5438255947930792,1.5462438716353861,1.5487365990208646,1.551292943216066,1.5539015469703352,1.5565518239511982
40.4,1.5414666718689851,1.5438010213559197,1.546218575317131,1.5487109489515152,1.5512672810460155,1.5538761542967834,1.5565269140105438
40.5,1.5414450529593005,1.5437784431838526,1.5461953498848484,1.5486874149150267,1.5512437512663722,1.5538528861337706,1.5565041018866297
40.6,1.5414251741191367,1.5437576984458858,1.546174026077138,1.5486658227126189,1.5512221771418153,1.5538315652685968,1.5564832115208307
40.7,1.5414068953844746,1.5437386384363154,1.546154448458279,1.5486460124689843,1.5512023965596506,1.5538120292371664,1.5564640815895474
40.800000000000004,1.5413900880574043,1.543721126511449,1.5461364742908135,1.5486278374570972,1.5511842608231718,1.5537941291003459,1.5564465642753629
40.900000000000006,1.541374633799983,1.5437050371124734,1.546119972500012,1.5486111630193349,1.551167633544423,1.5537777283216119,1.5564305241403973
41.00000000000001,1.541360423801034,1.5436902548674913,1.5461048227227536,1.5485958655770349,1.5511523896282005,1.5537627017376419,1.5564158370933943
41.1,1.5413473580100236,1.5436766737663263,1.5460909144339454,1.548581831721258,1.5511384143397908,1.5537489346141697,1.5564023894427703
41.2,1.5413353444326197,1.543664196402205,1.5460781461441793,1.5485689573781172,1.5511256024495732,1.553736321780073,1.5563900770285015
41.300000000000004,1.5413242984829727,1.5436527332749095,1.5460664246628268,1.548557147042569,1.5511138574481615,1.5537247668332301,1.5563788044263112
41.400000000000006,1.541314142388159,1.5436422021504221,1.5460556644212475,1.548546313075075,1.5511030908262917,1.5537141814122242,1.556368484218161
41.50000000000001,1.541304804640594,1.5436325274724993,1.546045786851223,1.5485363750559864,1.5510932214141326,1.5537044845284533,1.5563590363235493
41.60000000000001,1.5412962194945563,1.5436236398219683,1.546036719814121,1.5485272591929307,1.5510841747751358,1.5536956019536612,1.5563503873865663
41.70000000000001,1.5412883265032826,1.5436154754198914,1.546028397076664,1.5485188977768674,1.5510758826499396,1.553687465658306,1.5563424702140871
41.800000000000004,1.5412810700933706,1.5436079756710486,1.5460207578295118,1.5485112286828306,1.5510682824462123,1.5536800132965733,1.5563352232608523
41.9,1.5412743991734943,1.54360108674448,1.5460137462451757,1.548504194911705,1.5510613167706615,1.5536731877341772,1.5563285901575483
42.0,1.5412682667746784,1.5435947591880939,1.5460073110720662,1.5484977441696794,1.5510549329997383,1.5536669366154132,1.5563225192783192
42.1,1.5412626297195953,1.5435889475745848,1.5460014052617381,1.5484918284822977,1.551049082885862,1.5536612119662256,1.5563169633444358
42.2,1.541257448318561,1.5435836101761384,1.5459959856266323,1.5484864038402804,1.5510437221962412,1.5536559698303107,1.556311879061121
42.300000000000004,1.5412526860900853,1.5435787086655937,1.545991012525842,1.5484814298745193,1.5510388103816164,1.5536511699355295,1.5563072267847828
42.400000000000006,1.5412483095040104,1.5435742078419326,1.5459864495766222,1.548476869557864,1.551034310272467,1.5536467753881291,1.5563029702181301
42.50000000000001,1.5412442877454313,1.543570075378132,1.5459822633895586,1.5484726889315132,1.5510301878004282,1.5536427523924747,1.556299076130859
42.6,1.5412405924977313,1.5435662815895808,1.545978423325474,1.5484688568540035,1.5510264117428458,1.5536390699941929,1.5562955141037909
42.7,1.5412371977432093,1.543562799221402,1.5459749012723143,1.5484653447709529,1.5510229534885802,1.5536356998447916,1.5562922562945194
42.800000000000004,1.541234079579893,1.543559603253166,1.5459716714403942,1.5484621265038707,1.5510197868233104,1.5536326159859921,1.5562892772227834
42.900000000000006,1.5412312160532482,1.543556670719593,1.545968710174521,1.5484591780564825,1.5510168877327493,1.5536297946521493,1.5562865535739387
43.00000000000001,1.541228587001601,1.5435539805459677,1.5459659957816352,1.5484564774371465,1.5510142342223023,1.553627214089274,1.5562840640190279
43.10000000000001,1.5412261739141813,1.54355151339709,1.545963508372714,1.5484540044960595,1.551011806151833,1.553624854389296,1.5562817890500837
43.20000000000001,1.5412239598007917,1.5435492515386764,1.5459612297177983,1.5484517407760534,1.5510095850842993,1.5536226973383205,1.5562797108294095
43.300000000000004,1.541221929072183,1.543547178710227,1.5459591431130848,1.5484496693758871,1.5510075541471422,1.5536207262777313,1.5562778130516883
43.4,1.5412200674302898,1.5435452800084468,1.545957233259123,1.5484477748250283,1.5510056979053866,1.5536189259771014,1.5562760808178713
43.5,1.541218361767563,1.5435435417803873,1.5459554861492333,1.5484460429690046,1.5510040022455158,1.553617282517944,1.5562745005198797
43.6,1.5412168000746795,1.5435419515255453,1.5459538889673345,1.5484444608644805,1.551002454269249,1.553615783187433,1.5562730597352463
43.7,1.5412153713559873,1.5435404978062164,1.5459524299944423,1.5484430166832874,1.551001042196435,1.5536144163812917,1.5562717471308867
43.800000000000004,1.5412140655520858,1.543539170165466,1.5459510985231553,1.5484416996247024,1.550999755276334,1.5536131715151105,1.556270552375268
43.900000000000006,1.541212873469,1.543537959052126,1.5459498847795143,1.5484404998353278,1.550998583706628,1.5536120389434311,1.5562694660583052
44.00000000000001,1.5412117867134465,1.543536855752287,1.5459487798516616,1.5484394083359836,1.5509975185595584,1.5536110098859837,1.556268479618369
44.1,1.5412107976337377,1.5435358523267881,1.5459477756247852,1.5484384169550736,1.5509965517146316,1.5536100763605167,1.556267585275852
44.2,1.5412098992659071,1.5435349415542645,1.5459468647218761,1.548437518267935,1.550995675797401,1.5536092311217178,1.5562667759727813
44.300000000000004,1.5412090852846776,1.5435341168793413,1.5459460404498668,1.5484367055417247,1.5509948841238612,1.5536084676057589,1.5562660453180173
44.400000000000006,1.5412083499589264,1.5435333723656035,1.5459452967507603,1.5484359726854358,1.550994170650041,1.5536077798800498,1.556265387537621
44.50000000000001,1.5412076881113312,1.5435327026530066,1.5459446281573963,1.5484353142046778,1.550993529926423,1.55360716259782,1.5562647974300063
44.60000000000001,1.54120709508192,1.5435321029194233,1.5459440297535314,1.5484347251608879,1.5509929570568437,1.553606610957184,1.5562642703255414
44.70000000000001,1.5412065666952588,1.5435315688460496,1.545943497137945,1.548434201134669,1.5509924476615733,1.5536061206643847,1.5562638020502808
44.800000000000004,1.5412060992310541,1.5435310965864246,1.5459430263923104,1.5484337381929913,1.550991997844296,1.553605687900933,1.556263388893561
44.900000000000006,1.5412056893979587,1.543530682738843,1.5459426140525958,1.5484333328600117,1.5509916041627483,1.5536053092943998,1.556263027579207
45.0,1.541205334310397,1.5435303243219602,1.5459422570837926,1.548432982091297,1.550991263602793,1.5536049818926396,1.55626271524013
45.1,1.5412050314682495,1.5435300187534189,1.5459419528577836,1.5484326832512652,1.5509909735557408,1.553604703141249,1.556262449396128
45.2,1.5412047787392487,1.543529763831343,1.5459416991341914,1.5484324340936746,1.550990731798748,1.5536044708640964,1.5562622279347154
45.300000000000004,1.5412045743439662,1.5435295577185681,1.5459414940440732,1.5484322327450237,1.5509905364781473,1.5536042832467734,1.5562620490948418
45.400000000000006,1.541204416843285,1.5435293989294931,1.5459413360763374,1.5484320776907354,1.5509903860955883,1.5536041388228468,1.5562619114533736
45.50000000000001,1.5412043051282656,1.5435292863194636,1.5459412240667911,1.5484319677640292,1.550990279496886,1.553604036462809,1.5562618139142426
45.6,1.5412042384123386,1.543529219076608,1.5459411571897355,1.5484319021374016,1.5509902158634983,1.5536039753656465,1.556261755700177
