0.000000000000000000e+00,1.689171137981952731e+00,1.689171137977867110e+00
1.000000000000000056e-01,1.689171137966550162e+00,1.689171137977867110e+00
2.000000000000000111e-01,1.689171137900522313e+00,1.689171137977867110e+00
3.000000000000000444e-01,1.689171137737259354e+00,1.689171137977867110e+00
4.000000000000000222e-01,1.689171137414799739e+00,1.689171137977867110e+00
5.000000000000001110e-01,1.689171136855982081e+00,1.689171137977867110e+00
6.000000000000000888e-01,1.689171135968641213e+00,1.689171137977867110e+00
7.000000000000000666e-01,1.689171134645837125e+00,1.689171137977867110e+00
8.000000000000000444e-01,1.689171132766122740e+00,1.689171137977867110e+00
9.000000000000001332e-01,1.689171130193847237e+00,1.689171137977867110e+00
1.000000000000000222e+00,1.689171126779491106e+00,1.689171137977867110e+00
1.100000000000000089e+00,1.689171122360038302e+00,1.689171137977867110e+00
1.200000000000000178e+00,1.689171116759378588e+00,1.689171137977867110e+00
1.300000000000000266e+00,1.689171109788738745e+00,1.689171137977867110e+00
1.400000000000000133e+00,1.689171101247147311e+00,1.689171137977867110e+00
1.500000000000000000e+00,1.689171090921922413e+00,1.689171137977867110e+00
1.600000000000000089e+00,1.689171078589189801e+00,1.689171137977867110e+00
1.700000000000000178e+00,1.689171064014420631e+00,1.689171137977867110e+00
1.800000000000000266e+00,1.689171046952995470e+00,1.689171137977867110e+00
1.900000000000000355e+00,1.689171027150787152e+00,1.689171137977867110e+00
2.000000000000000444e+00,1.689171004344761862e+00,1.689171137977867110e+00
2.100000000000000089e+00,1.689170978263598188e+00,1.689171137977867110e+00
2.200000000000000178e+00,1.689170948628319513e+00,1.689171137977867110e+00
2.300000000000000266e+00,1.689170915152938823e+00,1.689171137977867110e+00
2.400000000000000355e+00,1.689170877545114191e+00,1.689171137977867110e+00
2.500000000000000444e+00,1.689170835506814239e+00,1.689171137977867110e+00
2.600000000000000533e+00,1.689170788734985384e+00,1.689171137977867110e+00
2.700000000000000622e+00,1.689170736922227301e+00,1.689171137977867110e+00
2.800000000000000266e+00,1.689170679757467042e+00,1.689171137977867110e+00
2.900000000000000355e+00,1.689170616926636281e+00,1.689171137977867110e+00
3.000000000000000000e+00,1.689170548113340997e+00,1.689171137977867110e+00
3.100000000000000089e+00,1.689170472999530936e+00,1.689171137977867110e+00
3.200000000000000178e+00,1.689170391266160864e+00,1.689171137977867110e+00
3.300000000000000266e+00,1.689170302593843154e+00,1.689171137977867110e+00
3.400000000000000355e+00,1.689170206663487717e+00,1.689171137977867110e+00
3.500000000000000444e+00,1.689170103156934832e+00,1.689171137977867110e+00
3.600000000000000533e+00,1.689169991757566214e+00,1.689171137977867110e+00
3.700000000000000178e+00,1.689169872150906748e+00,1.689171137977867110e+00
3.800000000000000711e+00,1.689169744025202702e+00,1.689171137977867110e+00
3.900000000000000799e+00,1.689169607071985713e+00,1.689171137977867110e+00
4.000000000000000888e+00,1.689169460986609916e+00,1.689171137977867110e+00
4.099999999999999645e+00,1.689169305468773086e+00,1.689171137977867110e+00
4.200000000000000178e+00,1.689169140223006904e+00,1.689171137977867110e+00
4.299999999999999822e+00,1.689168964959149477e+00,1.689171137977867110e+00
4.400000000000000355e+00,1.689168779392786091e+00,1.689171137977867110e+00
4.500000000000000000e+00,1.689168583245665101e+00,1.689171137977867110e+00
4.600000000000000533e+00,1.689168376246085623e+00,1.689171137977867110e+00
4.700000000000000178e+00,1.689168158129256581e+00,1.689171137977867110e+00
4.800000000000000711e+00,1.689167928637625105e+00,1.689171137977867110e+00
4.900000000000000355e+00,1.689167687521177408e+00,1.689171137977867110e+00
5.000000000000000888e+00,1.689167434537705015e+00,1.689171137977867110e+00
5.100000000000000533e+00,1.689167169453044348e+00,1.689171137977867110e+00
5.200000000000001066e+00,1.689166892041282786e+00,1.689171137977867110e+00
5.300000000000000711e+00,1.689166602084935631e+00,1.689171137977867110e+00
5.400000000000001243e+00,1.689166299375088443e+00,1.689171137977867110e+00
5.500000000000000888e+00,1.689165983711514052e+00,1.689171137977867110e+00
5.600000000000000533e+00,1.689165654902753833e+00,1.689171137977867110e+00
5.700000000000000178e+00,1.689165312766170990e+00,1.689171137977867110e+00
5.800000000000000711e+00,1.689164957127975875e+00,1.689171137977867110e+00
5.900000000000000355e+00,1.689164587823218655e+00,1.689171137977867110e+00
6.000000000000000000e+00,1.689164204695756899e+00,1.689171137977867110e+00
6.100000000000000533e+00,1.689163807598193179e+00,1.689171137977867110e+00
6.200000000000000178e+00,1.689163396391788474e+00,1.689171137977867110e+00
6.300000000000000711e+00,1.689162970946347375e+00,1.689171137977867110e+00
6.400000000000000355e+00,1.689162531140081747e+00,1.689171137977867110e+00
6.500000000000000888e+00,1.689162076859447748e+00,1.689171137977867110e+00
6.600000000000000533e+00,1.689161607998963532e+00,1.689171137977867110e+00
6.700000000000001066e+00,1.689161124461004970e+00,1.689171137977867110e+00
6.800000000000000711e+00,1.689160626155581824e+00,1.689171137977867110e+00
6.900000000000001243e+00,1.689160113000095054e+00,1.689171137977867110e+00
7.000000000000000888e+00,1.689159584919080581e+00,1.689171137977867110e+00
7.100000000000001421e+00,1.689159041843934395e+00,1.689171137977867110e+00
7.200000000000001066e+00,1.689158483712624781e+00,1.689171137977867110e+00
7.300000000000000711e+00,1.689157910469396118e+00,1.689171137977867110e+00
7.400000000000000355e+00,1.689157322064456457e+00,1.689171137977867110e+00
7.500000000000000888e+00,1.689156718453661776e+00,1.689171137977867110e+00
7.600000000000001421e+00,1.689156099598187577e+00,1.689171137977867110e+00
7.700000000000001066e+00,1.689155465464200034e+00,1.689171137977867110e+00
7.800000000000001599e+00,1.689154816022519823e+00,1.689171137977867110e+00
7.900000000000000355e+00,1.689154151248282609e+00,1.689171137977867110e+00
8.000000000000001776e+00,1.689153471120601546e+00,1.689171137977867110e+00
8.100000000000001421e+00,1.689152775622227542e+00,1.689171137977867110e+00
8.199999999999999289e+00,1.689152064739211756e+00,1.689171137977867110e+00
8.300000000000000711e+00,1.689151338460571639e+00,1.689171137977867110e+00
8.400000000000000355e+00,1.689150596777960978e+00,1.689171137977867110e+00
8.500000000000001776e+00,1.689149839685345933e+00,1.689171137977867110e+00
8.599999999999999645e+00,1.689149067178687957e+00,1.689171137977867110e+00
8.700000000000001066e+00,1.689148279255632712e+00,1.689171137977867110e+00
8.800000000000000711e+00,1.689147475915210528e+00,1.689171137977867110e+00
8.900000000000002132e+00,1.689146657157545306e+00,1.689171137977867110e+00
9.000000000000000000e+00,1.689145822983571632e+00,1.689171137977867110e+00
9.100000000000001421e+00,1.689144973394767435e+00,1.689171137977867110e+00
9.200000000000001066e+00,1.689144108392893751e+00,1.689171137977867110e+00
9.300000000000002487e+00,1.689143227979749140e+00,1.689171137977867110e+00
9.400000000000000355e+00,1.689142332156933657e+00,1.689171137977867110e+00
9.500000000000001776e+00,1.689141420925629467e+00,1.689171137977867110e+00
9.600000000000001421e+00,1.689140494286386573e+00,1.689171137977867110e+00
9.700000000000001066e+00,1.689139552238928088e+00,1.689171137977867110e+00
9.800000000000000711e+00,1.689138594781959712e+00,1.689171137977867110e+00
9.900000000000000355e+00,1.689137621912994769e+00,1.689171137977867110e+00
1.000000000000000178e+01,1.689136633628187223e+00,1.689171137977867110e+00
1.009999999999999964e+01,1.689135629922172699e+00,1.689171137977867110e+00
1.020000000000000107e+01,1.689134610787918156e+00,1.689171137977867110e+00
1.030000000000000071e+01,1.689133576216575561e+00,1.689171137977867110e+00
1.040000000000000213e+01,1.689132526197342443e+00,1.689171137977867110e+00
1.050000000000000000e+01,1.689131460717320898e+00,1.689171137977867110e+00
1.060000000000000142e+01,1.689130379761377476e+00,1.689171137977867110e+00
1.070000000000000107e+01,1.689129283312000185e+00,1.689171137977867110e+00
1.080000000000000249e+01,1.689128171349148388e+00,1.689171137977867110e+00
1.090000000000000036e+01,1.689127043850092269e+00,1.689171137977867110e+00
1.100000000000000178e+01,1.689125900789238077e+00,1.689171137977867110e+00
1.110000000000000142e+01,1.689124742137936286e+00,1.689171137977867110e+00
1.120000000000000107e+01,1.689123567864266429e+00,1.689171137977867110e+00
1.130000000000000071e+01,1.689122377932791297e+00,1.689171137977867110e+00
1.140000000000000036e+01,1.689121172304279828e+00,1.689171137977867110e+00
1.150000000000000178e+01,1.689119950935385139e+00,1.689171137977867110e+00
1.160000000000000142e+01,1.689118713778278602e+00,1.689171137977867110e+00
1.170000000000000107e+01,1.689117460780222624e+00,1.689171137977867110e+00
1.180000000000000071e+01,1.689116191883083262e+00,1.689171137977867110e+00
1.190000000000000213e+01,1.689114907022762013e+00,1.689171137977867110e+00
1.200000000000000000e+01,1.689113606128546774e+00,1.689171137977867110e+00
1.210000000000000142e+01,1.689112289122362442e+00,1.689171137977867110e+00
1.220000000000000107e+01,1.689110955917911161e+00,1.689171137977867110e+00
1.230000000000000249e+01,1.689109606419685106e+00,1.689171137977867110e+00
1.240000000000000036e+01,1.689108240521840720e+00,1.689171137977867110e+00
1.250000000000000178e+01,1.689106858106912412e+00,1.689171137977867110e+00
1.260000000000000142e+01,1.689105459044344837e+00,1.689171137977867110e+00
1.270000000000000284e+01,1.689104043188829118e+00,1.689171137977867110e+00
1.280000000000000071e+01,1.689102610378409031e+00,1.689171137977867110e+00
1.290000000000000036e+01,1.689101160432339155e+00,1.689171137977867110e+00
1.300000000000000178e+01,1.689099693148663039e+00,1.689171137977867110e+00
1.310000000000000142e+01,1.689098208301472726e+00,1.689171137977867110e+00
1.320000000000000107e+01,1.689096705637826767e+00,1.689171137977867110e+00
1.330000000000000071e+01,1.689095184874268796e+00,1.689171137977867110e+00
1.340000000000000213e+01,1.689093645692920420e+00,1.689171137977867110e+00
1.350000000000000178e+01,1.689092087737084524e+00,1.689171137977867110e+00
1.360000000000000142e+01,1.689090510606314322e+00,1.689171137977867110e+00
1.370000000000000107e+01,1.689088913850877338e+00,1.689171137977867110e+00
1.380000000000000249e+01,1.689087296965558593e+00,1.689171137977867110e+00
1.390000000000000036e+01,1.689085659382716598e+00,1.689171137977867110e+00
1.400000000000000178e+01,1.689084000464514901e+00,1.689171137977867110e+00
1.410000000000000142e+01,1.689082319494233042e+00,1.689171137977867110e+00
1.420000000000000284e+01,1.689080615666558316e+00,1.689171137977867110e+00
1.430000000000000071e+01,1.689078888076735119e+00,1.689171137977867110e+00
1.440000000000000213e+01,1.689077135708452193e+00,1.689171137977867110e+00
1.450000000000000178e+01,1.689075357420319889e+00,1.689171137977867110e+00
1.460000000000000142e+01,1.689073551930781347e+00,1.689171137977867110e+00
1.470000000000000107e+01,1.689071717801279293e+00,1.689171137977867110e+00
1.480000000000000071e+01,1.689069853417484612e+00,1.689171137977867110e+00
1.490000000000000213e+01,1.689067956968364648e+00,1.689171137977867110e+00
1.500000000000000178e+01,1.689066026422852307e+00,1.689171137977867110e+00
1.510000000000000142e+01,1.689064059503837090e+00,1.689171137977867110e+00
1.520000000000000284e+01,1.689062053659187379e+00,1.689171137977867110e+00
1.530000000000000071e+01,1.689060006029453387e+00,1.689171137977867110e+00
1.540000000000000213e+01,1.689057913411892820e+00,1.689171137977867110e+00
1.550000000000000178e+01,1.689055772220384721e+00,1.689171137977867110e+00
1.560000000000000320e+01,1.689053578440781855e+00,1.689171137977867110e+00
1.570000000000000107e+01,1.689051327581174711e+00,1.689171137977867110e+00
1.580000000000000071e+01,1.689049014616493150e+00,1.689171137977867110e+00
1.590000000000000213e+01,1.689046633926807983e+00,1.689171137977867110e+00
1.600000000000000355e+01,1.689044179228608833e+00,1.689171137977867110e+00
1.610000000000000142e+01,1.689041643498269130e+00,1.689171137977867110e+00
1.620000000000000284e+01,1.689039018886808519e+00,1.689171137977867110e+00
1.630000000000000426e+01,1.689036296624962352e+00,1.689171137977867110e+00
1.639999999999999858e+01,1.689033466917458925e+00,1.689171137977867110e+00
1.650000000000000000e+01,1.689030518825280547e+00,1.689171137977867110e+00
1.660000000000000142e+01,1.689027440134533764e+00,1.689171137977867110e+00
1.670000000000000284e+01,1.689024217210418843e+00,1.689171137977867110e+00
1.680000000000000071e+01,1.689020834834593865e+00,1.689171137977867110e+00
1.690000000000000213e+01,1.689017276024047609e+00,1.689171137977867110e+00
1.700000000000000355e+01,1.689013521829381137e+00,1.689171137977867110e+00
1.710000000000000142e+01,1.689009551110150387e+00,1.689171137977867110e+00
1.719999999999999929e+01,1.689005340284662982e+00,1.689171137977867110e+00
1.730000000000000071e+01,1.689000863051323797e+00,1.689171137977867110e+00
1.740000000000000213e+01,1.688996090078282997e+00,1.689171137977867110e+00
1.750000000000000355e+01,1.688990988657794512e+00,1.689171137977867110e+00
1.760000000000000142e+01,1.688985522321253985e+00,1.689171137977867110e+00
1.770000000000000284e+01,1.688979650410449063e+00,1.689171137977867110e+00
1.780000000000000426e+01,1.688973327600038488e+00,1.689171137977867110e+00
1.789999999999999858e+01,1.688966503365710192e+00,1.689171137977867110e+00
1.800000000000000000e+01,1.688959121391833573e+00,1.689171137977867110e+00
1.810000000000000142e+01,1.688951118911727223e+00,1.689171137977867110e+00
1.820000000000000284e+01,1.688942425972869366e+00,1.689171137977867110e+00
1.830000000000000071e+01,1.688932964618522048e+00,1.689171137977867110e+00
1.840000000000000213e+01,1.688922647976250468e+00,1.689171137977867110e+00
1.850000000000000355e+01,1.688911379242759470e+00,1.689171137977867110e+00
1.860000000000000497e+01,1.688899050553252179e+00,1.689171137977867110e+00
1.869999999999999929e+01,1.688885541722189298e+00,1.689171137977867110e+00
1.880000000000000071e+01,1.688870718840824736e+00,1.689171137977867110e+00
1.890000000000000213e+01,1.688854432715257703e+00,1.689171137977867110e+00
1.900000000000000355e+01,1.688836517126876213e+00,1.689171137977867110e+00
1.910000000000000142e+01,1.688816786895029232e+00,1.689171137977867110e+00
1.920000000000000284e+01,1.688795035719484305e+00,1.689171137977867110e+00
1.930000000000000426e+01,1.688771033777680897e+00,1.689171137977867110e+00
1.940000000000000213e+01,1.688744525048980094e+00,1.689171137977867110e+00
1.950000000000000000e+01,1.688715224334965903e+00,1.689171137977867110e+00
1.960000000000000142e+01,1.688682813941374761e+00,1.689171137977867110e+00
1.970000000000000284e+01,1.688646939983351247e+00,1.689171137977867110e+00
1.980000000000000071e+01,1.688607208271424742e+00,1.689171137977867110e+00
1.990000000000000213e+01,1.688563179730828478e+00,1.689171137977867110e+00
2.000000000000000355e+01,1.424995527027082209e+00,1.425637053319919190e+00
2.010000000000000497e+01,1.424975009157257944e+00,1.425637053319919190e+00
2.019999999999999929e+01,1.424967208028156573e+00,1.425637053319919190e+00
2.030000000000000071e+01,1.424971801404964822e+00,1.425637053319919190e+00
2.040000000000000213e+01,1.424988481248272931e+00,1.425637053319919190e+00
2.050000000000000355e+01,1.425016956574758131e+00,1.425637053319919190e+00
2.060000000000000142e+01,1.425056956156605326e+00,1.425637053319919190e+00
2.070000000000000284e+01,1.425108231034267092e+00,1.425637053319919190e+00
2.080000000000000426e+01,1.425170556818989631e+00,1.425637053319919190e+00
2.090000000000000213e+01,1.425243735763591424e+00,1.425637053319919190e+00
2.100000000000000000e+01,1.425327598582239785e+00,1.425637053319919190e+00
2.110000000000000142e+01,1.425422006002425412e+00,1.425637053319919190e+00
2.120000000000000284e+01,1.425526850034919635e+00,1.425637053319919190e+00
2.130000000000000071e+01,1.425642054950257975e+00,1.425637053319919190e+00
2.140000000000000213e+01,1.425767577953106713e+00,1.425637053319919190e+00
2.150000000000000355e+01,1.425903409548796130e+00,1.425637053319919190e+00
2.160000000000000497e+01,1.426049573599250442e+00,1.425637053319919190e+00
2.169999999999999929e+01,1.426206127068524454e+00,1.425637053319919190e+00
2.180000000000000071e+01,1.426373159461105100e+00,1.425637053319919190e+00
2.190000000000000213e+01,1.426550791959058540e+00,1.425637053319919190e+00
2.200000000000000355e+01,1.426739176266944353e+00,1.425637053319919190e+00
2.210000000000000142e+01,1.426938493176157507e+00,1.425637053319919190e+00
2.220000000000000284e+01,1.427148950862983545e+00,1.425637053319919190e+00
2.230000000000000426e+01,1.427370782937115168e+00,1.425637053319919190e+00
2.240000000000000213e+01,1.427604246259662535e+00,1.425637053319919190e+00
2.250000000000000000e+01,1.427849618551801703e+00,1.425637053319919190e+00
2.260000000000000142e+01,1.428107195817061914e+00,1.425637053319919190e+00
2.270000000000000284e+01,1.428377289601913125e+00,1.425637053319919190e+00
2.280000000000000071e+01,1.428660224120695377e+00,1.425637053319919190e+00
2.290000000000000213e+01,1.428956333272076940e+00,1.425637053319919190e+00
2.300000000000000355e+01,1.692837087687474540e+00,1.689171137977867110e+00
2.310000000000000497e+01,1.693179599997076679e+00,1.689171137977867110e+00
2.320000000000000284e+01,1.693518390594703549e+00,1.689171137977867110e+00
2.330000000000000071e+01,1.693853849933813605e+00,1.689171137977867110e+00
2.340000000000000213e+01,1.694186327843119289e+00,1.689171137977867110e+00
2.350000000000000355e+01,1.694516137710461834e+00,1.689171137977867110e+00
2.360000000000000142e+01,1.694843560240461677e+00,1.689171137977867110e+00
2.370000000000000284e+01,1.695168846828831288e+00,1.689171137977867110e+00
2.380000000000000426e+01,1.695492222591975295e+00,1.689171137977867110e+00
2.390000000000000568e+01,1.695813889086682291e+00,1.689171137977867110e+00
2.400000000000000000e+01,1.696134026751242363e+00,1.689171137977867110e+00
2.410000000000000142e+01,1.696452797096200893e+00,1.689171137977867110e+00
2.420000000000000284e+01,1.696770344670143427e+00,1.689171137977867110e+00
2.430000000000000071e+01,1.697086798823366438e+00,1.689171137977867110e+00
2.440000000000000213e+01,1.697402275289986662e+00,1.689171137977867110e+00
2.450000000000000355e+01,1.697716877606988861e+00,1.689171137977867110e+00
2.460000000000000497e+01,1.698030698386845616e+00,1.689171137977867110e+00
2.470000000000000284e+01,1.698343820458659614e+00,1.689171137977867110e+00
2.480000000000000071e+01,1.698656317891280798e+00,1.689171137977867110e+00
2.490000000000000213e+01,1.698968256910480479e+00,1.689171137977867110e+00
2.500000000000000355e+01,1.699279696721047284e+00,1.689171137977867110e+00
2.510000000000000142e+01,1.699590690243563573e+00,1.689171137977867110e+00
2.520000000000000284e+01,1.699901284774635091e+00,1.689171137977867110e+00
2.530000000000000426e+01,1.700211522578442880e+00,1.689171137977867110e+00
2.540000000000000568e+01,1.700521441416704027e+00,1.689171137977867110e+00
2.550000000000000000e+01,1.700831075023384820e+00,1.689171137977867110e+00
2.560000000000000142e+01,1.701140453529875307e+00,1.689171137977867110e+00
2.570000000000000284e+01,1.701449603845747616e+00,1.689171137977867110e+00
2.580000000000000071e+01,1.701758549999690118e+00,1.689171137977867110e+00
2.590000000000000213e+01,1.702067313444749042e+00,1.689171137977867110e+00
2.600000000000000355e+01,1.702375913331575674e+00,1.689171137977867110e+00
2.610000000000000497e+01,1.702684366753003609e+00,1.689171137977867110e+00
2.620000000000000284e+01,1.702992688962933210e+00,1.689171137977867110e+00
2.630000000000000071e+01,1.703300893572200270e+00,1.689171137977867110e+00
2.640000000000000213e+01,1.703608992723824045e+00,1.689171137977867110e+00
2.650000000000000355e+01,1.703916997249783627e+00,1.689171137977867110e+00
2.660000000000000142e+01,1.704224916811254209e+00,1.689171137977867110e+00
2.670000000000000284e+01,1.704532760024027205e+00,1.689171137977867110e+00
2.680000000000000426e+01,1.704840534570667643e+00,1.689171137977867110e+00
2.690000000000000568e+01,1.705148247300795061e+00,1.689171137977867110e+00
2.700000000000000355e+01,1.705455904320732019e+00,1.689171137977867110e+00
2.710000000000000142e+01,1.705763511073637106e+00,1.689171137977867110e+00
2.720000000000000284e+01,1.706071072411122325e+00,1.689171137977867110e+00
2.730000000000000071e+01,1.706378592657247228e+00,1.689171137977867110e+00
2.740000000000000213e+01,1.706686075665694302e+00,1.689171137977867110e+00
2.750000000000000355e+01,1.706993524870840107e+00,1.689171137977867110e+00
2.760000000000000497e+01,1.707300943333374565e+00,1.689171137977867110e+00
2.770000000000000284e+01,1.707608333781029497e+00,1.689171137977867110e+00
2.780000000000000071e+01,1.707915698644947522e+00,1.689171137977867110e+00
2.790000000000000213e+01,1.708223040092143208e+00,1.689171137977867110e+00
2.800000000000000355e+01,1.708530360054472563e+00,1.689171137977867110e+00
2.810000000000000142e+01,1.708837660254482138e+00,1.689171137977867110e+00
2.820000000000000284e+01,1.709144942228467245e+00,1.689171137977867110e+00
2.830000000000000426e+01,1.709452207347037067e+00,1.689171137977867110e+00
2.840000000000000568e+01,1.709759456833448432e+00,1.689171137977867110e+00
2.850000000000000355e+01,1.710066691779952741e+00,1.689171137977867110e+00
2.860000000000000142e+01,1.710373913162358095e+00,1.689171137977867110e+00
2.870000000000000284e+01,1.710681121853007136e+00,1.689171137977867110e+00
2.880000000000000426e+01,1.710988318632331362e+00,1.689171137977867110e+00
2.890000000000000213e+01,1.711295504199140227e+00,1.689171137977867110e+00
2.900000000000000355e+01,1.711602679179779596e+00,1.689171137977867110e+00
2.910000000000000497e+01,1.711909844136275893e+00,1.689171137977867110e+00
2.920000000000000284e+01,1.712216999573583864e+00,1.689171137977867110e+00
2.930000000000000071e+01,1.712524145946025644e+00,1.689171137977867110e+00
2.940000000000000213e+01,1.712831283663015514e+00,1.689171137977867110e+00
2.950000000000000355e+01,1.713138413094142942e+00,1.689171137977867110e+00
2.960000000000000142e+01,1.713445534573686091e+00,1.689171137977867110e+00
2.970000000000000284e+01,1.713752648404616385e+00,1.689171137977867110e+00
2.980000000000000426e+01,1.714059754862150564e+00,1.689171137977867110e+00
2.990000000000000213e+01,1.714366854196898826e+00,1.689171137977867110e+00
3.000000000000000355e+01,1.714673946637653934e+00,1.689171137977867110e+00
3.010000000000000142e+01,1.714981032393860794e+00,1.689171137977867110e+00
3.020000000000000284e+01,1.715288111657802705e+00,1.689171137977867110e+00
3.030000000000000426e+01,1.715595184606531376e+00,1.689171137977867110e+00
3.040000000000000568e+01,1.715902251403577106e+00,1.689171137977867110e+00
3.050000000000000000e+01,1.716209312200455139e+00,1.689171137977867110e+00
3.060000000000000142e+01,1.716516367137997712e+00,1.689171137977867110e+00
3.070000000000000284e+01,1.716823416347527997e+00,1.689171137977867110e+00
3.080000000000000426e+01,1.717130459951894617e+00,1.689171137977867110e+00
3.090000000000000213e+01,1.717437498066384016e+00,1.689171137977867110e+00
3.100000000000000355e+01,1.717744530799522051e+00,1.689171137977867110e+00
3.110000000000000497e+01,1.718051558253781197e+00,1.689171137977867110e+00
3.120000000000000639e+01,1.718358580526200940e+00,1.689171137977867110e+00
3.130000000000000071e+01,1.718665597708934234e+00,1.689171137977867110e+00
3.140000000000000213e+01,1.718972609889726000e+00,1.689171137977867110e+00
3.150000000000000355e+01,1.719279617152336570e+00,1.689171137977867110e+00
3.160000000000000142e+01,1.719586619576912501e+00,1.689171137977867110e+00
3.170000000000000284e+01,1.719893617240309425e+00,1.689171137977867110e+00
3.180000000000000426e+01,1.720200610216380710e+00,1.689171137977867110e+00
3.190000000000000568e+01,1.720507598576230368e+00,1.689171137977867110e+00
3.200000000000000711e+01,1.720814582388431768e+00,1.689171137977867110e+00
3.210000000000000142e+01,1.721121561719226811e+00,1.689171137977867110e+00
3.220000000000000284e+01,1.721428536632697348e+00,1.689171137977867110e+00
3.230000000000000426e+01,1.721735507190919279e+00,1.689171137977867110e+00
3.240000000000000568e+01,1.722042473454099332e+00,1.689171137977867110e+00
3.250000000000000711e+01,1.722349435480695634e+00,1.689171137977867110e+00
3.260000000000000853e+01,1.722656393327528956e+00,1.689171137977867110e+00
3.270000000000000284e+01,1.722963347049879301e+00,1.689171137977867110e+00
3.279999999999999716e+01,1.723270296701574722e+00,1.689171137977867110e+00
3.289999999999999858e+01,1.723577242335074589e+00,1.689171137977867110e+00
3.300000000000000000e+01,1.723884184001540421e+00,1.689171137977867110e+00
3.310000000000000142e+01,1.724191121750907829e+00,1.689171137977867110e+00
3.320000000000000284e+01,1.724498055631947802e+00,1.689171137977867110e+00
3.330000000000000426e+01,1.724804985692327763e+00,1.689171137977867110e+00
3.340000000000000568e+01,1.725111911978666646e+00,1.689171137977867110e+00
3.350000000000000711e+01,1.725418834536588397e+00,1.689171137977867110e+00
3.360000000000000142e+01,1.725725753410772612e+00,1.689171137977867110e+00
3.370000000000000284e+01,1.726032668645003376e+00,1.689171137977867110e+00
3.380000000000000426e+01,1.726339580282215236e+00,1.689171137977867110e+00
3.390000000000000568e+01,1.726646488364539600e+00,1.689171137977867110e+00
3.400000000000000711e+01,1.726953392933346931e+00,1.689171137977867110e+00
3.410000000000000853e+01,1.727260294029291376e+00,1.689171137977867110e+00
3.420000000000000284e+01,1.727567191692350068e+00,1.689171137977867110e+00
3.429999999999999716e+01,1.727874085961865758e+00,1.689171137977867110e+00
3.439999999999999858e+01,1.728180976876584563e+00,1.689171137977867110e+00
3.450000000000000000e+01,1.728487864474695934e+00,1.689171137977867110e+00
3.460000000000000142e+01,1.728794748793869518e+00,1.689171137977867110e+00
3.470000000000000284e+01,1.729101629871292900e+00,1.689171137977867110e+00
3.480000000000000426e+01,1.729408507743706025e+00,1.689171137977867110e+00
3.490000000000000568e+01,1.729715382447437388e+00,1.689171137977867110e+00
3.500000000000000711e+01,1.730022254018437566e+00,1.689171137977867110e+00
3.510000000000000142e+01,1.730329122492310745e+00,1.689171137977867110e+00
3.520000000000000284e+01,1.730635987904348472e+00,1.689171137977867110e+00
3.530000000000000426e+01,1.730942850289558077e+00,1.689171137977867110e+00
3.540000000000000568e+01,1.731249709682693538e+00,1.689171137977867110e+00
3.550000000000000711e+01,1.731556566118281681e+00,1.689171137977867110e+00
3.560000000000000853e+01,1.731863419630650824e+00,1.689171137977867110e+00
3.570000000000000995e+01,1.732170270253953870e+00,1.689171137977867110e+00
3.579999999999999716e+01,1.732477118022193840e+00,1.689171137977867110e+00
3.589999999999999858e+01,1.732783962969244751e+00,1.689171137977867110e+00
3.600000000000000000e+01,1.733090805128872924e+00,1.689171137977867110e+00
3.610000000000000142e+01,1.733397644534755866e+00,1.689171137977867110e+00
3.620000000000000284e+01,1.733704481220500027e+00,1.689171137977867110e+00
3.630000000000000426e+01,1.734011315219655902e+00,1.689171137977867110e+00
3.640000000000000568e+01,1.734318146565733132e+00,1.689171137977867110e+00
3.650000000000000711e+01,1.734624975292211824e+00,1.689171137977867110e+00
3.660000000000000142e+01,1.734931801432554099e+00,1.689171137977867110e+00
3.670000000000000284e+01,1.735238625020212533e+00,1.689171137977867110e+00
3.680000000000000426e+01,1.735545446088637256e+00,1.689171137977867110e+00
3.690000000000000568e+01,1.735852264671281064e+00,1.689171137977867110e+00
3.700000000000000711e+01,1.736159080801603416e+00,1.689171137977867110e+00
3.710000000000000853e+01,1.736465894513072206e+00,1.689171137977867110e+00
3.720000000000000995e+01,1.736772705839163322e+00,1.689171137977867110e+00
3.730000000000000426e+01,1.737079514813358649e+00,1.689171137977867110e+00
3.739999999999999858e+01,1.737386321469142514e+00,1.689171137977867110e+00
3.750000000000000000e+01,1.737693125839997021e+00,1.689171137977867110e+00
3.760000000000000142e+01,1.737999927959393176e+00,1.689171137977867110e+00
3.770000000000000284e+01,1.738306727860782441e+00,1.689171137977867110e+00
3.780000000000000426e+01,1.738613525577585861e+00,1.689171137977867110e+00
3.790000000000000568e+01,1.738920321143180292e+00,1.689171137977867110e+00
3.800000000000000711e+01,1.739227114590884415e+00,1.689171137977867110e+00
3.810000000000000142e+01,1.739533905953941861e+00,1.689171137977867110e+00
3.820000000000000284e+01,1.739840695265501669e+00,1.689171137977867110e+00
3.830000000000000426e+01,1.740147482558598080e+00,1.689171137977867110e+00
3.840000000000000568e+01,1.740454267866127447e+00,1.689171137977867110e+00
3.850000000000000711e+01,1.740761051220823363e+00,1.689171137977867110e+00
3.860000000000000853e+01,1.741067832655228242e+00,1.689171137977867110e+00
3.870000000000000995e+01,1.741374612201665117e+00,1.689171137977867110e+00
3.880000000000000426e+01,1.741681389892203224e+00,1.689171137977867110e+00
3.889999999999999858e+01,1.741988165758624918e+00,1.689171137977867110e+00
3.900000000000000000e+01,1.742294939832385259e+00,1.689171137977867110e+00
3.910000000000000142e+01,1.742601712144573600e+00,1.689171137977867110e+00
3.920000000000000284e+01,1.742908482725865849e+00,1.689171137977867110e+00
3.930000000000000426e+01,1.743215251606477612e+00,1.689171137977867110e+00
3.940000000000000568e+01,1.743522018816111352e+00,1.689171137977867110e+00
3.950000000000000711e+01,1.743828784383897768e+00,1.689171137977867110e+00
3.960000000000000142e+01,1.744135548338334507e+00,1.689171137977867110e+00
3.970000000000000284e+01,1.744442310707218002e+00,1.689171137977867110e+00
3.980000000000000426e+01,1.744749071517566863e+00,1.689171137977867110e+00
3.990000000000000568e+01,1.745055830795542606e+00,1.689171137977867110e+00
4.000000000000000711e+01,1.745362588566357509e+00,1.689171137977867110e+00
4.010000000000000853e+01,1.745669344854176463e+00,1.689171137977867110e+00
4.020000000000000995e+01,1.745976099682007288e+00,1.689171137977867110e+00
4.030000000000000426e+01,1.746282853071579932e+00,1.689171137977867110e+00
4.039999999999999858e+01,1.746589605043212368e+00,1.689171137977867110e+00
4.050000000000000000e+01,1.746896355615660923e+00,1.689171137977867110e+00
4.060000000000000142e+01,1.747203104805954865e+00,1.689171137977867110e+00
4.070000000000000284e+01,1.747509852629211879e+00,1.689171137977867110e+00
4.080000000000000426e+01,1.747816599098429569e+00,1.689171137977867110e+00
4.090000000000000568e+01,1.748123344224254749e+00,1.689171137977867110e+00
4.100000000000000711e+01,1.748430088014724326e+00,1.689171137977867110e+00
4.110000000000000142e+01,1.748736830474972859e+00,1.689171137977867110e+00
4.120000000000000284e+01,1.749043571606904601e+00,1.689171137977867110e+00
4.130000000000000426e+01,1.749350311408824243e+00,1.689171137977867110e+00
4.140000000000000568e+01,1.749657049875021464e+00,1.689171137977867110e+00
4.150000000000000711e+01,1.749963786995298642e+00,1.689171137977867110e+00
4.160000000000000853e+01,1.750270522754442615e+00,1.689171137977867110e+00
4.170000000000000995e+01,1.750577257131622044e+00,1.689171137977867110e+00
4.180000000000000426e+01,1.750883990099708853e+00,1.689171137977867110e+00
4.189999999999999858e+01,1.751190721624508839e+00,1.689171137977867110e+00
4.200000000000000000e+01,1.751497451663886151e+00,1.689171137977867110e+00
4.210000000000000142e+01,1.751804180166777192e+00,1.689171137977867110e+00
4.220000000000000284e+01,1.752110907072065071e+00,1.689171137977867110e+00
4.230000000000000426e+01,1.752417632307302853e+00,1.689171137977867110e+00
4.240000000000000568e+01,1.752724355787265820e+00,1.689171137977867110e+00
4.250000000000000711e+01,1.753031077412301242e+00,1.689171137977867110e+00
4.260000000000000142e+01,1.753337797066455872e+00,1.689171137977867110e+00
4.270000000000000284e+01,1.753644514615341876e+00,1.689171137977867110e+00
4.280000000000000426e+01,1.753951229903710107e+00,1.689171137977867110e+00
4.290000000000000568e+01,1.754257942752686317e+00,1.689171137977867110e+00
4.300000000000000711e+01,1.754564652956622117e+00,1.689171137977867110e+00
4.310000000000000853e+01,1.754871360279509629e+00,1.689171137977867110e+00
4.320000000000000995e+01,1.755178064450890973e+00,1.689171137977867110e+00
4.330000000000000426e+01,1.755484765161199334e+00,1.689171137977867110e+00
4.339999999999999858e+01,1.755791462056442098e+00,1.689171137977867110e+00
4.350000000000000000e+01,1.756098154732137928e+00,1.689171137977867110e+00
4.360000000000000142e+01,1.756404842726399407e+00,1.689171137977867110e+00
4.370000000000000284e+01,1.756711525512035355e+00,1.689171137977867110e+00
4.380000000000000426e+01,1.757018202487540259e+00,1.689171137977867110e+00
4.390000000000000568e+01,1.757324872966799179e+00,1.689171137977867110e+00
4.400000000000000711e+01,1.757631536167338027e+00,1.689171137977867110e+00
4.410000000000000142e+01,1.757938191196895206e+00,1.689171137977867110e+00
4.420000000000000284e+01,1.758244837038080988e+00,1.689171137977867110e+00
4.430000000000000426e+01,1.758551472530849091e+00,1.689171137977867110e+00
4.440000000000000568e+01,1.758858096352458711e+00,1.689171137977867110e+00
4.450000000000000711e+01,1.759164706994568173e+00,1.689171137977867110e+00
4.460000000000000853e+01,1.759471302737040332e+00,1.689171137977867110e+00
4.470000000000000995e+01,1.759777881617990980e+00,1.689171137977867110e+00
4.480000000000000426e+01,1.760084441399521582e+00,1.689171137977867110e+00
4.490000000000000568e+01,1.760390979528520861e+00,1.689171137977867110e+00
4.500000000000000000e+01,1.760697493091811117e+00,1.689171137977867110e+00
4.510000000000000142e+01,1.761003978764812405e+00,1.689171137977867110e+00
4.520000000000000284e+01,1.761310432752787092e+00,1.689171137977867110e+00
4.530000000000000426e+01,1.761616850723572547e+00,1.689171137977867110e+00
4.540000000000000568e+01,1.761923227730558761e+00,1.689171137977867110e+00
4.550000000000000711e+01,1.762229558124488893e+00,1.689171137977867110e+00
4.560000000000000142e+01,1.762535835452433863e+00,1.689171137977867110e+00
4.570000000000000284e+01,1.762842052342067589e+00,1.689171137977867110e+00
4.580000000000000426e+01,1.763148200369081042e+00,1.689171137977867110e+00
4.590000000000000568e+01,1.763454269905256444e+00,1.689171137977867110e+00
4.600000000000000711e+01,1.763760249944352321e+00,1.689171137977867110e+00
4.610000000000000853e+01,1.764066127902537584e+00,1.689171137977867110e+00
4.620000000000000995e+01,1.764371889389612313e+00,1.689171137977867110e+00
4.630000000000001137e+01,1.764677517946712904e+00,1.689171137977867110e+00
4.640000000000000568e+01,1.764982994745542211e+00,1.689171137977867110e+00
4.650000000000000000e+01,1.765288298243440135e+00,1.689171137977867110e+00
4.660000000000000142e+01,1.765593403787754312e+00,1.689171137977867110e+00
4.670000000000000284e+01,1.765898283162002702e+00,1.689171137977867110e+00
4.680000000000000426e+01,1.766202904065195867e+00,1.689171137977867110e+00
4.690000000000000568e+01,1.766507229514398203e+00,1.689171137977867110e+00
4.700000000000000711e+01,1.766811217159125924e+00,1.689171137977867110e+00
4.710000000000000142e+01,1.767114818494472051e+00,1.689171137977867110e+00
4.720000000000000284e+01,1.767417977957896458e+00,1.689171137977867110e+00
4.730000000000000426e+01,1.767720631892343519e+00,1.689171137977867110e+00
4.740000000000000568e+01,1.768022707355778600e+00,1.689171137977867110e+00
4.750000000000000711e+01,1.768324120754220630e+00,1.689171137977867110e+00
4.760000000000000853e+01,1.768624776271932264e+00,1.689171137977867110e+00
4.770000000000000995e+01,1.768924564068456773e+00,1.689171137977867110e+00
4.780000000000001137e+01,1.769223358207647978e+00,1.689171137977867110e+00
4.790000000000000568e+01,1.769521014278588433e+00,1.689171137977867110e+00
4.800000000000000000e+01,1.506244146124659400e+00,1.425637053319919190e+00
4.810000000000000142e+01,1.506500113650013351e+00,1.425637053319919190e+00
4.820000000000000284e+01,1.506754708249397945e+00,1.425637053319919190e+00
4.830000000000000426e+01,1.507007802764179782e+00,1.425637053319919190e+00
4.840000000000000568e+01,1.507259267273851178e+00,1.425637053319919190e+00
4.850000000000000711e+01,1.507508969550267475e+00,1.425637053319919190e+00
4.860000000000000142e+01,1.507756775514830894e+00,1.425637053319919190e+00
4.870000000000000284e+01,1.508002549696814354e+00,1.425637053319919190e+00
4.880000000000000426e+01,1.508246155691075785e+00,1.425637053319919190e+00
4.890000000000000568e+01,1.508487456613466948e+00,1.425637053319919190e+00
4.900000000000000711e+01,1.508726315552299413e+00,1.425637053319919190e+00
4.910000000000000853e+01,1.508962596014306934e+00,1.425637053319919190e+00
4.920000000000000995e+01,1.509196162363609428e+00,1.425637053319919190e+00
4.930000000000001137e+01,1.509426880252257686e+00,1.425637053319919190e+00
4.940000000000000568e+01,1.509654617041040980e+00,1.425637053319919190e+00
4.950000000000000000e+01,1.509879242209292816e+00,1.425637053319919190e+00
4.960000000000000142e+01,1.510100627752539504e+00,1.425637053319919190e+00
4.970000000000000284e+01,1.510318648566917332e+00,1.425637053319919190e+00
4.980000000000000426e+01,1.510533182819371545e+00,1.425637053319919190e+00
4.990000000000000568e+01,1.510744112302737197e+00,1.425637053319919190e+00
5.000000000000000711e+01,1.510951322774894523e+00,1.425637053319919190e+00
5.010000000000000142e+01,1.511154704281282291e+00,1.425637053319919190e+00
5.020000000000000284e+01,1.511354151460119866e+00,1.425637053319919190e+00
5.030000000000000426e+01,1.511549563829801546e+00,1.425637053319919190e+00
5.040000000000000568e+01,1.511740846057977983e+00,1.425637053319919190e+00
5.050000000000000711e+01,1.511927908211940563e+00,1.425637053319919190e+00
5.060000000000000853e+01,1.512110665989983227e+00,1.425637053319919190e+00
5.070000000000000995e+01,1.512289040933502582e+00,1.425637053319919190e+00
5.080000000000001137e+01,1.512462960619646468e+00,1.425637053319919190e+00
5.090000000000000568e+01,1.512632358834409052e+00,1.425637053319919190e+00
5.100000000000000000e+01,1.512797175726101839e+00,1.425637053319919190e+00
5.110000000000000142e+01,1.512957357939214598e+00,1.425637053319919190e+00
5.120000000000000284e+01,1.513112858728705046e+00,1.425637053319919190e+00
5.130000000000000426e+01,1.513263638054828553e+00,1.425637053319919190e+00
5.140000000000000568e+01,1.513409662658639965e+00,1.425637053319919190e+00
5.150000000000000711e+01,1.513550906118356520e+00,1.425637053319919190e+00
5.160000000000000142e+01,1.513687348886795903e+00,1.425637053319919190e+00
5.170000000000000284e+01,1.513818978310143448e+00,1.425637053319919190e+00
5.180000000000000426e+01,1.513945788628321187e+00,1.425637053319919190e+00
5.190000000000000568e+01,1.514067780957271125e+00,1.425637053319919190e+00
5.200000000000000711e+01,1.514184963253472294e+00,1.425637053319919190e+00
5.210000000000000853e+01,1.514297350261047059e+00,1.425637053319919190e+00
5.220000000000000995e+01,1.514404963441813745e+00,1.425637053319919190e+00
5.230000000000001137e+01,1.514507830888671691e+00,1.425637053319919190e+00
5.240000000000000568e+01,1.514605987222715333e+00,1.425637053319919190e+00
5.250000000000000711e+01,1.514699473474478975e+00,1.425637053319919190e+00
5.260000000000000142e+01,1.514788336949736802e+00,1.425637053319919190e+00
5.270000000000000284e+01,1.514872631080286025e+00,1.425637053319919190e+00
5.280000000000000426e+01,1.514952415260151009e+00,1.425637053319919190e+00
5.290000000000000568e+01,1.515027754667664261e+00,1.425637053319919190e+00
5.300000000000000711e+01,1.515098720073874139e+00,1.425637053319919190e+00
5.310000000000000142e+01,1.515165387637757100e+00,1.425637053319919190e+00
5.320000000000000284e+01,1.515227838688710138e+00,1.425637053319919190e+00
5.330000000000000426e+01,1.515286159496814111e+00,1.425637053319919190e+00
5.340000000000000568e+01,1.515340441031371777e+00,1.425637053319919190e+00
5.350000000000000711e+01,1.515390778708232133e+00,1.425637053319919190e+00
5.360000000000000853e+01,1.515437272126433532e+00,1.425637053319919190e+00
5.370000000000000995e+01,1.515480024794706004e+00,1.425637053319919190e+00
5.380000000000001137e+01,1.515519143848392369e+00,1.425637053319919190e+00
5.390000000000000568e+01,1.515554739757363434e+00,1.425637053319919190e+00
5.400000000000000711e+01,1.515586926025519920e+00,1.425637053319919190e+00
5.410000000000000142e+01,1.515615818882497079e+00,1.425637053319919190e+00
5.420000000000000284e+01,1.515641536968201253e+00,1.425637053319919190e+00
5.430000000000000426e+01,1.515664201010833212e+00,1.425637053319919190e+00
5.440000000000000568e+01,1.515683933499072822e+00,1.425637053319919190e+00
5.450000000000000711e+01,1.515700858349124713e+00,1.425637053319919190e+00
5.460000000000000142e+01,1.515715100567341933e+00,1.425637053319919190e+00
5.470000000000000284e+01,1.515726785909171426e+00,1.425637053319919190e+00
5.480000000000000426e+01,1.515736040535188511e+00,1.425637053319919190e+00
5.490000000000000568e+01,1.515742990665003287e+00,1.425637053319919190e+00
5.500000000000000711e+01,1.617172871474585882e+00,1.527061137977866911e+00
5.510000000000000853e+01,1.617176189025686828e+00,1.527061137977866911e+00
5.520000000000000995e+01,1.617177183152214814e+00,1.527061137977866911e+00
5.530000000000001137e+01,1.617175998505352874e+00,1.527061137977866911e+00
5.540000000000000568e+01,1.617172769910754315e+00,1.527061137977866911e+00
5.550000000000000711e+01,1.617167623021648071e+00,1.527061137977866911e+00
5.560000000000000142e+01,1.617160674928819653e+00,1.527061137977866911e+00
5.570000000000000284e+01,1.617152034730299670e+00,1.527061137977866911e+00
5.580000000000000426e+01,1.617141804063402022e+00,1.527061137977866911e+00
5.590000000000000568e+01,1.617130077601590443e+00,1.527061137977866911e+00
5.600000000000000711e+01,1.617116943518492889e+00,1.527061137977866911e+00
5.610000000000000142e+01,1.617102483921222023e+00,1.527061137977866911e+00
5.620000000000000284e+01,1.617086775255035080e+00,1.527061137977866911e+00
5.630000000000000426e+01,1.617069888681221812e+00,1.527061137977866911e+00
5.640000000000000568e+01,1.617051890429996419e+00,1.527061137977866911e+00
5.650000000000000711e+01,1.617032842130037507e+00,1.527061137977866911e+00
5.660000000000000853e+01,1.617012801116234133e+00,1.527061137977866911e+00
5.670000000000000995e+01,1.616991820717071038e+00,1.527061137977866911e+00
5.680000000000001137e+01,1.616969950523011068e+00,1.527061137977866911e+00
5.690000000000000568e+01,1.616947236637125807e+00,1.527061137977866911e+00
5.700000000000000711e+01,1.616923721909159006e+00,1.527061137977866911e+00
5.710000000000000142e+01,1.616899446154113962e+00,1.527061137977866911e+00
5.720000000000000284e+01,1.616874446356397099e+00,1.527061137977866911e+00
5.730000000000000426e+01,1.616848756860471026e+00,1.527061137977866911e+00
5.740000000000000568e+01,1.616822409548909212e+00,1.527061137977866911e+00
5.750000000000000711e+01,1.616795434008691412e+00,1.527061137977866911e+00
5.760000000000000853e+01,1.616767857686511656e+00,1.527061137977866911e+00
5.770000000000000284e+01,1.616739706033830659e+00,1.527061137977866911e+00
5.780000000000000426e+01,1.616711002642347239e+00,1.527061137977866911e+00
5.790000000000000568e+01,1.616681769370517330e+00,1.527061137977866911e+00
5.800000000000000711e+01,1.616652026461718128e+00,1.527061137977866911e+00
5.810000000000000853e+01,1.616621792654601153e+00,1.527061137977866911e+00
5.820000000000000995e+01,1.616591085286147811e+00,1.527061137977866911e+00
5.830000000000001137e+01,1.616559920387907079e+00,1.527061137977866911e+00
5.840000000000000568e+01,1.616528312775863840e+00,1.527061137977866911e+00
5.850000000000000711e+01,1.616496276134347321e+00,1.527061137977866911e+00
5.860000000000000142e+01,1.616463823094376417e+00,1.527061137977866911e+00
5.870000000000000284e+01,1.616430965306796530e+00,1.527061137977866911e+00
5.880000000000000426e+01,1.616397713510548728e+00,1.527061137977866911e+00
5.890000000000000568e+01,1.616364077596389226e+00,1.527061137977866911e+00
5.900000000000000711e+01,1.616330066666344933e+00,1.527061137977866911e+00
5.910000000000000853e+01,1.616295689089187970e+00,1.527061137977866911e+00
5.920000000000000284e+01,1.616260952552176056e+00,1.527061137977866911e+00
5.930000000000000426e+01,1.616225864109308130e+00,1.527061137977866911e+00
5.940000000000000568e+01,1.616190430226301711e+00,1.527061137977866911e+00
5.950000000000000711e+01,1.616154656822517355e+00,1.527061137977866911e+00
5.960000000000000853e+01,1.616118549310007202e+00,1.527061137977866911e+00
5.970000000000000995e+01,1.616082112629879664e+00,1.527061137977866911e+00
5.980000000000000426e+01,1.616045351286142351e+00,1.527061137977866911e+00
5.990000000000001279e+01,1.616008269377178896e+00,1.527061137977866911e+00
6.000000000000000711e+01,1.615970870625011102e+00,1.527061137977866911e+00
6.010000000000000853e+01,1.615933158402476089e+00,1.527061137977866911e+00
6.020000000000000284e+01,1.615895135758449230e+00,1.527061137977866911e+00
6.029999999999999716e+01,1.615856805441228561e+00,1.527061137977866911e+00
6.040000000000000568e+01,1.615818169920189451e+00,1.527061137977866911e+00
6.050000000000000000e+01,1.615779231405811478e+00,1.527061137977866911e+00
6.060000000000000853e+01,1.615739991868175629e+00,1.527061137977866911e+00
6.070000000000000284e+01,1.615700453054009555e+00,1.527061137977866911e+00
6.080000000000001137e+01,1.615660616502371694e+00,1.527061137977866911e+00
6.090000000000000568e+01,1.615620483559042642e+00,1.527061137977866911e+00
6.100000000000000000e+01,1.615580055389691738e+00,1.527061137977866911e+00
6.110000000000000853e+01,1.615539332991886790e+00,1.527061137977866911e+00
6.120000000000000284e+01,1.615498317205996237e+00,1.527061137977866911e+00
6.130000000000001137e+01,1.615457008725043497e+00,1.527061137977866911e+00
6.140000000000000568e+01,1.615415408103555439e+00,1.527061137977866911e+00
6.150000000000001421e+01,1.615373515765450740e+00,1.527061137977866911e+00
6.160000000000000853e+01,1.615331332010999654e+00,1.527061137977866911e+00
6.170000000000000995e+01,1.615288857022899149e+00,1.527061137977866911e+00
6.180000000000000426e+01,1.615246090871479412e+00,1.527061137977866911e+00
6.189999999999999858e+01,1.615203033519076570e+00,1.527061137977866911e+00
6.200000000000000711e+01,1.615159684823586517e+00,1.527061137977866911e+00
6.210000000000000142e+01,1.615116044541218709e+00,1.527061137977866911e+00
6.220000000000000995e+01,1.615072112328461040e+00,1.527061137977866911e+00
6.230000000000000426e+01,1.615027887743265778e+00,1.527061137977866911e+00
6.240000000000001279e+01,1.614983370245459016e+00,1.527061137977866911e+00
6.250000000000000711e+01,1.614938559196381407e+00,1.527061137977866911e+00
6.260000000000000142e+01,1.614893453857744410e+00,1.527061137977866911e+00
6.270000000000000995e+01,1.614848053389714710e+00,1.527061137977866911e+00
6.280000000000000426e+01,1.614802356848195286e+00,1.527061137977866911e+00
6.290000000000001279e+01,1.614756363181309773e+00,1.527061137977866911e+00
6.300000000000000711e+01,1.614710071225058385e+00,1.527061137977866911e+00
6.310000000000000853e+01,1.614663479698132065e+00,1.527061137977866911e+00
6.320000000000000284e+01,1.614616587195857322e+00,1.527061137977866911e+00
6.329999999999999716e+01,1.614569392183247132e+00,1.527061137977866911e+00
6.340000000000000568e+01,1.614521892987121232e+00,1.527061137977866911e+00
6.350000000000000000e+01,1.614474087787264311e+00,1.527061137977866911e+00
6.360000000000000853e+01,1.614425974606581216e+00,1.527061137977866911e+00
6.370000000000000284e+01,1.614377551300207658e+00,1.527061137977866911e+00
6.380000000000001137e+01,1.614328815543528028e+00,1.527061137977866911e+00
6.390000000000000568e+01,1.614279764819049667e+00,1.527061137977866911e+00
6.400000000000001421e+01,1.614230396402080769e+00,1.527061137977866911e+00
6.410000000000000853e+01,1.614180707345151733e+00,1.527061137977866911e+00
6.420000000000000284e+01,1.614130694461117566e+00,1.527061137977866911e+00
6.430000000000001137e+01,1.614080354304872955e+00,1.527061137977866911e+00
6.440000000000000568e+01,1.614029683153610728e+00,1.527061137977866911e+00
6.450000000000001421e+01,1.613978676985546423e+00,1.527061137977866911e+00
6.460000000000000853e+01,1.613927331457027936e+00,1.527061137977866911e+00
6.470000000000001705e+01,1.613875641877945188e+00,1.527061137977866911e+00
6.480000000000001137e+01,1.613823603185349231e+00,1.527061137977866911e+00
6.490000000000000568e+01,1.613771209915185301e+00,1.527061137977866911e+00
6.500000000000001421e+01,1.613718456172039906e+00,1.527061137977866911e+00
6.510000000000000853e+01,1.613665335596791151e+00,1.527061137977866911e+00
6.520000000000001705e+01,1.613611841332054819e+00,1.527061137977866911e+00
6.530000000000001137e+01,1.613557965985306764e+00,1.527061137977866911e+00
6.540000000000000568e+01,1.613503701589552364e+00,1.527061137977866911e+00
6.550000000000000000e+01,1.613449039561418719e+00,1.527061137977866911e+00
6.559999999999999432e+01,1.613393970656524790e+00,1.527061137977866911e+00
6.570000000000000284e+01,1.613338484921986504e+00,1.527061137977866911e+00
6.579999999999999716e+01,1.613282571645906049e+00,1.527061137977866911e+00
6.590000000000000568e+01,1.613226219303677489e+00,1.527061137977866911e+00
6.600000000000000000e+01,1.613169415500947723e+00,1.527061137977866911e+00
6.610000000000000853e+01,1.613112146913045608e+00,1.527061137977866911e+00
6.620000000000000284e+01,1.613054399220698931e+00,1.527061137977866911e+00
6.629999999999999716e+01,1.612996157041835854e+00,1.527061137977866911e+00
6.640000000000000568e+01,1.612937403859267427e+00,1.527061137977866911e+00
6.650000000000000000e+01,1.612878121944030463e+00,1.527061137977866911e+00
6.660000000000000853e+01,1.612818292274161402e+00,1.527061137977866911e+00
6.670000000000000284e+01,1.612757894448659135e+00,1.527061137977866911e+00
6.680000000000001137e+01,1.612696906596382096e+00,1.527061137977866911e+00
6.690000000000000568e+01,1.612635305279611408e+00,1.527061137977866911e+00
6.700000000000001421e+01,1.612573065392001848e+00,1.527061137977866911e+00
6.710000000000000853e+01,1.612510160050615982e+00,1.527061137977866911e+00
6.720000000000000284e+01,1.612446560481738844e+00,1.527061137977866911e+00
6.730000000000001137e+01,1.612382235900135852e+00,1.527061137977866911e+00
6.740000000000000568e+01,1.612317153381413570e+00,1.527061137977866911e+00
6.750000000000001421e+01,1.612251277727116738e+00,1.527061137977866911e+00
6.760000000000000853e+01,1.612184571322177407e+00,1.527061137977866911e+00
6.770000000000001705e+01,1.612116993984312741e+00,1.527061137977866911e+00
6.780000000000001137e+01,1.612048502804945160e+00,1.527061137977866911e+00
6.790000000000000568e+01,1.611979051981198285e+00,1.527061137977866911e+00
6.800000000000001421e+01,1.611908592638495508e+00,1.527061137977866911e+00
6.810000000000000853e+01,1.611837072643262037e+00,1.527061137977866911e+00
6.820000000000001705e+01,1.611764436405212164e+00,1.527061137977866911e+00
6.830000000000001137e+01,1.611690624668662863e+00,1.527061137977866911e+00
6.840000000000000568e+01,1.611615574292301512e+00,1.527061137977866911e+00
6.850000000000000000e+01,1.611539218016786679e+00,1.527061137977866911e+00
6.859999999999999432e+01,1.611461484219549156e+00,1.527061137977866911e+00
6.870000000000000284e+01,1.611382296656102664e+00,1.527061137977866911e+00
6.879999999999999716e+01,1.611301574187161245e+00,1.527061137977866911e+00
6.890000000000000568e+01,1.611219230490806620e+00,1.527061137977866911e+00
6.900000000000000000e+01,1.611135173758917238e+00,1.527061137977866911e+00
6.910000000000000853e+01,1.611049306377026147e+00,1.527061137977866911e+00
6.920000000000000284e+01,1.610961524586731697e+00,1.527061137977866911e+00
6.929999999999999716e+01,1.610871718129747832e+00,1.527061137977866911e+00
6.940000000000000568e+01,1.610779769872620504e+00,1.527061137977866911e+00
6.950000000000000000e+01,1.610685555411097258e+00,1.527061137977866911e+00
6.960000000000000853e+01,1.610588942653086608e+00,1.527061137977866911e+00
6.970000000000000284e+01,1.610489791379083879e+00,1.527061137977866911e+00
6.980000000000001137e+01,1.610387952778891130e+00,1.527061137977866911e+00
6.990000000000000568e+01,1.610283268963401904e+00,1.527061137977866911e+00
7.000000000000001421e+01,1.508770460102756950e+00,1.425637053319919190e+00
7.010000000000000853e+01,1.508679129636721461e+00,1.425637053319919190e+00
7.020000000000000284e+01,1.508585070412012730e+00,1.425637053319919190e+00
7.030000000000001137e+01,1.508488162734625604e+00,1.425637053319919190e+00
7.040000000000000568e+01,1.508388290215444183e+00,1.425637053319919190e+00
7.050000000000001421e+01,1.508285340262165430e+00,1.425637053319919190e+00
7.060000000000000853e+01,1.508179204557585695e+00,1.425637053319919190e+00
7.070000000000001705e+01,1.508069779522281717e+00,1.425637053319919190e+00
7.080000000000001137e+01,1.507956966759767425e+00,1.425637053319919190e+00
7.090000000000000568e+01,1.507840673482250260e+00,1.425637053319919190e+00
7.100000000000001421e+01,1.507720812915173569e+00,1.425637053319919190e+00
7.110000000000000853e+01,1.507597304678793160e+00,1.425637053319919190e+00
7.120000000000001705e+01,1.507470075145111776e+00,1.425637053319919190e+00
7.130000000000001137e+01,1.507339057768561474e+00,1.425637053319919190e+00
7.140000000000001990e+01,1.507204193388920199e+00,1.425637053319919190e+00
7.150000000000001421e+01,1.507065430505031500e+00,1.425637053319919190e+00
7.159999999999999432e+01,1.506922725517991113e+00,1.425637053319919190e+00
7.170000000000000284e+01,1.506776042942577609e+00,1.425637053319919190e+00
7.179999999999999716e+01,1.506625355585797132e+00,1.425637053319919190e+00
7.190000000000000568e+01,1.506470644691541239e+00,1.425637053319919190e+00
7.200000000000000000e+01,1.506311900050469887e+00,1.425637053319919190e+00
7.210000000000000853e+01,1.506149120074356196e+00,1.425637053319919190e+00
7.220000000000000284e+01,1.505982311834270782e+00,1.425637053319919190e+00
7.229999999999999716e+01,1.505811491062100993e+00,1.425637053319919190e+00
7.240000000000000568e+01,1.505636682115069735e+00,1.425637053319919190e+00
7.250000000000000000e+01,1.505457917903028742e+00,1.425637053319919190e+00
7.260000000000000853e+01,1.505275239778488316e+00,1.425637053319919190e+00
7.270000000000000284e+01,1.505088697389465269e+00,1.425637053319919190e+00
7.280000000000001137e+01,1.504898348495412597e+00,1.425637053319919190e+00
7.290000000000000568e+01,1.504704258746639045e+00,1.425637053319919190e+00
7.300000000000001421e+01,1.504506501427793408e+00,1.425637053319919190e+00
7.310000000000000853e+01,1.504305157166151430e+00,1.425637053319919190e+00
7.320000000000000284e+01,1.504100313605606365e+00,1.425637053319919190e+00
7.330000000000001137e+01,1.503892065047431892e+00,1.425637053319919190e+00
7.340000000000000568e+01,1.503680512059037966e+00,1.425637053319919190e+00
7.350000000000001421e+01,1.503465761052124483e+00,1.425637053319919190e+00
7.360000000000000853e+01,1.503247923831773525e+00,1.425637053319919190e+00
7.370000000000001705e+01,1.503027117118197920e+00,1.425637053319919190e+00
7.380000000000001137e+01,1.502803462043006633e+00,1.425637053319919190e+00
7.390000000000000568e+01,1.502577083622001597e+00,1.425637053319919190e+00
7.400000000000001421e+01,1.502348110206658927e+00,1.425637053319919190e+00
7.410000000000000853e+01,1.502116672916594453e+00,1.425637053319919190e+00
7.420000000000001705e+01,1.501882905055427209e+00,1.425637053319919190e+00
7.430000000000001137e+01,1.501646941512590150e+00,1.425637053319919190e+00
7.440000000000001990e+01,1.501408918153739336e+00,1.425637053319919190e+00
7.450000000000001421e+01,1.501168971202515579e+00,1.425637053319919190e+00
7.460000000000000853e+01,1.500927236616500737e+00,1.425637053319919190e+00
7.470000000000000284e+01,1.500683849460294761e+00,1.425637053319919190e+00
7.479999999999999716e+01,1.500438943278685322e+00,1.425637053319919190e+00
7.490000000000000568e+01,1.500192649472956052e+00,1.425637053319919190e+00
7.500000000000000000e+01,1.763441513675109817e+00,1.689171137977867110e+00
7.510000000000000853e+01,1.763155017483775788e+00,1.689171137977867110e+00
7.520000000000000284e+01,1.762867401838191128e+00,1.689171137977867110e+00
7.529999999999999716e+01,1.762578803740337374e+00,1.689171137977867110e+00
7.540000000000000568e+01,1.762289343304806799e+00,1.689171137977867110e+00
7.550000000000000000e+01,1.761999125852433457e+00,1.689171137977867110e+00
7.560000000000000853e+01,1.761708243743010716e+00,1.689171137977867110e+00
7.570000000000000284e+01,1.761416777979761594e+00,1.689171137977867110e+00
7.580000000000001137e+01,1.761124799614121494e+00,1.689171137977867110e+00
7.590000000000000568e+01,1.760832370975812911e+00,1.689171137977867110e+00
7.600000000000001421e+01,1.760539546750037765e+00,1.689171137977867110e+00
7.610000000000000853e+01,1.760246374920887424e+00,1.689171137977867110e+00
7.620000000000000284e+01,1.759952897597671706e+00,1.689171137977867110e+00
7.630000000000001137e+01,1.759659151738763638e+00,1.689171137977867110e+00
7.640000000000000568e+01,1.759365169785741756e+00,1.689171137977867110e+00
7.650000000000001421e+01,1.759070980219001878e+00,1.689171137977867110e+00
7.660000000000000853e+01,1.758776608044613887e+00,1.689171137977867110e+00
7.670000000000001705e+01,1.758482075220977103e+00,1.689171137977867110e+00
7.680000000000001137e+01,1.758187401032759389e+00,1.689171137977867110e+00
7.690000000000000568e+01,1.757892602418664740e+00,1.689171137977867110e+00
7.700000000000001421e+01,1.757597694258768106e+00,1.689171137977867110e+00
7.710000000000000853e+01,1.757302689626424996e+00,1.689171137977867110e+00
7.720000000000001705e+01,1.757007600009153681e+00,1.689171137977867110e+00
7.730000000000001137e+01,1.756712435502329583e+00,1.689171137977867110e+00
7.740000000000001990e+01,1.756417204979060287e+00,1.689171137977867110e+00
7.750000000000001421e+01,1.756121916239180791e+00,1.689171137977867110e+00
7.760000000000000853e+01,1.755826576139961848e+00,1.689171137977867110e+00
7.770000000000000284e+01,1.755531190710775347e+00,1.689171137977867110e+00
7.779999999999999716e+01,1.755235765253707614e+00,1.689171137977867110e+00
7.790000000000000568e+01,1.754940304431849007e+00,1.689171137977867110e+00
7.800000000000000000e+01,1.754644812346777938e+00,1.689171137977867110e+00
7.810000000000000853e+01,1.754349292606571797e+00,1.689171137977867110e+00
7.820000000000000284e+01,1.754053748385508760e+00,1.689171137977867110e+00
7.830000000000001137e+01,1.753758182476482741e+00,1.689171137977867110e+00
7.840000000000000568e+01,1.753462597337025253e+00,1.689171137977867110e+00
7.850000000000000000e+01,1.753166995129721739e+00,1.689171137977867110e+00
7.860000000000000853e+01,1.752871377757706517e+00,1.689171137977867110e+00
7.870000000000000284e+01,1.752575746895841391e+00,1.689171137977867110e+00
7.880000000000001137e+01,1.752280104018105966e+00,1.689171137977867110e+00
7.890000000000000568e+01,1.751984450421663508e+00,1.689171137977867110e+00
7.900000000000001421e+01,1.751688787248007362e+00,1.689171137977867110e+00
7.910000000000000853e+01,1.751393115501546305e+00,1.689171137977867110e+00
7.920000000000000284e+01,1.751097436065940371e+00,1.689171137977867110e+00
7.930000000000001137e+01,1.750801749718462919e+00,1.689171137977867110e+00
7.940000000000000568e+01,1.750506057142624528e+00,1.689171137977867110e+00
7.950000000000001421e+01,1.750210358939279010e+00,1.689171137977867110e+00
7.960000000000000853e+01,1.749914655636386929e+00,1.689171137977867110e+00
7.970000000000001705e+01,1.749618947697606064e+00,1.689171137977867110e+00
7.980000000000001137e+01,1.749323235529849141e+00,1.689171137977867110e+00
7.990000000000000568e+01,1.749027519489932736e+00,1.689171137977867110e+00
8.000000000000001421e+01,1.748731799890431482e+00,1.689171137977867110e+00
8.010000000000000853e+01,1.748436077004828171e+00,1.689171137977867110e+00
8.020000000000001705e+01,1.748140351072050347e+00,1.689171137977867110e+00
8.030000000000001137e+01,1.747844622300464890e+00,1.689171137977867110e+00
8.040000000000001990e+01,1.747548890871395644e+00,1.689171137977867110e+00
8.050000000000001421e+01,1.747253156942224050e+00,1.689171137977867110e+00
8.060000000000000853e+01,1.746957420649119852e+00,1.689171137977867110e+00
8.070000000000000284e+01,1.746661682109448721e+00,1.689171137977867110e+00
8.079999999999999716e+01,1.746365941423895896e+00,1.689171137977867110e+00
8.090000000000000568e+01,1.746070198678339569e+00,1.689171137977867110e+00
8.100000000000000000e+01,1.745774453945501570e+00,1.689171137977867110e+00
8.110000000000000853e+01,1.745478707286405751e+00,1.689171137977867110e+00
8.120000000000000284e+01,1.745182958751667623e+00,1.689171137977867110e+00
8.130000000000001137e+01,1.744887208382629673e+00,1.689171137977867110e+00
8.140000000000000568e+01,1.744591456212368552e+00,1.689171137977867110e+00
8.150000000000000000e+01,1.744295702266583481e+00,1.689171137977867110e+00
8.160000000000000853e+01,1.743999946564382508e+00,1.689171137977867110e+00
8.170000000000000284e+01,1.743704189118980397e+00,1.689171137977867110e+00
8.180000000000001137e+01,1.743408429938316351e+00,1.689171137977867110e+00
8.190000000000000568e+01,1.743112669025598249e+00,1.689171137977867110e+00
8.200000000000001421e+01,1.742816906379792918e+00,1.689171137977867110e+00
8.210000000000000853e+01,1.742521141996054679e+00,1.689171137977867110e+00
8.220000000000000284e+01,1.742225375866110593e+00,1.689171137977867110e+00
8.230000000000001137e+01,1.741929607978602634e+00,1.689171137977867110e+00
8.240000000000000568e+01,1.741633838319391669e+00,1.689171137977867110e+00
8.250000000000001421e+01,1.741338066871830348e+00,1.689171137977867110e+00
8.260000000000000853e+01,1.741042293617006242e+00,1.689171137977867110e+00
8.270000000000001705e+01,1.740746518533959453e+00,1.689171137977867110e+00
8.280000000000001137e+01,1.740450741599879336e+00,1.689171137977867110e+00
8.290000000000000568e+01,1.740154962790279702e+00,1.689171137977867110e+00
8.300000000000001421e+01,1.739859182079156685e+00,1.689171137977867110e+00
8.310000000000000853e+01,1.739563399439131741e+00,1.689171137977867110e+00
8.320000000000001705e+01,1.739267614841581766e+00,1.689171137977867110e+00
8.330000000000001137e+01,1.738971828256755225e+00,1.689171137977867110e+00
8.340000000000001990e+01,1.738676039653879846e+00,1.689171137977867110e+00
8.350000000000001421e+01,1.738380249001258315e+00,1.689171137977867110e+00
8.360000000000000853e+01,1.738084456266356215e+00,1.689171137977867110e+00
8.370000000000000284e+01,1.737788661415885283e+00,1.689171137977867110e+00
8.379999999999999716e+01,1.737492864415874028e+00,1.689171137977867110e+00
8.390000000000000568e+01,1.737197065231739668e+00,1.689171137977867110e+00
8.400000000000000000e+01,1.736901263828347197e+00,1.689171137977867110e+00
8.410000000000000853e+01,1.736605460170068893e+00,1.689171137977867110e+00
8.420000000000000284e+01,1.736309654220837162e+00,1.689171137977867110e+00
8.430000000000001137e+01,1.736013845944192724e+00,1.689171137977867110e+00
8.440000000000000568e+01,1.735718035303331019e+00,1.689171137977867110e+00
8.450000000000000000e+01,1.735422222261143510e+00,1.689171137977867110e+00
8.460000000000000853e+01,1.735126406780256536e+00,1.689171137977867110e+00
8.470000000000000284e+01,1.734830588823065955e+00,1.689171137977867110e+00
8.480000000000001137e+01,1.734534768351770895e+00,1.689171137977867110e+00
8.490000000000000568e+01,1.734238945328402837e+00,1.689171137977867110e+00
8.500000000000001421e+01,1.733943119714854930e+00,1.689171137977867110e+00
8.510000000000000853e+01,1.733647291472904417e+00,1.689171137977867110e+00
8.520000000000000284e+01,1.733351460564236834e+00,1.689171137977867110e+00
8.530000000000001137e+01,1.733055626950466666e+00,1.689171137977867110e+00
8.540000000000000568e+01,1.732759790593153326e+00,1.689171137977867110e+00
8.550000000000001421e+01,1.732463951453819151e+00,1.689171137977867110e+00
8.560000000000000853e+01,1.732168109493961827e+00,1.689171137977867110e+00
8.570000000000001705e+01,1.731872264675065942e+00,1.689171137977867110e+00
8.580000000000001137e+01,1.731576416958612752e+00,1.689171137977867110e+00
8.590000000000000568e+01,1.731280566306085955e+00,1.689171137977867110e+00
8.600000000000001421e+01,1.730984712678977688e+00,1.689171137977867110e+00
8.610000000000000853e+01,1.730688856038791634e+00,1.689171137977867110e+00
8.620000000000001705e+01,1.730392996347043244e+00,1.689171137977867110e+00
8.630000000000001137e+01,1.730097133565258183e+00,1.689171137977867110e+00
8.640000000000001990e+01,1.729801267654969443e+00,1.689171137977867110e+00
8.650000000000001421e+01,1.729505398577710240e+00,1.689171137977867110e+00
8.660000000000000853e+01,1.729209526295008681e+00,1.689171137977867110e+00
8.670000000000000284e+01,1.728913650768375998e+00,1.689171137977867110e+00
8.679999999999999716e+01,1.728617771959296778e+00,1.689171137977867110e+00
8.690000000000000568e+01,1.728321889829212532e+00,1.689171137977867110e+00
8.700000000000000000e+01,1.728026004339508370e+00,1.689171137977867110e+00
8.710000000000000853e+01,1.727730115451494353e+00,1.689171137977867110e+00
8.720000000000000284e+01,1.727434223126385504e+00,1.689171137977867110e+00
8.730000000000001137e+01,1.727138327325280720e+00,1.689171137977867110e+00
8.740000000000000568e+01,1.726842428009139896e+00,1.689171137977867110e+00
8.750000000000000000e+01,1.726546525138757282e+00,1.689171137977867110e+00
8.760000000000000853e+01,1.726250618674736614e+00,1.689171137977867110e+00
8.770000000000000284e+01,1.725954708577461361e+00,1.689171137977867110e+00
8.780000000000001137e+01,1.725658794807064966e+00,1.689171137977867110e+00
8.790000000000000568e+01,1.725362877323399102e+00,1.689171137977867110e+00
8.800000000000001421e+01,1.725066956086001690e+00,1.689171137977867110e+00
8.810000000000000853e+01,1.724771031054060266e+00,1.689171137977867110e+00
8.820000000000000284e+01,1.724475102186379560e+00,1.689171137977867110e+00
8.830000000000001137e+01,1.724179169441340864e+00,1.689171137977867110e+00
8.840000000000000568e+01,1.723883232776865837e+00,1.689171137977867110e+00
8.850000000000001421e+01,1.723587292150378536e+00,1.689171137977867110e+00
8.860000000000000853e+01,1.723291347518761452e+00,1.689171137977867110e+00
8.870000000000001705e+01,1.722995398838317538e+00,1.689171137977867110e+00
8.880000000000001137e+01,1.722699446064725803e+00,1.689171137977867110e+00
8.890000000000000568e+01,1.722403489152999345e+00,1.689171137977867110e+00
8.900000000000001421e+01,1.722107528057439163e+00,1.689171137977867110e+00
8.910000000000000853e+01,1.721811562731589973e+00,1.689171137977867110e+00
8.920000000000001705e+01,1.721515593128194244e+00,1.689171137977867110e+00
8.930000000000001137e+01,1.721219619199141793e+00,1.689171137977867110e+00
8.940000000000001990e+01,1.720923640895423823e+00,1.689171137977867110e+00
8.950000000000001421e+01,1.720627658167080520e+00,1.689171137977867110e+00
8.960000000000000853e+01,1.720331670963147541e+00,1.689171137977867110e+00
8.970000000000001705e+01,1.720035679231603831e+00,1.689171137977867110e+00
8.980000000000001137e+01,1.719739682919313450e+00,1.689171137977867110e+00
8.990000000000000568e+01,1.719443681971965177e+00,1.689171137977867110e+00
9.000000000000000000e+01,1.719147676334009445e+00,1.689171137977867110e+00
9.010000000000000853e+01,1.718851665948591512e+00,1.689171137977867110e+00
9.020000000000000284e+01,1.718555650757477959e+00,1.689171137977867110e+00
9.030000000000001137e+01,1.718259630700979423e+00,1.689171137977867110e+00
9.040000000000000568e+01,1.717963605717864661e+00,1.689171137977867110e+00
9.050000000000000000e+01,1.717667575745267960e+00,1.689171137977867110e+00
9.060000000000000853e+01,1.717371540718587219e+00,1.689171137977867110e+00
9.070000000000000284e+01,1.717075500571368929e+00,1.689171137977867110e+00
9.080000000000001137e+01,1.716779455235182716e+00,1.689171137977867110e+00
9.090000000000000568e+01,1.716483404639478794e+00,1.689171137977867110e+00
9.100000000000001421e+01,1.716187348711429195e+00,1.689171137977867110e+00
9.110000000000000853e+01,1.715891287375747698e+00,1.689171137977867110e+00
9.120000000000000284e+01,1.715595220554487321e+00,1.689171137977867110e+00
9.130000000000001137e+01,1.715299148166810284e+00,1.689171137977867110e+00
9.140000000000000568e+01,1.715003070128725549e+00,1.689171137977867110e+00
9.150000000000001421e+01,1.714706986352793283e+00,1.689171137977867110e+00
9.160000000000000853e+01,1.714410896747786017e+00,1.689171137977867110e+00
9.170000000000001705e+01,1.714114801218305839e+00,1.689171137977867110e+00
9.180000000000001137e+01,1.713818699664344081e+00,1.689171137977867110e+00
9.190000000000000568e+01,1.713522591980785492e+00,1.689171137977867110e+00
9.200000000000001421e+01,1.713226478056838920e+00,1.689171137977867110e+00
9.210000000000000853e+01,1.712930357775392043e+00,1.689171137977867110e+00
9.220000000000001705e+01,1.712634231012277741e+00,1.689171137977867110e+00
9.230000000000001137e+01,1.712338097635436540e+00,1.689171137977867110e+00
9.240000000000001990e+01,1.712041957503969147e+00,1.689171137977867110e+00
9.250000000000001421e+01,1.711745810467057316e+00,1.689171137977867110e+00
9.260000000000002274e+01,1.711449656362739713e+00,1.689171137977867110e+00
9.270000000000001705e+01,1.711153495016525250e+00,1.689171137977867110e+00
9.280000000000001137e+01,1.710857326239818788e+00,1.689171137977867110e+00
9.290000000000000568e+01,1.710561149828140115e+00,1.689171137977867110e+00
9.300000000000000000e+01,1.710264965559106454e+00,1.689171137977867110e+00
9.310000000000000853e+01,1.709968773190153613e+00,1.689171137977867110e+00
9.320000000000000284e+01,1.709672572455955164e+00,1.689171137977867110e+00
9.330000000000001137e+01,1.709376363065512550e+00,1.689171137977867110e+00
9.340000000000000568e+01,1.709080144698866821e+00,1.689171137977867110e+00
9.350000000000000000e+01,1.708783917003388719e+00,1.689171137977867110e+00
9.360000000000000853e+01,1.708487679589598018e+00,1.689171137977867110e+00
9.370000000000000284e+01,1.708191432026449741e+00,1.689171137977867110e+00
9.380000000000001137e+01,1.707895173836024627e+00,1.689171137977867110e+00
9.390000000000000568e+01,1.707598904487554359e+00,1.689171137977867110e+00
9.400000000000001421e+01,1.707302623390695384e+00,1.689171137977867110e+00
9.410000000000000853e+01,1.707006329887964080e+00,1.689171137977867110e+00
9.420000000000000284e+01,1.706710023246233554e+00,1.689171137977867110e+00
9.430000000000001137e+01,1.706413702647174624e+00,1.689171137977867110e+00
9.440000000000000568e+01,1.706117367176519739e+00,1.689171137977867110e+00
9.450000000000001421e+01,1.705821015812004404e+00,1.689171137977867110e+00
9.460000000000000853e+01,1.705524647409829564e+00,1.689171137977867110e+00
9.470000000000001705e+01,1.705228260689470643e+00,1.689171137977867110e+00
9.480000000000001137e+01,1.704931854216632736e+00,1.689171137977867110e+00
9.490000000000000568e+01,1.704635426384132346e+00,1.689171137977867110e+00
9.500000000000001421e+01,1.704338975390461419e+00,1.689171137977867110e+00
9.510000000000000853e+01,1.704042499215754791e+00,1.689171137977867110e+00
9.520000000000001705e+01,1.703745995594858398e+00,1.689171137977867110e+00
9.530000000000001137e+01,1.703449461987148084e+00,1.689171137977867110e+00
9.540000000000001990e+01,1.703152895542723533e+00,1.689171137977867110e+00
9.550000000000001421e+01,1.702856293064539450e+00,1.689171137977867110e+00
9.560000000000002274e+01,1.702559650966003035e+00,1.689171137977867110e+00
9.570000000000001705e+01,1.702262965223499069e+00,1.689171137977867110e+00
9.580000000000001137e+01,1.701966231323245315e+00,1.689171137977867110e+00
9.590000000000000568e+01,1.701669444201815207e+00,1.689171137977867110e+00
9.600000000000000000e+01,1.701372598179577977e+00,1.689171137977867110e+00
9.610000000000000853e+01,1.701075686886231564e+00,1.689171137977867110e+00
9.620000000000000284e+01,1.700778703177496132e+00,1.689171137977867110e+00
9.630000000000001137e+01,1.700481639041935500e+00,1.689171137977867110e+00
9.640000000000000568e+01,1.700184485496751829e+00,1.689171137977867110e+00
9.650000000000000000e+01,1.699887232471265497e+00,1.689171137977867110e+00
9.660000000000000853e+01,1.699589868676637749e+00,1.689171137977867110e+00
9.670000000000000284e+01,1.699292381460240087e+00,1.689171137977867110e+00
9.680000000000001137e+01,1.698994756642874915e+00,1.689171137977867110e+00
9.690000000000000568e+01,1.698696978336854402e+00,1.689171137977867110e+00
9.700000000000001421e+01,1.698399028742714645e+00,1.689171137977867110e+00
9.710000000000000853e+01,1.698100887922080693e+00,1.689171137977867110e+00
9.720000000000000284e+01,1.697802533543918857e+00,1.689171137977867110e+00
9.730000000000001137e+01,1.697503940601092776e+00,1.689171137977867110e+00
9.740000000000000568e+01,1.697205081093787093e+00,1.689171137977867110e+00
9.750000000000001421e+01,1.696905923675968042e+00,1.689171137977867110e+00
9.760000000000000853e+01,1.696606433260614333e+00,1.689171137977867110e+00
9.770000000000001705e+01,1.696306570578963280e+00,1.689171137977867110e+00
9.780000000000001137e+01,1.696006291688476830e+00,1.689171137977867110e+00
9.790000000000000568e+01,1.695705547423626891e+00,1.689171137977867110e+00
9.800000000000001421e+01,1.695404282782930094e+00,1.689171137977867110e+00
9.810000000000000853e+01,1.695102436244916966e+00,1.689171137977867110e+00
9.820000000000001705e+01,1.694799939004891343e+00,1.689171137977867110e+00
9.830000000000001137e+01,1.694496714123409076e+00,1.689171137977867110e+00
9.840000000000001990e+01,1.694192675576391416e+00,1.689171137977867110e+00
9.850000000000001421e+01,1.693887727195636961e+00,1.689171137977867110e+00
9.860000000000002274e+01,1.693581761487240600e+00,1.689171137977867110e+00
9.870000000000001705e+01,1.693274658314018577e+00,1.689171137977867110e+00
9.880000000000001137e+01,1.692966283426481144e+00,1.689171137977867110e+00
9.890000000000000568e+01,1.692656486825155238e+00,1.689171137977867110e+00
9.900000000000000000e+01,1.692345100935148006e+00,1.689171137977867110e+00
9.910000000000000853e+01,1.692031938571694649e+00,1.689171137977867110e+00
9.920000000000000284e+01,1.691716790673082116e+00,1.689171137977867110e+00
9.930000000000001137e+01,1.691399423774696764e+00,1.689171137977867110e+00
9.940000000000000568e+01,1.691079577195049755e+00,1.689171137977867110e+00
9.950000000000000000e+01,1.690756959901402956e+00,1.689171137977867110e+00
9.960000000000000853e+01,1.690431247019035910e+00,1.689171137977867110e+00
9.970000000000000284e+01,1.690102075944252435e+00,1.689171137977867110e+00
9.980000000000001137e+01,1.689769042016833867e+00,1.689171137977867110e+00
9.990000000000000568e+01,1.689431693702801551e+00,1.689171137977867110e+00
1.000000000000000142e+02,1.425609439644494936e+00,1.425637053319919190e+00
1.001000000000000085e+02,1.425334281461822394e+00,1.425637053319919190e+00
1.002000000000000028e+02,1.425071788683694329e+00,1.425637053319919190e+00
1.003000000000000114e+02,1.424821625618033272e+00,1.425637053319919190e+00
1.004000000000000057e+02,1.424583469783795353e+00,1.425637053319919190e+00
1.005000000000000142e+02,1.424357014886959760e+00,1.425637053319919190e+00
1.006000000000000085e+02,1.424141973654438287e+00,1.425637053319919190e+00
1.007000000000000171e+02,1.423938080499014935e+00,1.425637053319919190e+00
1.008000000000000114e+02,1.423745093989882138e+00,1.425637053319919190e+00
1.009000000000000057e+02,1.423562799105076770e+00,1.425637053319919190e+00
1.010000000000000142e+02,1.423391009244077132e+00,1.425637053319919190e+00
1.011000000000000085e+02,1.423229567981002086e+00,1.425637053319919190e+00
1.012000000000000171e+02,1.423078350541257642e+00,1.425637053319919190e+00
1.013000000000000114e+02,1.422937264987017114e+00,1.425637053319919190e+00
1.014000000000000199e+02,1.422806253099658580e+00,1.425637053319919190e+00
1.015000000000000142e+02,1.422685290950111980e+00,1.425637053319919190e+00
1.016000000000000227e+02,1.422574389151027408e+00,1.425637053319919190e+00
1.017000000000000171e+02,1.422473592787677044e+00,1.425637053319919190e+00
1.018000000000000114e+02,1.422382981027570548e+00,1.425637053319919190e+00
1.019000000000000057e+02,1.422302666411830119e+00,1.425637053319919190e+00
1.020000000000000000e+02,1.422232793834412368e+00,1.425637053319919190e+00
1.021000000000000085e+02,1.422173539218281269e+00,1.425637053319919190e+00
1.022000000000000028e+02,1.422125107900545249e+00,1.425637053319919190e+00
1.023000000000000114e+02,1.422087732741386112e+00,1.425637053319919190e+00
1.024000000000000057e+02,1.422061671974289343e+00,1.425637053319919190e+00
1.025000000000000000e+02,1.422047206817595111e+00,1.425637053319919190e+00
1.026000000000000085e+02,1.422044638869706112e+00,1.425637053319919190e+00
1.027000000000000028e+02,1.422054287312401133e+00,1.425637053319919190e+00
1.028000000000000114e+02,1.422076485948570168e+00,1.425637053319919190e+00
1.029000000000000057e+02,1.422111580102300765e+00,1.425637053319919190e+00
1.030000000000000142e+02,1.685691288308985625e+00,1.689171137977867110e+00
1.031000000000000085e+02,1.685732467709954552e+00,1.689171137977867110e+00
1.032000000000000028e+02,1.685769657478774830e+00,1.689171137977867110e+00
1.033000000000000114e+02,1.685803265623432745e+00,1.689171137977867110e+00
1.034000000000000057e+02,1.685833658395094137e+00,1.689171137977867110e+00
1.035000000000000142e+02,1.685861164554401492e+00,1.689171137977867110e+00
1.036000000000000085e+02,1.685886079202514987e+00,1.689171137977867110e+00
1.037000000000000171e+02,1.685908667221186263e+00,1.689171137977867110e+00
1.038000000000000114e+02,1.685929166361658238e+00,1.689171137977867110e+00
1.039000000000000199e+02,1.685947790018169190e+00,1.689171137977867110e+00
1.040000000000000142e+02,1.685964729718200550e+00,1.689171137977867110e+00
1.041000000000000085e+02,1.685980157358351494e+00,1.689171137977867110e+00
1.042000000000000171e+02,1.685994227211782714e+00,1.689171137977867110e+00
1.043000000000000114e+02,1.686007077730544035e+00,1.689171137977867110e+00
1.044000000000000199e+02,1.686018833163714259e+00,1.689171137977867110e+00
1.045000000000000142e+02,1.686029605010167964e+00,1.689171137977867110e+00
1.046000000000000227e+02,1.686039493322850857e+00,1.689171137977867110e+00
1.047000000000000171e+02,1.686048587879736438e+00,1.689171137977867110e+00
1.048000000000000114e+02,1.686056969235085079e+00,1.689171137977867110e+00
1.049000000000000199e+02,1.686064709663231520e+00,1.689171137977867110e+00
1.050000000000000142e+02,1.686071874005897753e+00,1.689171137977867110e+00
1.051000000000000085e+02,1.686078520432877204e+00,1.689171137977867110e+00
1.052000000000000028e+02,1.686084701124958229e+00,1.689171137977867110e+00
1.053000000000000114e+02,1.686090462887031904e+00,1.689171137977867110e+00
1.054000000000000057e+02,1.686095847698523498e+00,1.689171137977867110e+00
1.055000000000000000e+02,1.686100893207557627e+00,1.689171137977867110e+00
1.056000000000000085e+02,1.686105633174608709e+00,1.689171137977867110e+00
1.057000000000000028e+02,1.686110097870805458e+00,1.689171137977867110e+00
1.058000000000000114e+02,1.686114314435523065e+00,1.689171137977867110e+00
1.059000000000000057e+02,1.686118307197429944e+00,1.689171137977867110e+00
1.060000000000000142e+02,1.686122097962723609e+00,1.689171137977867110e+00
1.061000000000000085e+02,1.686125706273911895e+00,1.689171137977867110e+00
1.062000000000000028e+02,1.686129149642151326e+00,1.689171137977867110e+00
1.063000000000000114e+02,1.686132443755845367e+00,1.689171137977867110e+00
1.064000000000000057e+02,1.686135602667929723e+00,1.689171137977867110e+00
1.065000000000000142e+02,1.686138638964024494e+00,1.689171137977867110e+00
1.066000000000000085e+02,1.686141563913407859e+00,1.689171137977867110e+00
1.067000000000000171e+02,1.686144387604564754e+00,1.689171137977867110e+00
1.068000000000000114e+02,1.686147119066891964e+00,1.689171137977867110e+00
1.069000000000000199e+02,1.686149766379966053e+00,1.689171137977867110e+00
1.070000000000000142e+02,1.686152336771649995e+00,1.689171137977867110e+00
1.071000000000000085e+02,1.686154836706178273e+00,1.689171137977867110e+00
1.072000000000000171e+02,1.686157271963238502e+00,1.689171137977867110e+00
1.073000000000000114e+02,1.686159647708973086e+00,1.689171137977867110e+00
1.074000000000000199e+02,1.686161968559720004e+00,1.689171137977867110e+00
1.075000000000000142e+02,1.686164238639241697e+00,1.689171137977867110e+00
1.076000000000000227e+02,1.686166461630094426e+00,1.689171137977867110e+00
1.077000000000000171e+02,1.686168640819743159e+00,1.689171137977867110e+00
1.078000000000000114e+02,1.686170779141955567e+00,1.689171137977867110e+00
1.079000000000000199e+02,1.686172879213952536e+00,1.689171137977867110e+00
1.080000000000000142e+02,1.686174943369749490e+00,1.689171137977867110e+00
1.081000000000000085e+02,1.686176973690077130e+00,1.689171137977867110e+00
1.082000000000000028e+02,1.686178972029223511e+00,1.689171137977867110e+00
1.083000000000000114e+02,1.686180940039117448e+00,1.689171137977867110e+00
1.084000000000000057e+02,1.686182879190926576e+00,1.689171137977867110e+00
1.085000000000000000e+02,1.686184790794428068e+00,1.689171137977867110e+00
1.086000000000000085e+02,1.686186676015372088e+00,1.689171137977867110e+00
1.087000000000000028e+02,1.686188535891046225e+00,1.689171137977867110e+00
1.088000000000000114e+02,1.686190371344220118e+00,1.689171137977867110e+00
1.089000000000000057e+02,1.686192183195635463e+00,1.689171137977867110e+00
1.090000000000000142e+02,1.686193972175187961e+00,1.689171137977867110e+00
1.091000000000000085e+02,1.686195738931934640e+00,1.689171137977867110e+00
1.092000000000000028e+02,1.686197484043044925e+00,1.689171137977867110e+00
1.093000000000000114e+02,1.686199208021800899e+00,1.689171137977867110e+00
1.094000000000000057e+02,1.686200911324744478e+00,1.689171137977867110e+00
1.095000000000000142e+02,1.686202594358059859e+00,1.689171137977867110e+00
1.096000000000000085e+02,1.686204257483263635e+00,1.689171137977867110e+00
1.097000000000000171e+02,1.686205901022276965e+00,1.689171137977867110e+00
1.098000000000000114e+02,1.686207525261942397e+00,1.689171137977867110e+00
1.099000000000000199e+02,1.686209130458039773e+00,1.689171137977867110e+00
1.100000000000000142e+02,1.686210716838854706e+00,1.689171137977867110e+00
1.101000000000000085e+02,1.686212284608344270e+00,1.689171137977867110e+00
1.102000000000000171e+02,1.686213833948940533e+00,1.689171137977867110e+00
1.103000000000000114e+02,1.686215365024032575e+00,1.689171137977867110e+00
1.104000000000000199e+02,1.686216877980158069e+00,1.689171137977867110e+00
1.105000000000000142e+02,1.686218372948934174e+00,1.689171137977867110e+00
1.106000000000000227e+02,1.686219850048758406e+00,1.689171137977867110e+00
1.107000000000000171e+02,1.686221309386301881e+00,1.689171137977867110e+00
1.108000000000000114e+02,1.686222751057816938e+00,1.689171137977867110e+00
1.109000000000000199e+02,1.686224175150283333e+00,1.689171137977867110e+00
1.110000000000000142e+02,1.686225581742404556e+00,1.689171137977867110e+00
1.111000000000000085e+02,1.686226970905479794e+00,1.689171137977867110e+00
1.112000000000000028e+02,1.686228342704158001e+00,1.689171137977867110e+00
1.113000000000000114e+02,1.686229697197092259e+00,1.689171137977867110e+00
1.114000000000000057e+02,1.686231034437509102e+00,1.689171137977867110e+00
1.115000000000000000e+02,1.686232354473695683e+00,1.689171137977867110e+00
1.116000000000000085e+02,1.686233657349424764e+00,1.689171137977867110e+00
1.117000000000000028e+02,1.686234943104321093e+00,1.689171137977867110e+00
1.118000000000000114e+02,1.686236211774176486e+00,1.689171137977867110e+00
1.119000000000000057e+02,1.686237463391226266e+00,1.689171137977867110e+00
1.120000000000000142e+02,1.686238697984390189e+00,1.689171137977867110e+00
1.121000000000000085e+02,1.686239915579482940e+00,1.689171137977867110e+00
1.122000000000000028e+02,1.686241116199404644e+00,1.689171137977867110e+00
1.123000000000000114e+02,1.686242299864310956e+00,1.689171137977867110e+00
1.124000000000000057e+02,1.686243466591771156e+00,1.689171137977867110e+00
1.125000000000000142e+02,1.686244616396917362e+00,1.689171137977867110e+00
1.126000000000000085e+02,1.686245749292586638e+00,1.689171137977867110e+00
1.127000000000000171e+02,1.686246865289461327e+00,1.689171137977867110e+00
1.128000000000000114e+02,1.686247964396210941e+00,1.689171137977867110e+00
1.129000000000000199e+02,1.686249046619635372e+00,1.689171137977867110e+00
1.130000000000000142e+02,1.686250111964814113e+00,1.689171137977867110e+00
1.131000000000000085e+02,1.686251160435264351e+00,1.689171137977867110e+00
1.132000000000000171e+02,1.686252192033103503e+00,1.689171137977867110e+00
1.133000000000000114e+02,1.686253206759225964e+00,1.689171137977867110e+00
1.134000000000000199e+02,1.686254204613489405e+00,1.689171137977867110e+00
1.135000000000000142e+02,1.686255185594914607e+00,1.689171137977867110e+00
1.136000000000000227e+02,1.686256149701894635e+00,1.689171137977867110e+00
1.137000000000000171e+02,1.686257096932421762e+00,1.689171137977867110e+00
1.138000000000000114e+02,1.686258027284325056e+00,1.689171137977867110e+00
1.139000000000000199e+02,1.686258940755521962e+00,1.689171137977867110e+00
1.140000000000000142e+02,1.686259837344284751e+00,1.689171137977867110e+00
1.141000000000000085e+02,1.686260717049517188e+00,1.689171137977867110e+00
1.142000000000000028e+02,1.686261579871049188e+00,1.689171137977867110e+00
1.143000000000000114e+02,1.686262425809937682e+00,1.689171137977867110e+00
1.144000000000000057e+02,1.686263254868783257e+00,1.689171137977867110e+00
1.145000000000000000e+02,1.686264067052056337e+00,1.689171137977867110e+00
1.146000000000000085e+02,1.686264862366432915e+00,1.689171137977867110e+00
1.147000000000000028e+02,1.686265640821138501e+00,1.689171137977867110e+00
1.148000000000000114e+02,1.686266402428300726e+00,1.689171137977867110e+00
1.149000000000000057e+02,1.686267147203307948e+00,1.689171137977867110e+00
1.150000000000000142e+02,1.686267875165172070e+00,1.689171137977867110e+00
1.151000000000000085e+02,1.686268586336895803e+00,1.689171137977867110e+00
1.152000000000000171e+02,1.686269280745841259e+00,1.689171137977867110e+00
1.153000000000000114e+02,1.686269958424099213e+00,1.689171137977867110e+00
1.154000000000000057e+02,1.686270619408858806e+00,1.689171137977867110e+00
1.155000000000000142e+02,1.686271263742770588e+00,1.689171137977867110e+00
1.156000000000000085e+02,1.686271891474309337e+00,1.689171137977867110e+00
1.157000000000000171e+02,1.686272502658129557e+00,1.689171137977867110e+00
1.158000000000000114e+02,1.686273097355410311e+00,1.689171137977867110e+00
1.159000000000000199e+02,1.686273675634195612e+00,1.689171137977867110e+00
1.160000000000000142e+02,1.686274237569718837e+00,1.689171137977867110e+00
1.161000000000000085e+02,1.686274783244715358e+00,1.689171137977867110e+00
1.162000000000000171e+02,1.686275312749723865e+00,1.689171137977867110e+00
1.163000000000000114e+02,1.686275826183365911e+00,1.689171137977867110e+00
1.164000000000000199e+02,1.686276323652611264e+00,1.689171137977867110e+00
1.165000000000000142e+02,1.686276805273021928e+00,1.689171137977867110e+00
1.166000000000000227e+02,1.686277271168975300e+00,1.689171137977867110e+00
1.167000000000000171e+02,1.686277721473866675e+00,1.689171137977867110e+00
1.168000000000000114e+02,1.686278156330282663e+00,1.689171137977867110e+00
1.169000000000000199e+02,1.686278575890155063e+00,1.689171137977867110e+00
1.170000000000000142e+02,1.686278980314883658e+00,1.689171137977867110e+00
1.171000000000000085e+02,1.686279369775433912e+00,1.689171137977867110e+00
1.172000000000000028e+02,1.686279744452403362e+00,1.689171137977867110e+00
1.173000000000000114e+02,1.686280104536060032e+00,1.689171137977867110e+00
1.174000000000000057e+02,1.686280450226347538e+00,1.689171137977867110e+00
1.175000000000000000e+02,1.686280781732862000e+00,1.689171137977867110e+00
1.176000000000000085e+02,1.686281099274792306e+00,1.689171137977867110e+00
1.177000000000000028e+02,1.686281403080831520e+00,1.689171137977867110e+00
1.178000000000000114e+02,1.686281693389051428e+00,1.689171137977867110e+00
1.179000000000000057e+02,1.686281970446745326e+00,1.689171137977867110e+00
1.180000000000000142e+02,1.686282234510237510e+00,1.689171137977867110e+00
1.181000000000000085e+02,1.686282485844655676e+00,1.689171137977867110e+00
1.182000000000000171e+02,1.686282724723673798e+00,1.689171137977867110e+00
1.183000000000000114e+02,1.686282951429216581e+00,1.689171137977867110e+00
1.184000000000000057e+02,1.686283166251134613e+00,1.689171137977867110e+00
1.185000000000000142e+02,1.686283369486844430e+00,1.689171137977867110e+00
1.186000000000000085e+02,1.686283561440935497e+00,1.689171137977867110e+00
1.187000000000000171e+02,1.686283742424748988e+00,1.689171137977867110e+00
1.188000000000000114e+02,1.686283912755921488e+00,1.689171137977867110e+00
1.189000000000000199e+02,1.686284072757901376e+00,1.689171137977867110e+00
1.190000000000000142e+02,1.686284222759437457e+00,1.689171137977867110e+00
1.191000000000000085e+02,1.686284363094036953e+00,1.689171137977867110e+00
1.192000000000000171e+02,1.686284494099400177e+00,1.689171137977867110e+00
1.193000000000000114e+02,1.686284616116829449e+00,1.689171137977867110e+00
1.194000000000000199e+02,1.686284729490614698e+00,1.689171137977867110e+00
1.195000000000000284e+02,1.686284834567398638e+00,1.689171137977867110e+00
1.196000000000000085e+02,1.686284931695521072e+00,1.689171137977867110e+00
1.197000000000000171e+02,1.686285021224345426e+00,1.689171137977867110e+00
1.198000000000000256e+02,1.686285103503571969e+00,1.689171137977867110e+00
1.199000000000000057e+02,1.686285178882531710e+00,1.689171137977867110e+00
1.200000000000000142e+02,1.686285247709475632e+00,1.689171137977867110e+00
1.201000000000000227e+02,1.686285310330847942e+00,1.689171137977867110e+00
1.202000000000000171e+02,1.686285367090555765e+00,1.689171137977867110e+00
1.203000000000000114e+02,1.686285418329232844e+00,1.689171137977867110e+00
1.204000000000000057e+02,1.686285464383499022e+00,1.689171137977867110e+00
1.205000000000000142e+02,1.686285505585221500e+00,1.689171137977867110e+00
1.205999999999999943e+02,1.686285542260776094e+00,1.689171137977867110e+00
1.207000000000000028e+02,1.686285574730313375e+00,1.689171137977867110e+00
1.208000000000000114e+02,1.686285603307031700e+00,1.689171137977867110e+00
1.209000000000000199e+02,1.686285628296458450e+00,1.689171137977867110e+00
1.210000000000000000e+02,1.686285649995743263e+00,1.689171137977867110e+00
1.211000000000000085e+02,1.686285668692963924e+00,1.689171137977867110e+00
1.212000000000000171e+02,1.686285684666450013e+00,1.689171137977867110e+00
1.212999999999999972e+02,1.686285698184121218e+00,1.689171137977867110e+00
1.214000000000000057e+02,1.686285709502850505e+00,1.689171137977867110e+00
1.215000000000000142e+02,1.686285718867845729e+00,1.689171137977867110e+00
1.216000000000000227e+02,1.686285726512058547e+00,1.689171137977867110e+00
1.217000000000000028e+02,1.686285732655618208e+00,1.689171137977867110e+00
1.218000000000000114e+02,1.686285737505294424e+00,1.689171137977867110e+00
1.219000000000000199e+02,1.686285741253990889e+00,1.689171137977867110e+00
1.220000000000000000e+02,1.686285744080269211e+00,1.689171137977867110e+00
1.221000000000000085e+02,1.686285746147909270e+00,1.689171137977867110e+00
1.222000000000000171e+02,1.686285747605502205e+00,1.689171137977867110e+00
1.223000000000000256e+02,1.686285748586080269e+00,1.689171137977867110e+00
1.224000000000000057e+02,1.686285749206786644e+00,1.689171137977867110e+00
1.225000000000000142e+02,1.686285749568580128e+00,1.689171137977867110e+00
1.226000000000000227e+02,1.686285749755984886e+00,1.689171137977867110e+00
1.227000000000000313e+02,1.686285749836875514e+00,1.689171137977867110e+00
1.228000000000000114e+02,1.686285749862308947e+00,1.689171137977867110e+00
1.229000000000000199e+02,1.686285749866394790e+00,1.689171137977867110e+00
