0.000000000000000000e+00,1.556070247454370836e+00,1.559272759888098214e+00
1.000000000000000056e-01,1.556070247454370836e+00,1.559272759889219095e+00
2.000000000000000111e-01,1.556070247454370836e+00,1.559272759891101812e+00
3.000000000000000444e-01,1.556070247454370836e+00,1.559272759893768345e+00
4.000000000000000222e-01,1.556070247454370836e+00,1.559272759897249783e+00
5.000000000000001110e-01,1.556070247454370836e+00,1.559272759901586536e+00
6.000000000000000888e-01,1.556070247454370836e+00,1.559272759906829675e+00
7.000000000000000666e-01,1.556070247454370836e+00,1.559272759913040263e+00
8.000000000000000444e-01,1.556070247454370836e+00,1.559272759920290907e+00
9.000000000000001332e-01,1.556070247454370836e+00,1.559272759928665986e+00
1.000000000000000222e+00,1.556070247454370836e+00,1.559272759938263420e+00
1.100000000000000089e+00,1.556070247454370836e+00,1.559272759949195564e+00
1.200000000000000178e+00,1.556070247454370836e+00,1.559272759961589649e+00
1.300000000000000266e+00,1.556070247454370836e+00,1.559272759975590450e+00
1.400000000000000133e+00,1.556070247454370836e+00,1.559272759991361612e+00
1.500000000000000000e+00,1.556070247454370836e+00,1.559272760009087211e+00
1.600000000000000089e+00,1.556070247454370836e+00,1.559272760028974192e+00
1.700000000000000178e+00,1.556070247454370836e+00,1.559272760051254814e+00
1.800000000000000266e+00,1.556070247454370836e+00,1.559272760076189313e+00
1.900000000000000355e+00,1.556070247454370836e+00,1.559272760104068789e+00
2.000000000000000444e+00,1.556070247454370836e+00,1.559272760135218538e+00
2.100000000000000089e+00,1.556070247454370836e+00,1.559272760170002492e+00
2.200000000000000178e+00,1.556070247454370836e+00,1.559272760208826769e+00
2.300000000000000266e+00,1.556070247454370836e+00,1.559272760252144563e+00
2.400000000000000355e+00,1.556070247454370836e+00,1.559272760300461913e+00
2.500000000000000444e+00,1.556070247454370836e+00,1.559272760354342813e+00
2.600000000000000533e+00,1.556070247454370836e+00,1.559272760414416537e+00
2.700000000000000622e+00,1.556070247454370836e+00,1.559272760481384301e+00
2.800000000000000266e+00,1.556070247454370836e+00,1.559272760556028148e+00
2.900000000000000355e+00,1.556070247454370836e+00,1.559272760639219602e+00
3.000000000000000000e+00,1.556070247454370836e+00,1.559272760731930108e+00
3.100000000000000089e+00,1.556070247454370836e+00,1.559272760835242133e+00
3.200000000000000178e+00,1.556070247454370836e+00,1.559272760950362047e+00
3.300000000000000266e+00,1.556070247454370836e+00,1.559272761078633884e+00
3.400000000000000355e+00,1.556070247454370836e+00,1.559272761221555337e+00
3.500000000000000444e+00,1.556070247454370836e+00,1.559272761380795513e+00
3.600000000000000533e+00,1.556070247454370836e+00,1.559272761558213150e+00
3.700000000000000178e+00,1.556070247454370836e+00,1.559272761755880365e+00
3.800000000000000711e+00,1.556070247454370836e+00,1.559272761976104871e+00
3.900000000000000799e+00,1.556070247454370836e+00,1.559272762221458164e+00
4.000000000000000888e+00,1.556070247454370836e+00,1.559272762494805065e+00
4.099999999999999645e+00,1.556070247454370836e+00,1.559272762799337020e+00
4.200000000000000178e+00,1.556070247454370836e+00,1.559272763138609630e+00
4.299999999999999822e+00,1.556070247454370836e+00,1.559272763516584615e+00
4.400000000000000355e+00,1.556070247454370836e+00,1.559272763937675110e+00
4.500000000000000000e+00,1.556070247454370836e+00,1.559272764406797851e+00
4.600000000000000533e+00,1.556070247454370836e+00,1.559272764929430233e+00
4.700000000000000178e+00,1.556070247454370836e+00,1.559272765511674486e+00
4.800000000000000711e+00,1.556070247454370836e+00,1.559272766160328727e+00
4.900000000000000355e+00,1.556070247454370836e+00,1.559272766882966899e+00
5.000000000000000888e+00,1.556070247454370836e+00,1.559272767688026473e+00
5.100000000000000533e+00,1.556070247454370836e+00,1.559272768584906821e+00
5.200000000000001066e+00,1.556070247454370836e+00,1.559272769584080232e+00
5.300000000000000711e+00,1.556070247454370836e+00,1.559272770697212707e+00
5.400000000000001243e+00,1.556070247454370836e+00,1.559272771937300961e+00
5.500000000000000888e+00,1.556070247454370836e+00,1.559272773318823857e+00
5.600000000000000533e+00,1.556070247454370836e+00,1.559272774857911825e+00
5.700000000000000178e+00,1.556070247454370836e+00,1.559272776572534935e+00
5.800000000000000711e+00,1.556070247454370836e+00,1.559272778482712063e+00
5.900000000000000355e+00,1.556070247454370836e+00,1.559272780610746256e+00
6.000000000000000000e+00,1.556070247454370836e+00,1.559272782981483196e+00
6.100000000000000533e+00,1.556070247454370836e+00,1.559272785622602742e+00
6.200000000000000178e+00,1.556070247454370836e+00,1.559272788564941115e+00
6.300000000000000711e+00,1.556070247454370836e+00,1.559272791842851724e+00
6.400000000000000355e+00,1.556070247454370836e+00,1.559272795494605290e+00
6.500000000000000888e+00,1.556070247454370836e+00,1.559272799562837486e+00
6.600000000000000533e+00,1.556070247454370836e+00,1.559272804095046316e+00
6.700000000000001066e+00,1.556070247454370836e+00,1.559272809144146565e+00
6.800000000000000711e+00,1.556070247454370836e+00,1.559272814769087523e+00
6.900000000000001243e+00,1.556070247454370836e+00,1.559272821035541545e+00
7.000000000000000888e+00,1.556070247454370836e+00,1.559272828016670331e+00
7.100000000000001421e+00,1.556070247454370836e+00,1.559272835793978906e+00
7.200000000000001066e+00,1.556070247454370836e+00,1.559272844458267526e+00
7.300000000000000711e+00,1.556070247454370836e+00,1.559272854110691719e+00
7.400000000000000355e+00,1.556070247454370836e+00,1.559272864863942454e+00
7.500000000000000888e+00,1.556070247454370836e+00,1.559272876843562194e+00
7.600000000000001421e+00,1.556070247454370836e+00,1.559272890189410843e+00
7.700000000000001066e+00,1.556070247454370836e+00,1.559272905057297320e+00
7.800000000000001599e+00,1.556070247454370836e+00,1.559272921620799224e+00
7.900000000000000355e+00,1.556070247454370836e+00,1.559272940073288982e+00
8.000000000000001776e+00,1.556070247454370836e+00,1.559272960630190719e+00
8.100000000000001421e+00,1.556070247454370836e+00,1.559272983531495571e+00
8.199999999999999289e+00,1.556070247454370836e+00,1.559273009044562341e+00
8.300000000000000711e+00,1.556070247454370836e+00,1.559273037467239220e+00
8.400000000000000355e+00,1.556070247454370836e+00,1.559273069131339895e+00
8.500000000000001776e+00,1.556070247454370836e+00,1.559273104406516897e+00
8.599999999999999645e+00,1.556070247454370836e+00,1.559273143704577036e+00
8.700000000000001066e+00,1.556070247454370836e+00,1.559273187484287115e+00
8.800000000000000711e+00,1.556070247454370836e+00,1.559273236256730089e+00
8.900000000000002132e+00,1.556070247454370836e+00,1.559273290591269845e+00
9.000000000000000000e+00,1.556070247454370836e+00,1.559273351122197004e+00
9.100000000000001421e+00,1.556070247454370836e+00,1.559273418556133217e+00
9.200000000000001066e+00,1.556070247454370836e+00,1.559273493680278122e+00
9.300000000000002487e+00,1.556070247454370836e+00,1.559273577371597774e+00
9.400000000000000355e+00,1.556070247454370836e+00,1.559273670607061124e+00
9.500000000000001776e+00,1.556070247454370836e+00,1.559273774475041563e+00
9.600000000000001421e+00,1.556070247454370836e+00,1.559273890188021205e+00
9.700000000000001066e+00,1.556070247454370836e+00,1.559274019096742681e+00
9.800000000000000711e+00,1.556070247454370836e+00,1.559274162705972966e+00
9.900000000000000355e+00,1.556070247454370836e+00,1.559274322692066672e+00
1.000000000000000178e+01,1.556070247454370836e+00,1.559274500922531503e+00
1.009999999999999964e+01,1.556070247454370836e+00,1.559274699477823489e+00
1.020000000000000107e+01,1.556070247454370836e+00,1.559274920675628451e+00
1.030000000000000071e+01,1.556070247454370836e+00,1.559275167097910364e+00
1.040000000000000213e+01,1.556070247454370836e+00,1.559275441621045921e+00
1.050000000000000000e+01,1.556070247454370836e+00,1.559275747449392568e+00
1.060000000000000142e+01,1.556070247454370836e+00,1.559276088152685480e+00
1.070000000000000107e+01,1.556070247454370836e+00,1.559276467707696900e+00
1.080000000000000249e+01,1.556070247454370836e+00,1.559276890544647243e+00
1.090000000000000036e+01,1.556070247454370836e+00,1.559277361598903733e+00
1.100000000000000178e+01,1.556070247454370836e+00,1.559277886368578780e+00
1.110000000000000142e+01,1.556070247454370836e+00,1.559278470978689102e+00
1.120000000000000107e+01,1.556070247454370836e+00,1.559279122252634542e+00
1.130000000000000071e+01,1.556070247454370836e+00,1.559279847791823714e+00
1.140000000000000036e+01,1.556070247454370836e+00,1.559280656064376824e+00
1.150000000000000178e+01,1.556070247454370836e+00,1.559281556503943733e+00
1.160000000000000142e+01,1.556070247454370836e+00,1.559282559619785236e+00
1.170000000000000107e+01,1.556070247454370836e+00,1.559283677119406297e+00
1.180000000000000071e+01,1.556070247454370836e+00,1.559284922045167887e+00
1.190000000000000213e+01,1.556070247454370836e+00,1.559286308926475462e+00
1.200000000000000000e+01,1.556070247454370836e+00,1.559287853949314906e+00
1.210000000000000142e+01,1.556070247454370836e+00,1.559289575145117013e+00
1.220000000000000107e+01,1.556070247454370836e+00,1.559291492601152962e+00
1.230000000000000249e+01,1.556070247454370836e+00,1.559293628694914391e+00
1.240000000000000036e+01,1.556070247454370836e+00,1.559296008355211427e+00
1.250000000000000178e+01,1.556070247454370836e+00,1.559298659353037131e+00
1.260000000000000142e+01,1.556070247454370836e+00,1.559301612625589417e+00
1.270000000000000284e+01,1.556070247454370836e+00,1.559304902637227874e+00
1.280000000000000071e+01,1.556070247454370836e+00,1.559308567781580557e+00
1.290000000000000036e+01,1.556070247454370836e+00,1.559312650829487668e+00
1.300000000000000178e+01,1.556070247454370836e+00,1.559317199428006395e+00
1.310000000000000142e+01,1.556070247454370836e+00,1.559322266656299583e+00
1.320000000000000107e+01,1.556070247454370836e+00,1.559327911644890596e+00
1.330000000000000071e+01,1.556070247454370836e+00,1.559334200265506620e+00
1.340000000000000213e+01,1.556070247454370836e+00,1.559341205899554827e+00
1.350000000000000178e+01,1.556070247454370836e+00,1.559349010294198257e+00
1.360000000000000142e+01,1.556070247454370836e+00,1.559357704516009191e+00
1.370000000000000107e+01,1.556070247454370836e+00,1.559367390013327803e+00
1.380000000000000249e+01,1.556070247454370836e+00,1.559378179799710828e+00
1.390000000000000036e+01,1.556070247454370836e+00,1.559390199772273000e+00
1.400000000000000178e+01,1.556070247454370836e+00,1.559403590180294952e+00
1.410000000000000142e+01,1.556070247454370836e+00,1.559418507261223663e+00
1.420000000000000284e+01,1.556070247454370836e+00,1.559435125063140859e+00
1.430000000000000071e+01,1.556070247454370836e+00,1.559453637474950805e+00
1.440000000000000213e+01,1.556070247454370836e+00,1.559474260487961672e+00
1.450000000000000178e+01,1.556070247454370836e+00,1.559497234715225389e+00
1.460000000000000142e+01,1.556070247454370836e+00,1.559522828198015132e+00
1.470000000000000107e+01,1.556070247454370836e+00,1.559551339532156744e+00
1.480000000000000071e+01,1.556070247454370836e+00,1.559583101350663581e+00
1.490000000000000213e+01,1.556070247454370836e+00,1.559618484203277200e+00
1.500000000000000178e+01,1.556070247454370836e+00,1.559657900878136605e+00
1.510000000000000142e+01,1.556070247454370836e+00,1.559701811215955303e+00
1.520000000000000284e+01,1.556070247454370836e+00,1.559750727472822618e+00
1.530000000000000071e+01,1.556070247454370836e+00,1.559805220294135486e+00
1.540000000000000213e+01,1.556070247454370836e+00,1.559865925369287920e+00
1.550000000000000178e+01,1.556070247454370836e+00,1.559933550844674333e+00
1.560000000000000320e+01,1.556070247454370836e+00,1.560008885581395388e+00
1.570000000000000107e+01,1.556070247454370836e+00,1.560092808353890526e+00
1.580000000000000071e+01,1.556070247454370836e+00,1.560186298096676305e+00
1.590000000000000213e+01,1.556070247454370836e+00,1.560290445318575525e+00
1.600000000000000355e+01,1.556070247454370836e+00,1.560406464817407191e+00
1.610000000000000142e+01,1.556070247454370836e+00,1.560535709843243968e+00
1.620000000000000284e+01,1.556070247454370836e+00,1.560679687875196064e+00
1.630000000000000426e+01,1.556070247454370836e+00,1.560840078195454783e+00
1.639999999999999858e+01,1.556070247454370836e+00,1.561018751465225840e+00
1.650000000000000000e+01,1.556070247454370836e+00,1.561217791530460142e+00
1.660000000000000142e+01,1.556070247454370836e+00,1.561439519711204760e+00
1.670000000000000284e+01,1.556070247454370836e+00,1.561686521857258425e+00
1.680000000000000071e+01,1.556070247454370836e+00,1.561961678484941718e+00
1.690000000000000213e+01,1.556070247454370836e+00,1.562268198345559078e+00
1.700000000000000355e+01,1.556070247454370836e+00,1.562609655815967669e+00
1.710000000000000142e+01,1.556070247454370836e+00,1.562990032545980235e+00
1.719999999999999929e+01,1.556070247454370836e+00,1.563413763846686733e+00
1.730000000000000071e+01,1.556070247454370836e+00,1.563885790358692240e+00
1.740000000000000213e+01,1.556070247454370836e+00,1.564411615600394434e+00
1.750000000000000355e+01,1.556070247454370836e+00,1.564997370064440174e+00
1.760000000000000142e+01,1.556070247454370836e+00,1.565649882606171106e+00
1.770000000000000284e+01,1.556070247454370836e+00,1.566376759952060826e+00
1.780000000000000426e+01,1.556070247454370836e+00,1.567186475249798150e+00
1.789999999999999858e+01,1.556070247454370836e+00,1.568088466685826798e+00
1.800000000000000000e+01,1.556070247454370836e+00,1.569093247311936778e+00
1.810000000000000142e+01,1.556070247454370836e+00,1.570212527351285914e+00
1.820000000000000284e+01,1.556070247454370836e+00,1.571459350397311994e+00
1.830000000000000071e+01,1.556070247454370836e+00,1.572848245077997031e+00
1.840000000000000213e+01,1.556070247454370836e+00,1.574395393934592935e+00
1.850000000000000355e+01,1.556070247454370836e+00,1.576118821460066766e+00
1.860000000000000497e+01,1.556070247454370836e+00,1.578038603460269806e+00
1.869999999999999929e+01,1.556070247454370836e+00,1.580177100142465596e+00
1.880000000000000071e+01,1.556070247454370836e+00,1.582559215603818181e+00
1.890000000000000213e+01,1.556070247454370836e+00,1.585212686689556172e+00
1.900000000000000355e+01,1.556070247454370836e+00,1.588168404519706645e+00
1.910000000000000142e+01,1.556070247454370836e+00,1.591460772347680575e+00
1.920000000000000284e+01,1.556070247454370836e+00,1.595128103817271992e+00
1.930000000000000426e+01,1.556070247454370836e+00,1.599213066130414029e+00
1.940000000000000213e+01,1.556070247454370836e+00,1.603763173130416275e+00
1.950000000000000000e+01,1.556070247454370836e+00,1.608831333848557366e+00
1.960000000000000142e+01,1.556070247454370836e+00,1.614476462660708433e+00
1.970000000000000284e+01,1.556070247454370836e+00,1.620764157859458932e+00
1.980000000000000071e+01,1.556070247454370836e+00,1.627767456171197447e+00
1.990000000000000213e+01,1.556070247454370836e+00,1.635567671541797719e+00
2.000000000000000355e+01,1.556070247454370836e+00,1.643108023692186892e+00
2.010000000000000497e+01,1.556070247454370836e+00,1.649677843687445300e+00
2.019999999999999929e+01,1.556070247454370836e+00,1.656059747280547612e+00
2.030000000000000071e+01,1.556070247454370836e+00,1.662194354252667372e+00
2.040000000000000213e+01,1.556070247454370836e+00,1.668024624799216760e+00
2.050000000000000355e+01,1.556070247454370836e+00,1.673496399098834075e+00
2.060000000000000142e+01,1.556070247454370836e+00,1.678558908566037955e+00
2.070000000000000284e+01,1.556070247454370836e+00,1.683165253770799952e+00
2.080000000000000426e+01,1.556070247454370836e+00,1.687272844370051095e+00
2.090000000000000213e+01,1.556070247454370836e+00,1.690843796802897980e+00
2.100000000000000000e+01,1.556070247454370836e+00,1.693845285947739754e+00
2.110000000000000142e+01,1.556070247454370836e+00,1.696249847420998602e+00
2.120000000000000284e+01,1.556070247454370836e+00,1.698035627707842776e+00
2.130000000000000071e+01,1.556070247454370836e+00,1.699186579849990997e+00
2.140000000000000213e+01,1.556070247454370836e+00,1.699692602969075317e+00
2.150000000000000355e+01,1.556070247454370836e+00,1.699549624470505726e+00
2.160000000000000497e+01,1.556070247454370836e+00,1.698759624346564800e+00
2.169999999999999929e+01,1.556070247454370836e+00,1.697330601573364683e+00
2.180000000000000071e+01,1.556070247454370836e+00,1.695276483168996373e+00
2.190000000000000213e+01,1.556070247454370836e+00,1.692616977044292481e+00
2.200000000000000355e+01,1.556070247454370836e+00,1.689377370327726835e+00
2.210000000000000142e+01,1.556070247454370836e+00,1.685588275377183365e+00
2.220000000000000284e+01,1.556070247454370836e+00,1.681285326198892038e+00
2.230000000000000426e+01,1.556070247454370836e+00,1.676508828472822454e+00
2.240000000000000213e+01,1.556070247454370836e+00,1.671303366829566261e+00
2.250000000000000000e+01,1.556070247454370836e+00,1.665717373432046289e+00
2.260000000000000142e+01,1.556070247454370836e+00,1.659802662282557240e+00
2.270000000000000284e+01,1.556070247454370836e+00,1.653613933997204910e+00
2.280000000000000071e+01,1.556070247454370836e+00,1.647208256063042775e+00
2.290000000000000213e+01,1.556070247454370836e+00,1.640644523814586586e+00
2.300000000000000355e+01,1.556070247454370836e+00,1.633144063640288524e+00
2.310000000000000497e+01,1.556070247454370836e+00,1.625398148900238038e+00
2.320000000000000284e+01,1.556070247454370836e+00,1.618456760804091177e+00
2.330000000000000071e+01,1.556070247454370836e+00,1.612237198606659261e+00
2.340000000000000213e+01,1.556070247454370836e+00,1.606665163546786124e+00
2.350000000000000355e+01,1.556070247454370836e+00,1.601673917255765467e+00
2.360000000000000142e+01,1.556070247454370836e+00,1.597203522894277139e+00
2.370000000000000284e+01,1.556070247454370836e+00,1.593200161112377389e+00
2.380000000000000426e+01,1.556070247454370836e+00,1.589615513646119416e+00
2.390000000000000568e+01,1.556070247454370836e+00,1.586406208024422781e+00
2.400000000000000000e+01,1.556070247454370836e+00,1.583533317464520751e+00
2.410000000000000142e+01,1.556070247454370836e+00,1.580961910587321828e+00
2.420000000000000284e+01,1.556070247454370836e+00,1.578660646088898778e+00
2.430000000000000071e+01,1.556070247454370836e+00,1.576601407964584922e+00
2.440000000000000213e+01,1.556070247454370836e+00,1.574758977301218499e+00
2.450000000000000355e+01,1.556070247454370836e+00,1.573110737034349560e+00
2.460000000000000497e+01,1.556070247454370836e+00,1.571636406413476017e+00
2.470000000000000284e+01,1.556070247454370836e+00,1.570317802232798821e+00
2.480000000000000071e+01,1.556070247454370836e+00,1.569138624170173690e+00
2.490000000000000213e+01,1.556070247454370836e+00,1.568084261835387627e+00
2.500000000000000355e+01,1.556070247454370836e+00,1.567141621363006054e+00
2.510000000000000142e+01,1.556070247454370836e+00,1.566298969596962465e+00
2.520000000000000284e+01,1.556070247454370836e+00,1.565545794105788868e+00
2.530000000000000426e+01,1.556070247454370836e+00,1.564872677440777959e+00
2.540000000000000568e+01,1.556070247454370836e+00,1.564271184206063703e+00
2.550000000000000000e+01,1.556070247454370836e+00,1.563733759651180666e+00
2.560000000000000142e+01,1.556070247454370836e+00,1.563253638624532149e+00
2.570000000000000284e+01,1.556070247454370836e+00,1.562824763841627496e+00
2.580000000000000071e+01,1.556070247454370836e+00,1.562441712526112525e+00
2.590000000000000213e+01,1.556070247454370836e+00,1.562099630575595866e+00
2.600000000000000355e+01,1.556070247454370836e+00,1.561794173489050586e+00
2.610000000000000497e+01,1.556070247454370836e+00,1.561521453368983181e+00
2.620000000000000284e+01,1.556070247454370836e+00,1.561277991380461305e+00
2.630000000000000071e+01,1.556070247454370836e+00,1.561060675111174856e+00
2.640000000000000213e+01,1.556070247454370836e+00,1.560866720332646063e+00
2.650000000000000355e+01,1.556070247454370836e+00,1.560693636713088805e+00
2.660000000000000142e+01,1.556070247454370836e+00,1.560539197077797757e+00
2.670000000000000284e+01,1.556070247454370836e+00,1.560401409853798382e+00
2.680000000000000426e+01,1.556070247454370836e+00,1.560278494372282498e+00
2.690000000000000568e+01,1.556070247454370836e+00,1.560168858735445863e+00
2.700000000000000355e+01,1.556070247454370836e+00,1.560071079984136633e+00
2.710000000000000142e+01,1.556070247454370836e+00,1.559983886329527669e+00
2.720000000000000284e+01,1.556070247454370836e+00,1.559906141236129917e+00
2.730000000000000071e+01,1.556070247454370836e+00,1.559836829165148542e+00
2.740000000000000213e+01,1.556070247454370836e+00,1.559775042806684997e+00
2.750000000000000355e+01,1.556070247454370836e+00,1.559719971646808423e+00
2.760000000000000497e+01,1.556070247454370836e+00,1.559670891731291364e+00
2.770000000000000284e+01,1.556070247454370836e+00,1.559627156501959711e+00
2.780000000000000071e+01,1.556070247454370836e+00,1.559588188594335012e+00
2.790000000000000213e+01,1.556070247454370836e+00,1.559553472496689741e+00
2.800000000000000355e+01,1.556070247454370836e+00,1.559522547980904728e+00
2.810000000000000142e+01,1.556070247454370836e+00,1.559495004224749071e+00
2.820000000000000284e+01,1.556070247454370836e+00,1.559470474553488861e+00
2.830000000000000426e+01,1.556070247454370836e+00,1.559448631736179758e+00
2.840000000000000568e+01,1.556070247454370836e+00,1.559429183778671124e+00
2.850000000000000355e+01,1.556070247454370836e+00,1.559411870161358626e+00
2.860000000000000142e+01,1.556070247454370836e+00,1.559396458475098557e+00
2.870000000000000284e+01,1.556070247454370836e+00,1.559382741413533058e+00
2.880000000000000426e+01,1.556070247454370836e+00,1.559370534084411286e+00
2.890000000000000213e+01,1.556070247454370836e+00,1.559359671606381115e+00
2.900000000000000355e+01,1.556070247454370836e+00,1.559350006961216950e+00
2.910000000000000497e+01,1.556070247454370836e+00,1.559341409074576079e+00
2.920000000000000284e+01,1.556070247454370836e+00,1.559333761101189486e+00
2.930000000000000071e+01,1.556070247454370836e+00,1.559326958892902182e+00
2.940000000000000213e+01,1.556070247454370836e+00,1.559320909630243834e+00
2.950000000000000355e+01,1.556070247454370836e+00,1.559315530600224431e+00
2.960000000000000142e+01,1.556070247454370836e+00,1.559310748104872246e+00
2.970000000000000284e+01,1.556070247454370836e+00,1.559306496486648541e+00
2.980000000000000426e+01,1.556070247454370836e+00,1.559302717258333804e+00
2.990000000000000213e+01,1.556070247454370836e+00,1.559299358326287077e+00
3.000000000000000355e+01,1.556070247454370836e+00,1.559296373297142102e+00
3.010000000000000142e+01,1.556070247454370836e+00,1.559293720859058707e+00
3.020000000000000284e+01,1.556070247454370836e+00,1.559291364229579147e+00
3.030000000000000426e+01,1.556070247454370836e+00,1.559289270662982174e+00
3.040000000000000568e+01,1.556070247454370836e+00,1.559287411010779278e+00
3.050000000000000000e+01,1.556070247454370836e+00,1.559285759329669396e+00
3.060000000000000142e+01,1.556070247454370836e+00,1.559284292531869731e+00
3.070000000000000284e+01,1.556070247454370836e+00,1.559282990073284081e+00
3.080000000000000426e+01,1.556070247454370836e+00,1.559281833675445261e+00
3.090000000000000213e+01,1.556070247454370836e+00,1.559280807077607856e+00
3.100000000000000355e+01,1.556070247454370836e+00,1.559279895815747885e+00
3.110000000000000497e+01,1.556070247454370836e+00,1.559279087025572830e+00
3.120000000000000639e+01,1.556070247454370836e+00,1.559278369266957398e+00
3.130000000000000071e+01,1.556070247454370836e+00,1.559277732367491343e+00
3.140000000000000213e+01,1.556070247454370836e+00,1.559277167283078969e+00
3.150000000000000355e+01,1.556070247454370836e+00,1.559276665973744036e+00
3.160000000000000142e+01,1.556070247454370836e+00,1.559276221292997144e+00
3.170000000000000284e+01,1.556070247454370836e+00,1.559275826889298111e+00
3.180000000000000426e+01,1.556070247454370836e+00,1.559275477118297060e+00
3.190000000000000568e+01,1.556070247454370836e+00,1.559275166964690040e+00
3.200000000000000711e+01,1.556070247454370836e+00,1.559274891972641575e+00
3.210000000000000142e+01,1.556070247454370836e+00,1.559274648183842205e+00
3.220000000000000284e+01,1.556070247454370836e+00,1.559274432082372819e+00
3.230000000000000426e+01,1.556070247454370836e+00,1.559274240545629242e+00
3.240000000000000568e+01,1.556070247454370836e+00,1.559274070800651391e+00
3.250000000000000711e+01,1.556070247454370836e+00,1.559273920385262358e+00
3.260000000000000853e+01,1.556070247454370836e+00,1.559273787113494736e+00
3.270000000000000284e+01,1.556070247454370836e+00,1.559273669044832333e+00
3.279999999999999716e+01,1.556070247454370836e+00,1.559273564456853389e+00
3.289999999999999858e+01,1.556070247454370836e+00,1.559273471820896706e+00
3.300000000000000000e+01,1.556070247454370836e+00,1.559273389780424957e+00
3.310000000000000142e+01,1.556070247454370836e+00,1.559273317131784742e+00
3.320000000000000284e+01,1.556070247454370836e+00,1.559273252807100496e+00
3.330000000000000426e+01,1.556070247454370836e+00,1.559273195859069316e+00
3.340000000000000568e+01,1.556070247454370836e+00,1.559273145447445330e+00
3.350000000000000711e+01,1.556070247454370836e+00,1.559273100827027747e+00
3.360000000000000142e+01,1.556070247454370836e+00,1.559273061336986066e+00
3.370000000000000284e+01,1.556070247454370836e+00,1.559273026391377437e+00
3.380000000000000426e+01,1.556070247454370836e+00,1.559272995470718515e+00
3.390000000000000568e+01,1.556070247454370836e+00,1.559272968114503000e+00
3.400000000000000711e+01,1.556070247454370836e+00,1.559272943914551401e+00
3.410000000000000853e+01,1.556070247454370836e+00,1.559272922509108650e+00
3.420000000000000284e+01,1.556070247454370836e+00,1.559272903577599845e+00
3.429999999999999716e+01,1.556070247454370836e+00,1.559272886835976424e+00
3.439999999999999858e+01,1.556070247454370836e+00,1.559272872032582580e+00
3.450000000000000000e+01,1.556070247454370836e+00,1.559272858944487750e+00
3.460000000000000142e+01,1.556070247454370836e+00,1.559272847374229665e+00
3.470000000000000284e+01,1.556070247454370836e+00,1.559272837146925550e+00
3.480000000000000426e+01,1.556070247454370836e+00,1.559272828107707731e+00
3.490000000000000568e+01,1.556070247454370836e+00,1.559272820119448788e+00
3.500000000000000711e+01,1.556070247454370836e+00,1.559272813060743168e+00
3.510000000000000142e+01,1.556070247454370836e+00,1.559272806824117508e+00
3.520000000000000284e+01,1.556070247454370836e+00,1.559272801314441903e+00
3.530000000000000426e+01,1.556070247454370836e+00,1.559272796447522591e+00
3.540000000000000568e+01,1.556070247454370836e+00,1.559272792148852727e+00
3.550000000000000711e+01,1.556070247454370836e+00,1.559272788352505712e+00
3.560000000000000853e+01,1.556070247454370836e+00,1.559272785000153760e+00
3.570000000000000995e+01,1.556070247454370836e+00,1.559272782040197480e+00
3.579999999999999716e+01,1.556070247454370836e+00,1.559272779426995603e+00
3.589999999999999858e+01,1.556070247454370836e+00,1.559272777120181308e+00
3.600000000000000000e+01,1.556070247454370836e+00,1.559272775084056484e+00
3.610000000000000142e+01,1.556070247454370836e+00,1.559272773287055491e+00
3.620000000000000284e+01,1.556070247454370836e+00,1.559272771701270210e+00
3.630000000000000426e+01,1.556070247454370836e+00,1.559272770302028821e+00
3.640000000000000568e+01,1.556070247454370836e+00,1.559272769067522768e+00
3.650000000000000711e+01,1.556070247454370836e+00,1.559272767978477470e+00
3.660000000000000142e+01,1.556070247454370836e+00,1.559272767017858552e+00
3.670000000000000284e+01,1.556070247454370836e+00,1.559272766170614277e+00
3.680000000000000426e+01,1.556070247454370836e+00,1.559272765423445728e+00
3.690000000000000568e+01,1.556070247454370836e+00,1.559272764764604080e+00
3.700000000000000711e+01,1.556070247454370836e+00,1.559272764183711413e+00
3.710000000000000853e+01,1.556070247454370836e+00,1.559272763671601503e+00
3.720000000000000995e+01,1.556070247454370836e+00,1.559272763220178826e+00
3.730000000000000426e+01,1.556070247454370836e+00,1.559272762822295100e+00
3.739999999999999858e+01,1.556070247454370836e+00,1.559272762471639151e+00
3.750000000000000000e+01,1.556070247454370836e+00,1.559272762162638326e+00
3.760000000000000142e+01,1.556070247454370836e+00,1.559272761890374559e+00
3.770000000000000284e+01,1.556070247454370836e+00,1.559272761650505768e+00
3.780000000000000426e+01,1.556070247454370836e+00,1.559272761439200572e+00
3.790000000000000568e+01,1.556070247454370836e+00,1.559272761253077677e+00
3.800000000000000711e+01,1.556070247454370836e+00,1.559272761089154136e+00
3.810000000000000142e+01,1.556070247454370836e+00,1.559272760944797387e+00
3.820000000000000284e+01,1.556070247454370836e+00,1.559272760817685954e+00
3.830000000000000426e+01,1.556070247454370836e+00,1.559272760705771477e+00
3.840000000000000568e+01,1.556070247454370836e+00,1.559272760607247843e+00
3.850000000000000711e+01,1.556070247454370836e+00,1.559272760520522327e+00
3.860000000000000853e+01,1.556070247454370836e+00,1.559272760444190054e+00
3.870000000000000995e+01,1.556070247454370836e+00,1.559272760377012901e+00
3.880000000000000426e+01,1.556070247454370836e+00,1.559272760317899076e+00
3.889999999999999858e+01,1.556070247454370836e+00,1.559272760265886459e+00
3.900000000000000000e+01,1.556070247454370836e+00,1.559272760220126841e+00
3.910000000000000142e+01,1.556070247454370836e+00,1.559272760179872819e+00
3.920000000000000284e+01,1.556070247454370836e+00,1.559272760144465808e+00
3.930000000000000426e+01,1.556070247454370836e+00,1.559272760113325385e+00
3.940000000000000568e+01,1.556070247454370836e+00,1.559272760085940623e+00
3.950000000000000711e+01,1.556070247454370836e+00,1.559272760061860774e+00
3.960000000000000142e+01,1.556070247454370836e+00,1.559272760040689709e+00
3.970000000000000284e+01,1.556070247454370836e+00,1.559272760022077708e+00
3.980000000000000426e+01,1.556070247454370836e+00,1.559272760005717240e+00
3.990000000000000568e+01,1.556070247454370836e+00,1.559272759991337631e+00
4.000000000000000711e+01,1.556070247454370836e+00,1.559272759978700185e+00
4.010000000000000853e+01,1.556070247454370836e+00,1.559272759967595068e+00
4.020000000000000995e+01,1.556070247454370836e+00,1.559272759957837762e+00
4.030000000000000426e+01,1.556070247454370836e+00,1.559272759949265286e+00
4.039999999999999858e+01,1.556070247454370836e+00,1.559272759941734643e+00
4.050000000000000000e+01,1.556070247454370836e+00,1.559272759935119934e+00
4.060000000000000142e+01,1.556070247454370836e+00,1.559272759929310359e+00
4.070000000000000284e+01,1.556070247454370836e+00,1.559272759924208662e+00
4.080000000000000426e+01,1.556070247454370836e+00,1.559272759919728690e+00
4.090000000000000568e+01,1.556070247454370836e+00,1.559272759915795392e+00
4.100000000000000711e+01,1.556070247454370836e+00,1.559272759912342377e+00
4.110000000000000142e+01,1.556070247454370836e+00,1.559272759909311246e+00
4.120000000000000284e+01,1.556070247454370836e+00,1.559272759906650707e+00
4.130000000000000426e+01,1.556070247454370836e+00,1.559272759904315686e+00
4.140000000000000568e+01,1.556070247454370836e+00,1.559272759902266881e+00
4.150000000000000711e+01,1.556070247454370836e+00,1.559272759900468985e+00
4.160000000000000853e+01,1.556070247454370836e+00,1.559272759898891580e+00
4.170000000000000995e+01,1.556070247454370836e+00,1.559272759897508021e+00
4.180000000000000426e+01,1.556070247454370836e+00,1.559272759896294103e+00
4.189999999999999858e+01,1.556070247454370836e+00,1.559272759895229621e+00
4.200000000000000000e+01,1.556070247454370836e+00,1.559272759894295923e+00
4.210000000000000142e+01,1.556070247454370836e+00,1.559272759893477467e+00
4.220000000000000284e+01,1.556070247454370836e+00,1.559272759892759597e+00
4.230000000000000426e+01,1.556070247454370836e+00,1.559272759892130322e+00
4.240000000000000568e+01,1.556070247454370836e+00,1.559272759891578763e+00
4.250000000000000711e+01,1.556070247454370836e+00,1.559272759891095150e+00
4.260000000000000142e+01,1.556070247454370836e+00,1.559272759890671489e+00
4.270000000000000284e+01,1.556070247454370836e+00,1.559272759890300009e+00
4.280000000000000426e+01,1.556070247454370836e+00,1.559272759889974713e+00
4.290000000000000568e+01,1.556070247454370836e+00,1.559272759889689608e+00
4.300000000000000711e+01,1.556070247454370836e+00,1.559272759889439808e+00
4.310000000000000853e+01,1.556070247454370836e+00,1.559272759889221094e+00
4.320000000000000995e+01,1.556070247454370836e+00,1.559272759889029469e+00
4.330000000000000426e+01,1.556070247454370836e+00,1.559272759888861826e+00
4.339999999999999858e+01,1.556070247454370836e+00,1.559272759888714832e+00
4.350000000000000000e+01,1.556070247454370836e+00,1.559272759888586268e+00
4.360000000000000142e+01,1.556070247454370836e+00,1.559272759888473692e+00
4.370000000000000284e+01,1.556070247454370836e+00,1.559272759888375104e+00
4.380000000000000426e+01,1.556070247454370836e+00,1.559272759888288951e+00
4.390000000000000568e+01,1.556070247454370836e+00,1.559272759888213455e+00
4.400000000000000711e+01,1.556070247454370836e+00,1.559272759888147508e+00
4.410000000000000142e+01,1.556070247454370836e+00,1.559272759888089777e+00
4.420000000000000284e+01,1.556070247454370836e+00,1.559272759888039150e+00
4.430000000000000426e+01,1.556070247454370836e+00,1.559272759887995186e+00
4.440000000000000568e+01,1.556070247454370836e+00,1.559272759887956550e+00
4.450000000000000711e+01,1.556070247454370836e+00,1.559272759887923021e+00
4.460000000000000853e+01,1.556070247454370836e+00,1.559272759887893489e+00
4.470000000000000995e+01,1.556070247454370836e+00,1.559272759887867954e+00
4.480000000000000426e+01,1.556070247454370836e+00,1.559272759887845528e+00
4.490000000000000568e+01,1.556070247454370836e+00,1.559272759887826210e+00
4.500000000000000000e+01,1.556070247454370836e+00,1.559272759887809334e+00
4.510000000000000142e+01,1.556070247454370836e+00,1.559272759887794679e+00
4.520000000000000284e+01,1.556070247454370836e+00,1.559272759887782023e+00
4.530000000000000426e+01,1.556070247454370836e+00,1.559272759887771143e+00
4.540000000000000568e+01,1.556070247454370836e+00,1.559272759887761595e+00
4.550000000000000711e+01,1.556070247454370836e+00,1.559272759887753601e+00
4.560000000000000142e+01,1.556070247454370836e+00,1.559272759887746940e+00
4.570000000000000284e+01,1.556070247454370836e+00,1.559272759887741167e+00
4.580000000000000426e+01,1.556070247454370836e+00,1.559272759887736504e+00
4.590000000000000568e+01,1.556070247454370836e+00,1.559272759887732951e+00
4.600000000000000711e+01,1.556070247454370836e+00,1.559272759887730064e+00
4.610000000000000853e+01,1.556070247454370836e+00,1.559272759887728066e+00
4.620000000000000995e+01,1.556070247454370836e+00,1.559272759887726734e+00
4.630000000000001137e+01,1.556070247454370836e+00,1.559272759887726068e+00
4.640000000000000568e+01,1.556070247454370836e+00,1.559272759887726290e+00
4.650000000000000000e+01,1.556070247454370836e+00,1.559272759887727178e+00
4.660000000000000142e+01,1.556070247454370836e+00,1.559272759887728732e+00
4.670000000000000284e+01,1.556070247454371058e+00,1.559272759887731175e+00
4.680000000000000426e+01,1.556070247454371058e+00,1.559272759887734505e+00
4.690000000000000568e+01,1.556070247454371058e+00,1.559272759887738724e+00
4.700000000000000711e+01,1.556070247454371058e+00,1.559272759887743831e+00
4.710000000000000142e+01,1.556070247454371058e+00,1.559272759887749826e+00
4.720000000000000284e+01,1.556070247454371058e+00,1.559272759887757154e+00
4.730000000000000426e+01,1.556070247454371058e+00,1.559272759887765814e+00
4.740000000000000568e+01,1.556070247454371058e+00,1.559272759887776028e+00
4.750000000000000711e+01,1.556070247454371280e+00,1.559272759887787796e+00
4.760000000000000853e+01,1.556070247454371280e+00,1.559272759887801563e+00
4.770000000000000995e+01,1.556070247454371280e+00,1.559272759887817328e+00
4.780000000000001137e+01,1.556070247454371280e+00,1.559272759887835536e+00
4.790000000000000568e+01,1.556070247454371502e+00,1.559272759887856630e+00
4.800000000000000000e+01,1.556070247454371502e+00,1.559272759887877724e+00
4.810000000000000142e+01,1.556070247454371724e+00,1.559272759887897264e+00
4.820000000000000284e+01,1.556070247454371724e+00,1.559272759887917692e+00
4.830000000000000426e+01,1.556070247454371724e+00,1.559272759887939008e+00
4.840000000000000568e+01,1.556070247454371946e+00,1.559272759887960991e+00
4.850000000000000711e+01,1.556070247454371946e+00,1.559272759887983639e+00
4.860000000000000142e+01,1.556070247454371946e+00,1.559272759888006732e+00
4.870000000000000284e+01,1.556070247454372169e+00,1.559272759888030491e+00
4.880000000000000426e+01,1.556070247454372169e+00,1.559272759888054471e+00
4.890000000000000568e+01,1.556070247454372391e+00,1.559272759888078674e+00
4.900000000000000711e+01,1.556070247454372391e+00,1.559272759888103321e+00
4.910000000000000853e+01,1.556070247454372391e+00,1.559272759888127968e+00
4.920000000000000995e+01,1.556070247454372613e+00,1.559272759888152837e+00
4.930000000000001137e+01,1.556070247454372613e+00,1.559272759888177706e+00
4.940000000000000568e+01,1.556070247454372613e+00,1.559272759888202353e+00
4.950000000000000000e+01,1.556070247454372835e+00,1.559272759888226778e+00
4.960000000000000142e+01,1.556070247454372835e+00,1.559272759888250981e+00
4.970000000000000284e+01,1.556070247454373057e+00,1.559272759888274740e+00
4.980000000000000426e+01,1.556070247454373057e+00,1.559272759888298276e+00
4.990000000000000568e+01,1.556070247454373057e+00,1.559272759888321147e+00
5.000000000000000711e+01,1.556070247454373279e+00,1.559272759888343574e+00
5.010000000000000142e+01,1.556070247454373279e+00,1.559272759888365334e+00
5.020000000000000284e+01,1.556070247454373279e+00,1.559272759888386428e+00
5.030000000000000426e+01,1.556070247454373279e+00,1.559272759888406634e+00
5.040000000000000568e+01,1.556070247454373501e+00,1.559272759888425952e+00
5.050000000000000711e+01,1.556070247454373501e+00,1.559272759888444604e+00
5.060000000000000853e+01,1.556070247454373501e+00,1.559272759888462145e+00
5.070000000000000995e+01,1.556070247454373723e+00,1.559272759888478799e+00
5.080000000000001137e+01,1.556070247454373723e+00,1.559272759888494342e+00
5.090000000000000568e+01,1.556070247454373723e+00,1.559272759888508553e+00
5.100000000000000000e+01,1.556070247454373723e+00,1.559272759888521875e+00
5.110000000000000142e+01,1.556070247454373723e+00,1.559272759888534088e+00
5.120000000000000284e+01,1.556070247454373723e+00,1.559272759888544968e+00
5.130000000000000426e+01,1.556070247454373945e+00,1.559272759888554516e+00
5.140000000000000568e+01,1.556070247454373945e+00,1.559272759888562954e+00
5.150000000000000711e+01,1.556070247454373945e+00,1.559272759888569837e+00
5.160000000000000142e+01,1.556070247454373945e+00,1.559272759888575610e+00
5.170000000000000284e+01,1.556070247454373945e+00,1.559272759888580051e+00
5.180000000000000426e+01,1.556070247454373945e+00,1.559272759888583160e+00
5.190000000000000568e+01,1.556070247454373945e+00,1.559272759888584936e+00
5.200000000000000711e+01,1.556070247454373945e+00,1.559272759888585380e+00
5.210000000000000853e+01,1.556070247454373945e+00,1.559272759888584492e+00
5.220000000000000995e+01,1.556070247454373945e+00,1.559272759888582049e+00
5.230000000000001137e+01,1.556070247454373945e+00,1.559272759888578497e+00
5.240000000000000568e+01,1.556070247454373945e+00,1.559272759888573612e+00
5.250000000000000711e+01,1.556070247454373723e+00,1.559272759888567395e+00
5.260000000000000142e+01,1.556070247454373723e+00,1.559272759888559845e+00
5.270000000000000284e+01,1.556070247454373723e+00,1.559272759888551185e+00
5.280000000000000426e+01,1.556070247454373723e+00,1.559272759888541193e+00
5.290000000000000568e+01,1.556070247454373723e+00,1.559272759888530091e+00
5.300000000000000711e+01,1.556070247454373723e+00,1.559272759888517879e+00
5.310000000000000142e+01,1.556070247454373501e+00,1.559272759888504334e+00
5.320000000000000284e+01,1.556070247454373501e+00,1.559272759888489901e+00
5.330000000000000426e+01,1.556070247454373501e+00,1.559272759888474580e+00
5.340000000000000568e+01,1.556070247454373501e+00,1.559272759888458149e+00
5.350000000000000711e+01,1.556070247454373279e+00,1.559272759888440607e+00
5.360000000000000853e+01,1.556070247454373279e+00,1.559272759888422399e+00
5.370000000000000995e+01,1.556070247454373279e+00,1.559272759888403526e+00
5.380000000000001137e+01,1.556070247454373057e+00,1.559272759888383542e+00
5.390000000000000568e+01,1.556070247454373057e+00,1.559272759888363113e+00
5.400000000000000711e+01,1.556070247454373057e+00,1.559272759888342019e+00
5.410000000000000142e+01,1.556070247454372835e+00,1.559272759888320481e+00
5.420000000000000284e+01,1.556070247454372835e+00,1.559272759888298276e+00
5.430000000000000426e+01,1.556070247454372835e+00,1.559272759888275628e+00
5.440000000000000568e+01,1.556070247454372613e+00,1.559272759888252757e+00
5.450000000000000711e+01,1.556070247454372613e+00,1.559272759888229443e+00
5.460000000000000142e+01,1.556070247454372613e+00,1.559272759888206128e+00
5.470000000000000284e+01,1.556070247454372391e+00,1.559272759888182369e+00
5.480000000000000426e+01,1.556070247454372391e+00,1.559272759888158832e+00
5.490000000000000568e+01,1.556070247454372391e+00,1.559272759888135074e+00
5.500000000000000711e+01,1.556070247454372169e+00,1.559272759888109983e+00
5.510000000000000853e+01,1.556070247454372169e+00,1.559272759888085114e+00
5.520000000000000995e+01,1.556070247454371946e+00,1.559272759888061799e+00
5.530000000000001137e+01,1.556070247454371946e+00,1.559272759888040039e+00
5.540000000000000568e+01,1.556070247454371946e+00,1.559272759888019610e+00
5.550000000000000711e+01,1.556070247454371724e+00,1.559272759888000515e+00
5.560000000000000142e+01,1.556070247454371724e+00,1.559272759887982751e+00
5.570000000000000284e+01,1.556070247454371724e+00,1.559272759887966098e+00
5.580000000000000426e+01,1.556070247454371724e+00,1.559272759887950555e+00
5.590000000000000568e+01,1.556070247454371502e+00,1.559272759887936122e+00
5.600000000000000711e+01,1.556070247454371502e+00,1.559272759887922355e+00
5.610000000000000142e+01,1.556070247454371502e+00,1.559272759887909698e+00
5.620000000000000284e+01,1.556070247454371502e+00,1.559272759887897930e+00
5.630000000000000426e+01,1.556070247454371502e+00,1.559272759887886606e+00
5.640000000000000568e+01,1.556070247454371502e+00,1.559272759887876392e+00
5.650000000000000711e+01,1.556070247454371280e+00,1.559272759887866622e+00
5.660000000000000853e+01,1.556070247454371280e+00,1.559272759887857518e+00
5.670000000000000995e+01,1.556070247454371280e+00,1.559272759887849080e+00
5.680000000000001137e+01,1.556070247454371280e+00,1.559272759887841087e+00
5.690000000000000568e+01,1.556070247454371280e+00,1.559272759887833537e+00
5.700000000000000711e+01,1.556070247454371280e+00,1.559272759887826654e+00
5.710000000000000142e+01,1.556070247454371280e+00,1.559272759887820214e+00
5.720000000000000284e+01,1.556070247454371280e+00,1.559272759887813997e+00
5.730000000000000426e+01,1.556070247454371280e+00,1.559272759887808446e+00
5.740000000000000568e+01,1.556070247454371058e+00,1.559272759887803117e+00
5.750000000000000711e+01,1.556070247454371058e+00,1.559272759887798232e+00
5.760000000000000853e+01,1.556070247454371058e+00,1.559272759887793569e+00
5.770000000000000284e+01,1.556070247454371058e+00,1.559272759887789128e+00
5.780000000000000426e+01,1.556070247454371058e+00,1.559272759887785131e+00
5.790000000000000568e+01,1.556070247454371058e+00,1.559272759887781357e+00
5.800000000000000711e+01,1.556070247454371058e+00,1.559272759887777804e+00
5.810000000000000853e+01,1.556070247454371058e+00,1.559272759887774473e+00
5.820000000000000995e+01,1.556070247454371058e+00,1.559272759887771365e+00
5.830000000000001137e+01,1.556070247454371058e+00,1.559272759887768478e+00
5.840000000000000568e+01,1.556070247454371058e+00,1.559272759887765591e+00
5.850000000000000711e+01,1.556070247454371058e+00,1.559272759887763149e+00
5.860000000000000142e+01,1.556070247454371058e+00,1.559272759887760706e+00
5.870000000000000284e+01,1.556070247454371058e+00,1.559272759887758486e+00
5.880000000000000426e+01,1.556070247454371058e+00,1.559272759887756488e+00
5.890000000000000568e+01,1.556070247454371058e+00,1.559272759887754489e+00
5.900000000000000711e+01,1.556070247454371058e+00,1.559272759887752713e+00
5.910000000000000853e+01,1.556070247454371058e+00,1.559272759887750937e+00
5.920000000000000284e+01,1.556070247454371058e+00,1.559272759887749382e+00
5.930000000000000426e+01,1.556070247454371058e+00,1.559272759887747828e+00
5.940000000000000568e+01,1.556070247454371058e+00,1.559272759887746496e+00
5.950000000000000711e+01,1.556070247454371058e+00,1.559272759887745163e+00
5.960000000000000853e+01,1.556070247454371058e+00,1.559272759887744053e+00
5.970000000000000995e+01,1.556070247454371058e+00,1.559272759887742943e+00
5.980000000000000426e+01,1.556070247454371058e+00,1.559272759887741833e+00
5.990000000000001279e+01,1.556070247454371058e+00,1.559272759887740722e+00
6.000000000000000711e+01,1.556070247454371058e+00,1.559272759887739834e+00
6.010000000000000853e+01,1.556070247454371058e+00,1.559272759887738946e+00
6.020000000000000284e+01,1.556070247454371058e+00,1.559272759887738058e+00
6.029999999999999716e+01,1.556070247454371058e+00,1.559272759887737392e+00
6.040000000000000568e+01,1.556070247454371058e+00,1.559272759887736726e+00
6.050000000000000000e+01,1.556070247454371058e+00,1.559272759887736060e+00
6.060000000000000853e+01,1.556070247454371058e+00,1.559272759887735393e+00
6.070000000000000284e+01,1.556070247454371058e+00,1.559272759887734727e+00
6.080000000000001137e+01,1.556070247454371058e+00,1.559272759887734283e+00
6.090000000000000568e+01,1.556070247454371058e+00,1.559272759887733839e+00
6.100000000000000000e+01,1.556070247454371058e+00,1.559272759887733173e+00
6.110000000000000853e+01,1.556070247454371058e+00,1.559272759887732729e+00
6.120000000000000284e+01,1.556070247454371058e+00,1.559272759887732285e+00
6.130000000000001137e+01,1.556070247454371058e+00,1.559272759887732063e+00
6.140000000000000568e+01,1.556070247454371058e+00,1.559272759887731619e+00
6.150000000000001421e+01,1.556070247454371058e+00,1.559272759887731397e+00
6.160000000000000853e+01,1.556070247454371058e+00,1.559272759887730952e+00
6.170000000000000995e+01,1.556070247454371058e+00,1.559272759887730730e+00
6.180000000000000426e+01,1.556070247454371058e+00,1.559272759887730286e+00
6.189999999999999858e+01,1.556070247454371058e+00,1.559272759887730064e+00
6.200000000000000711e+01,1.556070247454371058e+00,1.559272759887729842e+00
6.210000000000000142e+01,1.556070247454371058e+00,1.559272759887729620e+00
6.220000000000000995e+01,1.556070247454371058e+00,1.559272759887729398e+00
6.230000000000000426e+01,1.556070247454371058e+00,1.559272759887729176e+00
6.240000000000001279e+01,1.556070247454371058e+00,1.559272759887728954e+00
6.250000000000000711e+01,1.556070247454371058e+00,1.559272759887728954e+00
6.260000000000000142e+01,1.556070247454371058e+00,1.559272759887728732e+00
6.270000000000000995e+01,1.556070247454371280e+00,1.559272759887728510e+00
6.280000000000000426e+01,1.556070247454371280e+00,1.559272759887728288e+00
6.290000000000001279e+01,1.556070247454371280e+00,1.559272759887728288e+00
6.300000000000000711e+01,1.556070247454371280e+00,1.559272759887728066e+00
6.310000000000000853e+01,1.556070247454371280e+00,1.559272759887728066e+00
6.320000000000000284e+01,1.556070247454371280e+00,1.559272759887727844e+00
6.329999999999999716e+01,1.556070247454371280e+00,1.559272759887727844e+00
6.340000000000000568e+01,1.556070247454371280e+00,1.559272759887727622e+00
6.350000000000000000e+01,1.556070247454371280e+00,1.559272759887727622e+00
6.360000000000000853e+01,1.556070247454371280e+00,1.559272759887727400e+00
6.370000000000000284e+01,1.556070247454371502e+00,1.559272759887727400e+00
6.380000000000001137e+01,1.556070247454371502e+00,1.559272759887727400e+00
6.390000000000000568e+01,1.556070247454371502e+00,1.559272759887727178e+00
6.400000000000001421e+01,1.556070247454371502e+00,1.559272759887727178e+00
6.410000000000000853e+01,1.556070247454371502e+00,1.559272759887727178e+00
6.420000000000000284e+01,1.556070247454371502e+00,1.559272759887727178e+00
6.430000000000001137e+01,1.556070247454371724e+00,1.559272759887726956e+00
6.440000000000000568e+01,1.556070247454371724e+00,1.559272759887726956e+00
6.450000000000001421e+01,1.556070247454371724e+00,1.559272759887726956e+00
6.460000000000000853e+01,1.556070247454371724e+00,1.559272759887726956e+00
6.470000000000001705e+01,1.556070247454371946e+00,1.559272759887726956e+00
6.480000000000001137e+01,1.556070247454371946e+00,1.559272759887726734e+00
6.490000000000000568e+01,1.556070247454371946e+00,1.559272759887726734e+00
6.500000000000001421e+01,1.556070247454372169e+00,1.559272759887726734e+00
6.510000000000000853e+01,1.556070247454372169e+00,1.559272759887726734e+00
6.520000000000001705e+01,1.556070247454372169e+00,1.559272759887726734e+00
6.530000000000001137e+01,1.556070247454372391e+00,1.559272759887726734e+00
6.540000000000000568e+01,1.556070247454372391e+00,1.559272759887726734e+00
6.550000000000000000e+01,1.556070247454372613e+00,1.559272759887726512e+00
6.559999999999999432e+01,1.556070247454372613e+00,1.559272759887726512e+00
6.570000000000000284e+01,1.556070247454372835e+00,1.559272759887726512e+00
6.579999999999999716e+01,1.556070247454372835e+00,1.559272759887726512e+00
6.590000000000000568e+01,1.556070247454373057e+00,1.559272759887726512e+00
6.600000000000000000e+01,1.556070247454373279e+00,1.559272759887726512e+00
6.610000000000000853e+01,1.556070247454373501e+00,1.559272759887726512e+00
6.620000000000000284e+01,1.556070247454373501e+00,1.559272759887726512e+00
6.629999999999999716e+01,1.556070247454373723e+00,1.559272759887726512e+00
6.640000000000000568e+01,1.556070247454373945e+00,1.559272759887726512e+00
6.650000000000000000e+01,1.556070247454374167e+00,1.559272759887726512e+00
6.660000000000000853e+01,1.556070247454374389e+00,1.559272759887726512e+00
6.670000000000000284e+01,1.556070247454374611e+00,1.559272759887726512e+00
6.680000000000001137e+01,1.556070247454374833e+00,1.559272759887726512e+00
6.690000000000000568e+01,1.556070247454375055e+00,1.559272759887726512e+00
6.700000000000001421e+01,1.556070247454375499e+00,1.559272759887726512e+00
6.710000000000000853e+01,1.556070247454375721e+00,1.559272759887726290e+00
6.720000000000000284e+01,1.556070247454376165e+00,1.559272759887726290e+00
6.730000000000001137e+01,1.556070247454376387e+00,1.559272759887726290e+00
6.740000000000000568e+01,1.556070247454376831e+00,1.559272759887726290e+00
6.750000000000001421e+01,1.556070247454377276e+00,1.559272759887726290e+00
6.760000000000000853e+01,1.556070247454377720e+00,1.559272759887726290e+00
6.770000000000001705e+01,1.556070247454378164e+00,1.559272759887726290e+00
6.780000000000001137e+01,1.556070247454378608e+00,1.559272759887726290e+00
6.790000000000000568e+01,1.556070247454379274e+00,1.559272759887726290e+00
6.800000000000001421e+01,1.556070247454379718e+00,1.559272759887726290e+00
6.810000000000000853e+01,1.556070247454380384e+00,1.559272759887726290e+00
6.820000000000001705e+01,1.556070247454381050e+00,1.559272759887726290e+00
6.830000000000001137e+01,1.556070247454381716e+00,1.559272759887726290e+00
6.840000000000000568e+01,1.556070247454382383e+00,1.559272759887726290e+00
6.850000000000000000e+01,1.556070247454383271e+00,1.559272759887726290e+00
6.859999999999999432e+01,1.556070247454384159e+00,1.559272759887726290e+00
6.870000000000000284e+01,1.556070247454385047e+00,1.559272759887726290e+00
6.879999999999999716e+01,1.556070247454385935e+00,1.559272759887726290e+00
6.890000000000000568e+01,1.556070247454387045e+00,1.559272759887726512e+00
6.900000000000000000e+01,1.556070247454388156e+00,1.559272759887726512e+00
6.910000000000000853e+01,1.556070247454389266e+00,1.559272759887726512e+00
6.920000000000000284e+01,1.556070247454390376e+00,1.559272759887726512e+00
6.929999999999999716e+01,1.556070247454391708e+00,1.559272759887726512e+00
6.940000000000000568e+01,1.556070247454393263e+00,1.559272759887726512e+00
6.950000000000000000e+01,1.556070247454394817e+00,1.559272759887726512e+00
6.960000000000000853e+01,1.556070247454396371e+00,1.559272759887726512e+00
6.970000000000000284e+01,1.556070247454398148e+00,1.559272759887726512e+00
6.980000000000001137e+01,1.556070247454399924e+00,1.559272759887726512e+00
6.990000000000000568e+01,1.556070247454401922e+00,1.559272759887726512e+00
7.000000000000001421e+01,1.556070247454403921e+00,1.559272759887726512e+00
7.010000000000000853e+01,1.556070247454405919e+00,1.559272759887726512e+00
7.020000000000000284e+01,1.556070247454407696e+00,1.559272759887726512e+00
7.030000000000001137e+01,1.556070247454409472e+00,1.559272759887726512e+00
7.040000000000000568e+01,1.556070247454411248e+00,1.559272759887726512e+00
7.050000000000001421e+01,1.556070247454413247e+00,1.559272759887726512e+00
7.060000000000000853e+01,1.556070247454414801e+00,1.559272759887726512e+00
7.070000000000001705e+01,1.556070247454416577e+00,1.559272759887726512e+00
7.080000000000001137e+01,1.556070247454418354e+00,1.559272759887726512e+00
7.090000000000000568e+01,1.556070247454419908e+00,1.559272759887726734e+00
7.100000000000001421e+01,1.556070247454421462e+00,1.559272759887726734e+00
7.110000000000000853e+01,1.556070247454423017e+00,1.559272759887726734e+00
7.120000000000001705e+01,1.556070247454424571e+00,1.559272759887726734e+00
7.130000000000001137e+01,1.556070247454425903e+00,1.559272759887726734e+00
7.140000000000001990e+01,1.556070247454427236e+00,1.559272759887726734e+00
7.150000000000001421e+01,1.556070247454428346e+00,1.559272759887726734e+00
7.159999999999999432e+01,1.556070247454429456e+00,1.559272759887726734e+00
7.170000000000000284e+01,1.556070247454430566e+00,1.559272759887726734e+00
7.179999999999999716e+01,1.556070247454431454e+00,1.559272759887726734e+00
7.190000000000000568e+01,1.556070247454432343e+00,1.559272759887726734e+00
7.200000000000000000e+01,1.556070247454433231e+00,1.559272759887726734e+00
7.210000000000000853e+01,1.556070247454433897e+00,1.559272759887726734e+00
7.220000000000000284e+01,1.556070247454434341e+00,1.559272759887726734e+00
7.229999999999999716e+01,1.556070247454434785e+00,1.559272759887726512e+00
7.240000000000000568e+01,1.556070247454435007e+00,1.559272759887726512e+00
7.250000000000000000e+01,1.556070247454435229e+00,1.559272759887726512e+00
7.260000000000000853e+01,1.556070247454435451e+00,1.559272759887726512e+00
7.270000000000000284e+01,1.556070247454435451e+00,1.559272759887726512e+00
7.280000000000001137e+01,1.556070247454435229e+00,1.559272759887726512e+00
7.290000000000000568e+01,1.556070247454435007e+00,1.559272759887726512e+00
7.300000000000001421e+01,1.556070247454434785e+00,1.559272759887726512e+00
7.310000000000000853e+01,1.556070247454434119e+00,1.559272759887726512e+00
7.320000000000000284e+01,1.556070247454433675e+00,1.559272759887726512e+00
7.330000000000001137e+01,1.556070247454433009e+00,1.559272759887726512e+00
7.340000000000000568e+01,1.556070247454432121e+00,1.559272759887726512e+00
7.350000000000001421e+01,1.556070247454431232e+00,1.559272759887726512e+00
7.360000000000000853e+01,1.556070247454430344e+00,1.559272759887726512e+00
7.370000000000001705e+01,1.556070247454429234e+00,1.559272759887726512e+00
7.380000000000001137e+01,1.556070247454427902e+00,1.559272759887726512e+00
7.390000000000000568e+01,1.556070247454426569e+00,1.559272759887726512e+00
7.400000000000001421e+01,1.556070247454425237e+00,1.559272759887726290e+00
7.410000000000000853e+01,1.556070247454423905e+00,1.559272759887726290e+00
7.420000000000001705e+01,1.556070247454422351e+00,1.559272759887726290e+00
7.430000000000001137e+01,1.556070247454420574e+00,1.559272759887726290e+00
7.440000000000001990e+01,1.556070247454419020e+00,1.559272759887726290e+00
7.450000000000001421e+01,1.556070247454417244e+00,1.559272759887726290e+00
7.460000000000000853e+01,1.556070247454415467e+00,1.559272759887726290e+00
7.470000000000000284e+01,1.556070247454413691e+00,1.559272759887726290e+00
7.479999999999999716e+01,1.556070247454411692e+00,1.559272759887726290e+00
7.490000000000000568e+01,1.556070247454409916e+00,1.559272759887726290e+00
7.500000000000000000e+01,1.556070247454407696e+00,1.559272759887726290e+00
7.510000000000000853e+01,1.556070247454405475e+00,1.559272759887726290e+00
7.520000000000000284e+01,1.556070247454403699e+00,1.559272759887726068e+00
7.529999999999999716e+01,1.556070247454402367e+00,1.559272759887726068e+00
7.540000000000000568e+01,1.556070247454401256e+00,1.559272759887726068e+00
7.550000000000000000e+01,1.556070247454400590e+00,1.559272759887726068e+00
7.560000000000000853e+01,1.556070247454400146e+00,1.559272759887726068e+00
7.570000000000000284e+01,1.556070247454399924e+00,1.559272759887726068e+00
7.580000000000001137e+01,1.556070247454399924e+00,1.559272759887726068e+00
7.590000000000000568e+01,1.556070247454400146e+00,1.559272759887726068e+00
7.600000000000001421e+01,1.556070247454400812e+00,1.559272759887726068e+00
7.610000000000000853e+01,1.556070247454401700e+00,1.559272759887726068e+00
7.620000000000000284e+01,1.556070247454402811e+00,1.559272759887726068e+00
7.630000000000001137e+01,1.556070247454404365e+00,1.559272759887726068e+00
7.640000000000000568e+01,1.556070247454406141e+00,1.559272759887726068e+00
7.650000000000001421e+01,1.556070247454408362e+00,1.559272759887726068e+00
7.660000000000000853e+01,1.556070247454411026e+00,1.559272759887726068e+00
7.670000000000001705e+01,1.556070247454414135e+00,1.559272759887726068e+00
7.680000000000001137e+01,1.556070247454417688e+00,1.559272759887726068e+00
7.690000000000000568e+01,1.556070247454421906e+00,1.559272759887726068e+00
7.700000000000001421e+01,1.556070247454426791e+00,1.559272759887726068e+00
7.710000000000000853e+01,1.556070247454432565e+00,1.559272759887726068e+00
7.720000000000001705e+01,1.556070247454439004e+00,1.559272759887726068e+00
7.730000000000001137e+01,1.556070247454446331e+00,1.559272759887726068e+00
7.740000000000001990e+01,1.556070247454454991e+00,1.559272759887726068e+00
7.750000000000001421e+01,1.556070247454464761e+00,1.559272759887726068e+00
7.760000000000000853e+01,1.556070247454476085e+00,1.559272759887726068e+00
7.770000000000000284e+01,1.556070247454488964e+00,1.559272759887726068e+00
7.779999999999999716e+01,1.556070247454503841e+00,1.559272759887726068e+00
7.790000000000000568e+01,1.556070247454520716e+00,1.559272759887726068e+00
7.800000000000000000e+01,1.556070247454540034e+00,1.559272759887726068e+00
7.810000000000000853e+01,1.556070247454562017e+00,1.559272759887726068e+00
7.820000000000000284e+01,1.556070247454587330e+00,1.559272759887726068e+00
7.830000000000001137e+01,1.556070247454616196e+00,1.559272759887726068e+00
7.840000000000000568e+01,1.556070247454649058e+00,1.559272759887726068e+00
7.850000000000000000e+01,1.556070247454686806e+00,1.559272759887726068e+00
7.860000000000000853e+01,1.556070247454729882e+00,1.559272759887726068e+00
7.870000000000000284e+01,1.556070247454778954e+00,1.559272759887726068e+00
7.880000000000001137e+01,1.556070247454835132e+00,1.559272759887726068e+00
7.890000000000000568e+01,1.556070247454899302e+00,1.559272759887726068e+00
7.900000000000001421e+01,1.556070247454972577e+00,1.559272759887726068e+00
7.910000000000000853e+01,1.556070247455056288e+00,1.559272759887726068e+00
7.920000000000000284e+01,1.556070247455151767e+00,1.559272759887726068e+00
7.930000000000001137e+01,1.556070247455260569e+00,1.559272759887726068e+00
7.940000000000000568e+01,1.556070247455385136e+00,1.559272759887726068e+00
7.950000000000001421e+01,1.556070247455527022e+00,1.559272759887726068e+00
7.960000000000000853e+01,1.556070247455688893e+00,1.559272759887726068e+00
7.970000000000001705e+01,1.556070247455873856e+00,1.559272759887726068e+00
7.980000000000001137e+01,1.556070247456084576e+00,1.559272759887726068e+00
7.990000000000000568e+01,1.556070247456325051e+00,1.559272759887726068e+00
8.000000000000001421e+01,1.556070247456599498e+00,1.559272759887726068e+00
8.010000000000000853e+01,1.556070247456912359e+00,1.559272759887726068e+00
8.020000000000001705e+01,1.556070247457269407e+00,1.559272759887726068e+00
8.030000000000001137e+01,1.556070247457676192e+00,1.559272759887726068e+00
8.040000000000001990e+01,1.556070247458140265e+00,1.559272759887726068e+00
8.050000000000001421e+01,1.556070247458669176e+00,1.559272759887726068e+00
8.060000000000000853e+01,1.556070247459272249e+00,1.559272759887726068e+00
8.070000000000000284e+01,1.556070247459959699e+00,1.559272759887726068e+00
8.079999999999999716e+01,1.556070247460743294e+00,1.559272759887726068e+00
8.090000000000000568e+01,1.556070247461636136e+00,1.559272759887726068e+00
8.100000000000000000e+01,1.556070247462653544e+00,1.559272759887726068e+00
8.110000000000000853e+01,1.556070247463812617e+00,1.559272759887726068e+00
8.120000000000000284e+01,1.556070247465133338e+00,1.559272759887726068e+00
8.130000000000001137e+01,1.556070247466637912e+00,1.559272759887726068e+00
8.140000000000000568e+01,1.556070247468351653e+00,1.559272759887726068e+00
8.150000000000000000e+01,1.556070247470303425e+00,1.559272759887726068e+00
8.160000000000000853e+01,1.556070247472526091e+00,1.559272759887726068e+00
8.170000000000000284e+01,1.556070247475056956e+00,1.559272759887726068e+00
8.180000000000001137e+01,1.556070247477938651e+00,1.559272759887726068e+00
8.190000000000000568e+01,1.556070247481219582e+00,1.559272759887726068e+00
8.200000000000001421e+01,1.556070247484954150e+00,1.559272759887726068e+00
8.210000000000000853e+01,1.556070247489204972e+00,1.559272759887726068e+00
8.220000000000000284e+01,1.556070247494043102e+00,1.559272759887726068e+00
8.230000000000001137e+01,1.556070247499548698e+00,1.559272759887726068e+00
8.240000000000000568e+01,1.556070247505813464e+00,1.559272759887726068e+00
8.250000000000001421e+01,1.556070247512941318e+00,1.559272759887726068e+00
8.260000000000000853e+01,1.556070247521050165e+00,1.559272759887726068e+00
8.270000000000001705e+01,1.556070247530274564e+00,1.559272759887726068e+00
8.280000000000001137e+01,1.556070247540766172e+00,1.559272759887726068e+00
8.290000000000000568e+01,1.556070247552698405e+00,1.559272759887726068e+00
8.300000000000001421e+01,1.556070247566267550e+00,1.559272759887726068e+00
8.310000000000000853e+01,1.556070247581696320e+00,1.559272759887726068e+00
8.320000000000001705e+01,1.556070247599238066e+00,1.559272759887726068e+00
8.330000000000001137e+01,1.556070247619179892e+00,1.559272759887726068e+00
8.340000000000001990e+01,1.556070247641847981e+00,1.559272759887726068e+00
8.350000000000001421e+01,1.556070247667612261e+00,1.559272759887726068e+00
8.360000000000000853e+01,1.556070247696892617e+00,1.559272759887726068e+00
8.370000000000000284e+01,1.556070247730165557e+00,1.559272759887726068e+00
8.379999999999999716e+01,1.556070247767971537e+00,1.559272759887726068e+00
8.390000000000000568e+01,1.556070247810923624e+00,1.559272759887726068e+00
8.400000000000000000e+01,1.556070247859717037e+00,1.559272759887726068e+00
8.410000000000000853e+01,1.556070247915140481e+00,1.559272759887726068e+00
8.420000000000000284e+01,1.556070247978088572e+00,1.559272759887726068e+00
8.430000000000001137e+01,1.556070248049574944e+00,1.559272759887726068e+00
8.440000000000000568e+01,1.556070248130749789e+00,1.559272759887726068e+00
8.450000000000000000e+01,1.556070248222916064e+00,1.559272759887726068e+00
8.460000000000000853e+01,1.556070248327551475e+00,1.559272759887726068e+00
8.470000000000000284e+01,1.556070248446330240e+00,1.559272759887726068e+00
8.480000000000001137e+01,1.556070248581150173e+00,1.559272759887726068e+00
8.490000000000000568e+01,1.556070248734161554e+00,1.559272759887726068e+00
8.500000000000001421e+01,1.556070248907800435e+00,1.559272759887726068e+00
8.510000000000000853e+01,1.556070249104827496e+00,1.559272759887726068e+00
8.520000000000000284e+01,1.556070249328368904e+00,1.559272759887726068e+00
8.530000000000001137e+01,1.556070249581966491e+00,1.559272759887726068e+00
8.540000000000000568e+01,1.556070249869630828e+00,1.559272759887726068e+00
8.550000000000001421e+01,1.556070250195904059e+00,1.559272759887726068e+00
8.560000000000000853e+01,1.556070250565928736e+00,1.559272759887726068e+00
8.570000000000001705e+01,1.556070250985527759e+00,1.559272759887726068e+00
8.580000000000001137e+01,1.556070251461292298e+00,1.559272759887726068e+00
8.590000000000000568e+01,1.556070252000683274e+00,1.559272759887726068e+00
8.600000000000001421e+01,1.556070252612145488e+00,1.559272759887726068e+00
8.610000000000000853e+01,1.556070253305234852e+00,1.559272759887726068e+00
8.620000000000001705e+01,1.556070254090765159e+00,1.559272759887726068e+00
8.630000000000001137e+01,1.556070254980971068e+00,1.559272759887726068e+00
8.640000000000001990e+01,1.556070255989693729e+00,1.559272759887726068e+00
8.650000000000001421e+01,1.556070257132590617e+00,1.559272759887726068e+00
8.660000000000000853e+01,1.556070258427370900e+00,1.559272759887726068e+00
8.670000000000000284e+01,1.556070259894062335e+00,1.559272759887726068e+00
8.679999999999999716e+01,1.556070261555313028e+00,1.559272759887726068e+00
8.690000000000000568e+01,1.556070263436730716e+00,1.559272759887726068e+00
8.700000000000000000e+01,1.556070265567267130e+00,1.559272759887726068e+00
8.710000000000000853e+01,1.556070267979649646e+00,1.559272759887726068e+00
8.720000000000000284e+01,1.556070270710871339e+00,1.559272759887726068e+00
8.730000000000001137e+01,1.556070273802741433e+00,1.559272759887726068e+00
8.740000000000000568e+01,1.556070277302507243e+00,1.559272759887726068e+00
8.750000000000000000e+01,1.556070281263555177e+00,1.559272759887726068e+00
8.760000000000000853e+01,1.556070285746202986e+00,1.559272759887726068e+00
8.770000000000000284e+01,1.556070290818590829e+00,1.559272759887726068e+00
8.780000000000001137e+01,1.556070296557688026e+00,1.559272759887726068e+00
8.790000000000000568e+01,1.556070303050427261e+00,1.559272759887726068e+00
8.800000000000001421e+01,1.556070310394982892e+00,1.559272759887726068e+00
8.810000000000000853e+01,1.556070318702213351e+00,1.559272759887726068e+00
8.820000000000000284e+01,1.556070328097285627e+00,1.559272759887726068e+00
8.830000000000001137e+01,1.556070338721505575e+00,1.559272759887726068e+00
8.840000000000000568e+01,1.556070350734382712e+00,1.559272759887726068e+00
8.850000000000001421e+01,1.556070364315953469e+00,1.559272759887726068e+00
8.860000000000000853e+01,1.556070379669401538e+00,1.559272759887726068e+00
8.870000000000001705e+01,1.556070397024007512e+00,1.559272759887726068e+00
8.880000000000001137e+01,1.556070416638472231e+00,1.559272759887726068e+00
8.890000000000000568e+01,1.556070438804659117e+00,1.559272759887726068e+00
8.900000000000001421e+01,1.556070463851808139e+00,1.559272759887726068e+00
8.910000000000000853e+01,1.556070492151281348e+00,1.559272759887726068e+00
8.920000000000001705e+01,1.556070524121904386e+00,1.559272759887726068e+00
8.930000000000001137e+01,1.556070560235980338e+00,1.559272759887726068e+00
8.940000000000001990e+01,1.556070601026056988e+00,1.559272759887726068e+00
8.950000000000001421e+01,1.556070647092545167e+00,1.559272759887726068e+00
8.960000000000000853e+01,1.556070699112289901e+00,1.559272759887726068e+00
8.970000000000001705e+01,1.556070757848214026e+00,1.559272759887726068e+00
8.980000000000001137e+01,1.556070824160169730e+00,1.559272759887726068e+00
8.990000000000000568e+01,1.556070899017142128e+00,1.559272759887726068e+00
9.000000000000000000e+01,1.556070983510979167e+00,1.559272759887726068e+00
9.010000000000000853e+01,1.556071078871828828e+00,1.559272759887726068e+00
9.020000000000000284e+01,1.556071186485501689e+00,1.559272759887726068e+00
9.030000000000001137e+01,1.556071307912990642e+00,1.559272759887726068e+00
9.040000000000000568e+01,1.556071444912416668e+00,1.559272759887726068e+00
9.050000000000000000e+01,1.556071599463698218e+00,1.559272759887726068e+00
9.060000000000000853e+01,1.556071773796278146e+00,1.559272759887726068e+00
9.070000000000000284e+01,1.556071970420286110e+00,1.559272759887726068e+00
9.080000000000001137e+01,1.556072192161553680e+00,1.559272759887726068e+00
9.090000000000000568e+01,1.556072442200958861e+00,1.559272759887726068e+00
9.100000000000001421e+01,1.556072724118625850e+00,1.559272759887726068e+00
9.110000000000000853e+01,1.556073041943576207e+00,1.559272759887726068e+00
9.120000000000000284e+01,1.556073400209495139e+00,1.559272759887726068e+00
9.130000000000001137e+01,1.556073804017360063e+00,1.559272759887726068e+00
9.140000000000000568e+01,1.556074259105767466e+00,1.559272759887726068e+00
9.150000000000001421e+01,1.556074771929893519e+00,1.559272759887726068e+00
9.160000000000000853e+01,1.556075349750139392e+00,1.559272759887726068e+00
9.170000000000001705e+01,1.556076000731637876e+00,1.559272759887726068e+00
9.180000000000001137e+01,1.556076734055934496e+00,1.559272759887726068e+00
9.190000000000000568e+01,1.556077560046324804e+00,1.559272759887726068e+00
9.200000000000001421e+01,1.556078490308494544e+00,1.559272759887726068e+00
9.210000000000000853e+01,1.556079537888314324e+00,1.559272759887726068e+00
9.220000000000001705e+01,1.556080717448862893e+00,1.559272759887726068e+00
9.230000000000001137e+01,1.556082045468992536e+00,1.559272759887726068e+00
9.240000000000001990e+01,1.556083540466038029e+00,1.559272759887726068e+00
9.250000000000001421e+01,1.556085223245567750e+00,1.559272759887726068e+00
9.260000000000002274e+01,1.556087117181434554e+00,1.559272759887726068e+00
9.270000000000001705e+01,1.556089248529756830e+00,1.559272759887726068e+00
9.280000000000001137e+01,1.556091646780903615e+00,1.559272759887726068e+00
9.290000000000000568e+01,1.556094345054035211e+00,1.559272759887726068e+00
9.300000000000000000e+01,1.556097380539287922e+00,1.559272759887726068e+00
9.310000000000000853e+01,1.556100794993300340e+00,1.559272759887726068e+00
9.320000000000000284e+01,1.556104635294445870e+00,1.559272759887726068e+00
9.330000000000001137e+01,1.556108954064890471e+00,1.559272759887726068e+00
9.340000000000000568e+01,1.556113810367436567e+00,1.559272759887726068e+00
9.350000000000000000e+01,1.556119270486043371e+00,1.559272759887726068e+00
9.360000000000000853e+01,1.556125408799972076e+00,1.559272759887726068e+00
9.370000000000000284e+01,1.556132308762661065e+00,1.559272759887726068e+00
9.380000000000001137e+01,1.556140063997747403e+00,1.559272759887726068e+00
9.390000000000000568e+01,1.556148779526106418e+00,1.559272759887726068e+00
9.400000000000001421e+01,1.556158573139395651e+00,1.559272759887726068e+00
9.410000000000000853e+01,1.556169576937416421e+00,1.559272759887726068e+00
9.420000000000000284e+01,1.556181939048611351e+00,1.559272759887726068e+00
9.430000000000001137e+01,1.556195825555281020e+00,1.559272759887726068e+00
9.440000000000000568e+01,1.556211422647613585e+00,1.559272759887726068e+00
9.450000000000001421e+01,1.556228939033422520e+00,1.559272759887726068e+00
9.460000000000000853e+01,1.556248608633615582e+00,1.559272759887726068e+00
9.470000000000001705e+01,1.556270693596905064e+00,1.559272759887726068e+00
9.480000000000001137e+01,1.556295487671143229e+00,1.559272759887726068e+00
9.490000000000000568e+01,1.556323319973011765e+00,1.559272759887726068e+00
9.500000000000001421e+01,1.556354559202599797e+00,1.559272759887726068e+00
9.510000000000000853e+01,1.556389618354794280e+00,1.559272759887726068e+00
9.520000000000001705e+01,1.556428959985386218e+00,1.559272759887726068e+00
9.530000000000001137e+01,1.556473102096465944e+00,1.559272759887726068e+00
9.540000000000001990e+01,1.556522624713110314e+00,1.559272759887726068e+00
9.550000000000001421e+01,1.556578177231637605e+00,1.559272759887726068e+00
9.560000000000002274e+01,1.556640486628910747e+00,1.559272759887726068e+00
9.570000000000001705e+01,1.556710366632421350e+00,1.559272759887726068e+00
9.580000000000001137e+01,1.556788727962309382e+00,1.559272759887726068e+00
9.590000000000000568e+01,1.556876589769155217e+00,1.559272759887726068e+00
9.600000000000000000e+01,1.556975092405527672e+00,1.559272759887726068e+00
9.610000000000000853e+01,1.557085511684988210e+00,1.559272759887726068e+00
9.620000000000000284e+01,1.557209274799740362e+00,1.559272759887726068e+00
9.630000000000001137e+01,1.557347978087566087e+00,1.559272759887726068e+00
9.640000000000000568e+01,1.557503406860321515e+00,1.559272759887726068e+00
9.650000000000000000e+01,1.557677557530319667e+00,1.559272759887726068e+00
9.660000000000000853e+01,1.557872662297651312e+00,1.559272759887726068e+00
9.670000000000000284e+01,1.558091216691230407e+00,1.559272759887726068e+00
9.680000000000001137e+01,1.558336010289342877e+00,1.559272759887726068e+00
9.690000000000000568e+01,1.558610160982192294e+00,1.559272759887726068e+00
9.700000000000001421e+01,1.558917153179674164e+00,1.559272759887726068e+00
9.710000000000000853e+01,1.559260880412869588e+00,1.559272759887726068e+00
9.720000000000000284e+01,1.559645692828004027e+00,1.559272759887726068e+00
9.730000000000001137e+01,1.560076450127393821e+00,1.559272759887726068e+00
9.740000000000000568e+01,1.560558580573851106e+00,1.559272759887726068e+00
9.750000000000001421e+01,1.561098146743656878e+00,1.559272759887726068e+00
9.760000000000000853e+01,1.561701918789443422e+00,1.559272759887726068e+00
9.770000000000001705e+01,1.562377456058859693e+00,1.559272759887726068e+00
9.780000000000001137e+01,1.563133198008519464e+00,1.559272759887726068e+00
9.790000000000000568e+01,1.563978565456597858e+00,1.559272759887726068e+00
9.800000000000001421e+01,1.564924073332434329e+00,1.559272759887726068e+00
9.810000000000000853e+01,1.565981456208991984e+00,1.559272759887726068e+00
9.820000000000001705e+01,1.567163808044900630e+00,1.559272759887726068e+00
9.830000000000001137e+01,1.568485737718988471e+00,1.559272759887726068e+00
9.840000000000001990e+01,1.569963542112793986e+00,1.559272759887726068e+00
9.850000000000001421e+01,1.571615398687383980e+00,1.559272759887726068e+00
9.860000000000002274e+01,1.573461579711598723e+00,1.559272759887726068e+00
9.870000000000001705e+01,1.575524690531673544e+00,1.559272759887726068e+00
9.880000000000001137e+01,1.577829934529158651e+00,1.559272759887726068e+00
9.890000000000000568e+01,1.580405407697162312e+00,1.559272759887726068e+00
9.900000000000000000e+01,1.583282426077269767e+00,1.559272759887726068e+00
9.910000000000000853e+01,1.586495889642649759e+00,1.559272759887726068e+00
9.920000000000000284e+01,1.590084686590948815e+00,1.559272759887726068e+00
9.930000000000001137e+01,1.594092142425265646e+00,1.559272759887726068e+00
9.940000000000000568e+01,1.598566518656526103e+00,1.559272759887726068e+00
9.950000000000000000e+01,1.603561566459066334e+00,1.559272759887726068e+00
9.960000000000000853e+01,1.609137141156375739e+00,1.559272759887726068e+00
9.970000000000000284e+01,1.615359884008974012e+00,1.559272759887726068e+00
9.980000000000001137e+01,1.622303978423857096e+00,1.559272759887726068e+00
9.990000000000000568e+01,1.630051988409707331e+00,1.559272759887726068e+00
1.000000000000000142e+02,1.637553630246262992e+00,1.559272759887726068e+00
1.001000000000000085e+02,1.644116898354153200e+00,1.559272759887726068e+00
1.002000000000000028e+02,1.650520587084577384e+00,1.559272759887726068e+00
1.003000000000000114e+02,1.656705794743605908e+00,1.559272759887726068e+00
1.004000000000000057e+02,1.662615475714937618e+00,1.559272759887726068e+00
1.005000000000000142e+02,1.668194978779393045e+00,1.559272759887726068e+00
1.006000000000000085e+02,1.673392565663985643e+00,1.559272759887726068e+00
1.007000000000000171e+02,1.678159904621728149e+00,1.559272759887726068e+00
1.008000000000000114e+02,1.682452534070580263e+00,1.559272759887726068e+00
1.009000000000000057e+02,1.686230291597646369e+00,1.559272759887726068e+00
1.010000000000000142e+02,1.689457703959193813e+00,1.559272759887726068e+00
1.011000000000000085e+02,1.692104334078631256e+00,1.559272759887726068e+00
1.012000000000000171e+02,1.694145081451696733e+00,1.559272759887726068e+00
1.013000000000000114e+02,1.695560432815958585e+00,1.559272759887726068e+00
1.014000000000000199e+02,1.696336660419555997e+00,1.559272759887726068e+00
1.015000000000000142e+02,1.696465965731079439e+00,1.559272759887726068e+00
1.016000000000000227e+02,1.695946566961727076e+00,1.559272759887726068e+00
1.017000000000000171e+02,1.694782729318557113e+00,1.559272759887726068e+00
1.018000000000000114e+02,1.692984737469407142e+00,1.559272759887726068e+00
1.019000000000000057e+02,1.690568810270139277e+00,1.559272759887726068e+00
1.020000000000000000e+02,1.687556958377766536e+00,1.559272759887726068e+00
1.021000000000000085e+02,1.683976785942456589e+00,1.559272759887726068e+00
1.022000000000000028e+02,1.679861238136602708e+00,1.559272759887726068e+00
1.023000000000000114e+02,1.675248296827809957e+00,1.559272759887726068e+00
1.024000000000000057e+02,1.670180627234000514e+00,1.559272759887726068e+00
1.025000000000000000e+02,1.664705178906641603e+00,1.559272759887726068e+00
1.026000000000000085e+02,1.658872744865115489e+00,1.559272759887726068e+00
1.027000000000000028e+02,1.652737483149438580e+00,1.559272759887726068e+00
1.028000000000000114e+02,1.646356405458773153e+00,1.559272759887726068e+00
1.029000000000000057e+02,1.639788837902794949e+00,1.559272759887726068e+00
1.030000000000000142e+02,1.632252557017874972e+00,1.559272759887726068e+00
1.031000000000000085e+02,1.624457320351731182e+00,1.559272759887726068e+00
1.032000000000000028e+02,1.617459194037130121e+00,1.559272759887726068e+00
1.033000000000000114e+02,1.611176765703714153e+00,1.559272759887726068e+00
1.034000000000000057e+02,1.605536919652206018e+00,1.559272759887726068e+00
1.035000000000000142e+02,1.600473994858643945e+00,1.559272759887726068e+00
1.036000000000000085e+02,1.595929027750755624e+00,1.559272759887726068e+00
1.037000000000000171e+02,1.591849071353582445e+00,1.559272759887726068e+00
1.038000000000000114e+02,1.588186583208896163e+00,1.559272759887726068e+00
1.039000000000000199e+02,1.584898875206884661e+00,1.559272759887726068e+00
1.040000000000000142e+02,1.581947619136772287e+00,1.559272759887726068e+00
1.041000000000000085e+02,1.579298402369095689e+00,1.559272759887726068e+00
1.042000000000000171e+02,1.576920328631512769e+00,1.559272759887726068e+00
1.043000000000000114e+02,1.574785659337923471e+00,1.559272759887726068e+00
1.044000000000000199e+02,1.572869491380401774e+00,1.559272759887726068e+00
1.045000000000000142e+02,1.571149467700741598e+00,1.559272759887726068e+00
1.046000000000000227e+02,1.569605517325687538e+00,1.559272759887726068e+00
1.047000000000000171e+02,1.568219621881698611e+00,1.559272759887726068e+00
1.048000000000000114e+02,1.566975605904439961e+00,1.559272759887726068e+00
1.049000000000000199e+02,1.565858948527956152e+00,1.559272759887726068e+00
1.050000000000000142e+02,1.564856614381815669e+00,1.559272759887726068e+00
1.051000000000000085e+02,1.563956901743333905e+00,1.559272759887726068e+00
1.052000000000000028e+02,1.563149306189485666e+00,1.559272759887726068e+00
1.053000000000000114e+02,1.562424398170610296e+00,1.559272759887726068e+00
1.054000000000000057e+02,1.561773713087844184e+00,1.559272759887726068e+00
1.055000000000000000e+02,1.561189652599994648e+00,1.559272759887726068e+00
1.056000000000000085e+02,1.560665396014876860e+00,1.559272759887726068e+00
1.057000000000000028e+02,1.560194820736576338e+00,1.559272759887726068e+00
1.058000000000000114e+02,1.559772430844481139e+00,1.559272759887726068e+00
1.059000000000000057e+02,1.559393292974092127e+00,1.559272759887726068e+00
1.060000000000000142e+02,1.559052978754061236e+00,1.559272759887726068e+00
1.061000000000000085e+02,1.558747513129857820e+00,1.559272759887726068e+00
1.062000000000000028e+02,1.558473327972701439e+00,1.559272759887726068e+00
1.063000000000000114e+02,1.558227220433699545e+00,1.559272759887726068e+00
1.064000000000000057e+02,1.558006315558264632e+00,1.559272759887726068e+00
1.065000000000000142e+02,1.557808032725308323e+00,1.559272759887726068e+00
1.066000000000000085e+02,1.557630055520197176e+00,1.559272759887726068e+00
1.067000000000000171e+02,1.557470304690367069e+00,1.559272759887726068e+00
1.068000000000000114e+02,1.557326913868363416e+00,1.559272759887726068e+00
1.069000000000000199e+02,1.557198207779262988e+00,1.559272759887726068e+00
1.070000000000000142e+02,1.557082682678362584e+00,1.559272759887726068e+00
1.071000000000000085e+02,1.556978988790987062e+00,1.559272759887726068e+00
1.072000000000000171e+02,1.556885914549588801e+00,1.559272759887726068e+00
1.073000000000000114e+02,1.556802372444263227e+00,1.559272759887726068e+00
1.074000000000000199e+02,1.556727386321580475e+00,1.559272759887726068e+00
1.075000000000000142e+02,1.556660079983539280e+00,1.559272759887726068e+00
1.076000000000000227e+02,1.556599666953600192e+00,1.559272759887726068e+00
1.077000000000000171e+02,1.556545441290354770e+00,1.559272759887726068e+00
1.078000000000000114e+02,1.556496769341615627e+00,1.559272759887726068e+00
1.079000000000000199e+02,1.556453082342673433e+00,1.559272759887726068e+00
1.080000000000000142e+02,1.556413869772323988e+00,1.559272759887726068e+00
1.081000000000000085e+02,1.556378673389096301e+00,1.559272759887726068e+00
1.082000000000000028e+02,1.556347081878058036e+00,1.559272759887726068e+00
1.083000000000000114e+02,1.556318726045700318e+00,1.559272759887726068e+00
1.084000000000000057e+02,1.556293274506793223e+00,1.559272759887726068e+00
1.085000000000000000e+02,1.556270429812851352e+00,1.559272759887726068e+00
1.086000000000000085e+02,1.556249924976998322e+00,1.559272759887726068e+00
1.087000000000000028e+02,1.556231520354653952e+00,1.559272759887726068e+00
1.088000000000000114e+02,1.556215000843610197e+00,1.559272759887726068e+00
1.089000000000000057e+02,1.556200173370801743e+00,1.559272759887726068e+00
1.090000000000000142e+02,1.556186864636416756e+00,1.559272759887726068e+00
1.091000000000000085e+02,1.556174919088999964e+00,1.559272759887726068e+00
1.092000000000000028e+02,1.556164197107901881e+00,1.559272759887726068e+00
1.093000000000000114e+02,1.556154573371840266e+00,1.559272759887726068e+00
1.094000000000000057e+02,1.556145935394519508e+00,1.559272759887726068e+00
1.095000000000000142e+02,1.556138182210205168e+00,1.559272759887726068e+00
1.096000000000000085e+02,1.556131223193896629e+00,1.559272759887726068e+00
1.097000000000000171e+02,1.556124977002317111e+00,1.559272759887726068e+00
1.098000000000000114e+02,1.556119370623352038e+00,1.559272759887726068e+00
1.099000000000000199e+02,1.556114338522826879e+00,1.559272759887726068e+00
1.100000000000000142e+02,1.556109821878662869e+00,1.559272759887726068e+00
1.101000000000000085e+02,1.556105767893457115e+00,1.559272759887726068e+00
1.102000000000000171e+02,1.556102129177462601e+00,1.559272759887726068e+00
1.103000000000000114e+02,1.556098863194754545e+00,1.559272759887726068e+00
1.104000000000000199e+02,1.556095931766115381e+00,1.559272759887726068e+00
1.105000000000000142e+02,1.556093300622829689e+00,1.559272759887726068e+00
1.106000000000000227e+02,1.556090939006174567e+00,1.559272759887726068e+00
1.107000000000000171e+02,1.556088819307927862e+00,1.559272759887726068e+00
1.108000000000000114e+02,1.556086916747693394e+00,1.559272759887726068e+00
1.109000000000000199e+02,1.556085209083271303e+00,1.559272759887726068e+00
1.110000000000000142e+02,1.556083676350691558e+00,1.559272759887726068e+00
1.111000000000000085e+02,1.556082300630872162e+00,1.559272759887726068e+00
1.112000000000000028e+02,1.556081065840174693e+00,1.559272759887726068e+00
1.113000000000000114e+02,1.556079957542411352e+00,1.559272759887726068e+00
1.114000000000000057e+02,1.556078962780104602e+00,1.559272759887726068e+00
1.115000000000000000e+02,1.556078069923030771e+00,1.559272759887726068e+00
1.116000000000000085e+02,1.556077268532273905e+00,1.559272759887726068e+00
1.117000000000000028e+02,1.556076549238204265e+00,1.559272759887726068e+00
1.118000000000000114e+02,1.556075903630954382e+00,1.559272759887726068e+00
1.119000000000000057e+02,1.556075324162112139e+00,1.559272759887726068e+00
1.120000000000000142e+02,1.556074804056482908e+00,1.559272759887726068e+00
1.121000000000000085e+02,1.556074337232889793e+00,1.559272759887726068e+00
1.122000000000000028e+02,1.556073918233085163e+00,1.559272759887726068e+00
1.123000000000000114e+02,1.556073542157943690e+00,1.559272759887726068e+00
1.124000000000000057e+02,1.556073204610190608e+00,1.559272759887726068e+00
1.125000000000000142e+02,1.556072901642995943e+00,1.559272759887726068e+00
1.126000000000000085e+02,1.556072629713835420e+00,1.559272759887726068e+00
1.127000000000000171e+02,1.556072385643074707e+00,1.559272759887726068e+00
1.128000000000000114e+02,1.556072166576798255e+00,1.559272759887726068e+00
1.129000000000000199e+02,1.556071969953444212e+00,1.559272759887726068e+00
1.130000000000000142e+02,1.556071793473857046e+00,1.559272759887726068e+00
1.131000000000000085e+02,1.556071635074408377e+00,1.559272759887726068e+00
1.132000000000000171e+02,1.556071492902869613e+00,1.559272759887726068e+00
1.133000000000000114e+02,1.556071365296757492e+00,1.559272759887726068e+00
1.134000000000000199e+02,1.556071250763897629e+00,1.559272759887726068e+00
1.135000000000000142e+02,1.556071147964976698e+00,1.559272759887726068e+00
1.136000000000000227e+02,1.556071055697885841e+00,1.559272759887726068e+00
1.137000000000000171e+02,1.556070972883663472e+00,1.559272759887726068e+00
1.138000000000000114e+02,1.556070898553881809e+00,1.559272759887726068e+00
1.139000000000000199e+02,1.556070831839323043e+00,1.559272759887726068e+00
1.140000000000000142e+02,1.556070771959816357e+00,1.559272759887726068e+00
1.141000000000000085e+02,1.556070718215115667e+00,1.559272759887726068e+00
1.142000000000000028e+02,1.556070669976712173e+00,1.559272759887726068e+00
1.143000000000000114e+02,1.556070626680485791e+00,1.559272759887726068e+00
1.144000000000000057e+02,1.556070587820108209e+00,1.559272759887726068e+00
1.145000000000000000e+02,1.556070552941123397e+00,1.559272759887726068e+00
1.146000000000000085e+02,1.556070521635633419e+00,1.559272759887726068e+00
1.147000000000000028e+02,1.556070493537528243e+00,1.559272759887726068e+00
1.148000000000000114e+02,1.556070468318205169e+00,1.559272759887726068e+00
1.149000000000000057e+02,1.556070445682726788e+00,1.559272759887726068e+00
1.150000000000000142e+02,1.556070425366371968e+00,1.559272759887726068e+00
1.151000000000000085e+02,1.556070407131539435e+00,1.559272759887726068e+00
1.152000000000000171e+02,1.556070390764971112e+00,1.559272759887726068e+00
1.153000000000000114e+02,1.556070376075256334e+00,1.559272759887726068e+00
1.154000000000000057e+02,1.556070362890595193e+00,1.559272759887726068e+00
1.155000000000000142e+02,1.556070351056789036e+00,1.559272759887726068e+00
1.156000000000000085e+02,1.556070340435436350e+00,1.559272759887726068e+00
1.157000000000000171e+02,1.556070330902316057e+00,1.559272759887726068e+00
1.158000000000000114e+02,1.556070322345932899e+00,1.559272759887726068e+00
1.159000000000000199e+02,1.556070314666215371e+00,1.559272759887726068e+00
1.160000000000000142e+02,1.556070307773344208e+00,1.559272759887726068e+00
1.161000000000000085e+02,1.556070301586702120e+00,1.559272759887726068e+00
1.162000000000000171e+02,1.556070296033931877e+00,1.559272759887726068e+00
1.163000000000000114e+02,1.556070291050089427e+00,1.559272759887726068e+00
1.164000000000000199e+02,1.556070286576884287e+00,1.559272759887726068e+00
1.165000000000000142e+02,1.556070282561998308e+00,1.559272759887726068e+00
1.166000000000000227e+02,1.556070278958473274e+00,1.559272759887726068e+00
1.167000000000000171e+02,1.556070275724162677e+00,1.559272759887726068e+00
1.168000000000000114e+02,1.556070272821237666e+00,1.559272759887726068e+00
1.169000000000000199e+02,1.556070270215745177e+00,1.559272759887726068e+00
1.170000000000000142e+02,1.556070267877211144e+00,1.559272759887726068e+00
1.171000000000000085e+02,1.556070265778283446e+00,1.559272759887726068e+00
1.172000000000000028e+02,1.556070263894412609e+00,1.559272759887726068e+00
1.173000000000000114e+02,1.556070262203564480e+00,1.559272759887726068e+00
1.174000000000000057e+02,1.556070260685961992e+00,1.559272759887726068e+00
1.175000000000000000e+02,1.556070259323855121e+00,1.559272759887726068e+00
1.176000000000000085e+02,1.556070258101311943e+00,1.559272759887726068e+00
1.177000000000000028e+02,1.556070257004033008e+00,1.559272759887726068e+00
1.178000000000000114e+02,1.556070256019184139e+00,1.559272759887726068e+00
1.179000000000000057e+02,1.556070255135246105e+00,1.559272759887726068e+00
1.180000000000000142e+02,1.556070254341879844e+00,1.559272759887726068e+00
1.181000000000000085e+02,1.556070253629805666e+00,1.559272759887726068e+00
1.182000000000000171e+02,1.556070252990694680e+00,1.559272759887726068e+00
1.183000000000000114e+02,1.556070252417071531e+00,1.559272759887726068e+00
1.184000000000000057e+02,1.556070251902226920e+00,1.559272759887726068e+00
1.185000000000000142e+02,1.556070251440138552e+00,1.559272759887726068e+00
1.186000000000000085e+02,1.556070251025401641e+00,1.559272759887726068e+00
1.187000000000000171e+02,1.556070250653165399e+00,1.559272759887726068e+00
1.188000000000000114e+02,1.556070250319075532e+00,1.559272759887726068e+00
1.189000000000000199e+02,1.556070250019224499e+00,1.559272759887726068e+00
1.190000000000000142e+02,1.556070249750104662e+00,1.559272759887726068e+00
1.191000000000000085e+02,1.556070249508568759e+00,1.559272759887726068e+00
1.192000000000000171e+02,1.556070249291791052e+00,1.559272759887726068e+00
1.193000000000000114e+02,1.556070249097236236e+00,1.559272759887726068e+00
1.194000000000000199e+02,1.556070248922628574e+00,1.559272759887726068e+00
1.195000000000000284e+02,1.556070248765925701e+00,1.559272759887726068e+00
1.196000000000000085e+02,1.556070248625294417e+00,1.559272759887726068e+00
1.197000000000000171e+02,1.556070248499090258e+00,1.559272759887726068e+00
1.198000000000000256e+02,1.556070248385836852e+00,1.559272759887726068e+00
1.199000000000000057e+02,1.556070248284209256e+00,1.559272759887726068e+00
1.200000000000000142e+02,1.556070248193018868e+00,1.559272759887726068e+00
1.201000000000000227e+02,1.556070248111199206e+00,1.559272759887726068e+00
1.202000000000000171e+02,1.556070248037793036e+00,1.559272759887726068e+00
1.203000000000000114e+02,1.556070247971941933e+00,1.559272759887726068e+00
1.204000000000000057e+02,1.556070247912875404e+00,1.559272759887726068e+00
1.205000000000000142e+02,1.556070247859902667e+00,1.559272759887726068e+00
1.205999999999999943e+02,1.556070247812404217e+00,1.559272759887726068e+00
1.207000000000000028e+02,1.556070247769824277e+00,1.559272759887726068e+00
1.208000000000000114e+02,1.556070247731664802e+00,1.559272759887726068e+00
1.209000000000000199e+02,1.556070247697479481e+00,1.559272759887726068e+00
1.210000000000000000e+02,1.556070247666868633e+00,1.559272759887726068e+00
1.211000000000000085e+02,1.556070247639473880e+00,1.559272759887726068e+00
1.212000000000000171e+02,1.556070247614975033e+00,1.559272759887726068e+00
1.212999999999999972e+02,1.556070247593085432e+00,1.559272759887726068e+00
1.214000000000000057e+02,1.556070247573548837e+00,1.559272759887726068e+00
1.215000000000000142e+02,1.556070247556137209e+00,1.559272759887726068e+00
1.216000000000000227e+02,1.556070247540646490e+00,1.559272759887726068e+00
1.217000000000000028e+02,1.556070247526895711e+00,1.559272759887726068e+00
1.218000000000000114e+02,1.556070247514723670e+00,1.559272759887726068e+00
1.219000000000000199e+02,1.556070247503988480e+00,1.559272759887726068e+00
1.220000000000000000e+02,1.556070247494564240e+00,1.559272759887726068e+00
1.221000000000000085e+02,1.556070247486340818e+00,1.559272759887726068e+00
1.222000000000000171e+02,1.556070247479222068e+00,1.559272759887726068e+00
1.223000000000000256e+02,1.556070247473124502e+00,1.559272759887726068e+00
1.224000000000000057e+02,1.556070247467977286e+00,1.559272759887726068e+00
1.225000000000000142e+02,1.556070247463719580e+00,1.559272759887726068e+00
1.226000000000000227e+02,1.556070247460302092e+00,1.559272759887726068e+00
1.227000000000000313e+02,1.556070247457684630e+00,1.559272759887726068e+00
1.228000000000000114e+02,1.556070247455836553e+00,1.559272759887726068e+00
1.229000000000000199e+02,1.556070247454736100e+00,1.559272759887726068e+00
