237.80000000000004,1.6341080098560954,-0.06291196896551723
237.9,1.6341080098560954,-0.06291196896551723
238.00000000000003,1.6341080098560954,-0.06291196896551723
238.10000000000002,1.6341080098560954,-0.06291196896551723
238.20000000000002,1.6341080098560954,-0.06291196896551723
238.3,1.6341080098560954,-0.06291196896551723
238.40000000000003,1.6341080098560954,-0.06291196896551723
238.5,1.6341080098560954,-0.06291196896551723
238.60000000000002,1.6341080098560954,-0.06291196896551723
238.70000000000002,1.6341080098560954,-0.06291196896551723
238.80000000000004,1.6341080098560954,-0.06291196896551723
238.90000000000003,1.6341080098560954,-0.06291196896551723
239.00000000000006,1.6341080098560954,-0.06291196896551723
239.1,1.6341080098560954,-0.06291196896551723
239.20000000000002,1.6341080098560954,-0.06291196896551723
239.3,1.6341080098560954,-0.06291196896551723
239.40000000000003,1.6341080098560954,-0.06291196896551723
239.50000000000003,1.6341080098560954,-0.06291196896551723
239.60000000000005,1.6341080098560954,-0.06291196896551723
239.70000000000005,1.6341080098560954,-0.06291196896551723
239.8,1.6341080098560954,-0.06291196896551723
239.9,1.6341080098560954,-0.06291196896551723
240.00000000000003,1.6341080098560954,-0.06291196896551723
240.10000000000002,1.6341080098560954,-0.06291196896551723
240.20000000000005,1.6341080098560954,-0.06291196896551723
240.30000000000004,1.6341080098560954,-0.06291196896551723
240.40000000000003,1.6341080098560954,-0.06291196896551723
240.5,1.6341080098560954,-0.06291196896551723
240.60000000000002,1.6341080098560954,-0.06291196896551723
240.70000000000002,1.6341080098560954,-0.06291196896551723
240.8,1.6341080098560954,-0.06291196896551723
240.90000000000003,1.6341080098560954,-0.06291196896551723
241.00000000000003,1.6341080098560954,-0.06291196896551723
241.10000000000005,1.6341080098560954,-0.06291196896551723
241.2,1.6341080098560954,-0.06291196896551723
241.3,1.6341080098560954,-0.06291196896551723
241.4,1.6341080098560954,-0.06291196896551723
241.50000000000003,1.6341080098560954,-0.06291196896551723
241.60000000000002,1.6341080098560954,-0.06291196896551723
241.70000000000005,1.6341080098560954,-0.06291196896551723
241.80000000000004,1.6341080098560954,-0.06291196896551723
241.9,1.6341080098560954,-0.06291196896551723
242.0,1.6341080098560954,-0.06291196896551723
242.10000000000002,1.6341080098560954,-0.06291196896551723
242.20000000000002,1.6341080098560954,-0.06291196896551723
242.30000000000004,1.6341080098560954,-0.06291196896551723
242.40000000000003,1.6341080098560954,-0.06291196896551723
242.50000000000006,1.6341080098560954,-0.06291196896551723
242.6,1.6341080098560954,-0.06291196896551723
242.70000000000002,1.6341080098560954,-0.06291196896551723
242.8,1.6341080098560954,-0.06291196896551723
242.90000000000003,1.6341080098560954,-0.06291196896551723
243.00000000000003,1.6341080098560954,-0.06291196896551723
243.10000000000005,1.6341080098560954,-0.06291196896551723
243.20000000000005,1.6341080098560954,-0.06291196896551723
243.3,1.6341080098560954,-0.06291196896551723
243.4,1.6341080098560954,-0.06291196896551723
243.50000000000003,1.6341080098560954,-0.06291196896551723
243.60000000000002,1.6341080098560954,-0.06291196896551723
243.70000000000002,1.6341080098560954,-0.06291196896551723
243.80000000000004,1.6341080098560954,-0.06291196896551723
243.90000000000003,1.6341080098560954,-0.06291196896551723
244.0,1.6341080098560954,-0.06291196896551723
244.1,1.6341080098560954,-0.06291196896551723
244.20000000000002,1.6341080098560954,-0.06291196896551723
244.3,1.6341080098560954,-0.06291196896551723
244.40000000000003,1.6341080098560954,-0.06291196896551723
244.50000000000003,1.6341080098560954,-0.06291196896551723
244.60000000000005,1.6341080098560954,-0.06291196896551723
244.70000000000005,1.6341080098560954,-0.06291196896551723
244.8,1.6341080098560954,-0.06291196896551723
244.9,1.6341080098560954,-0.06291196896551723
245.00000000000003,1.6341080098560954,-0.06291196896551723
245.10000000000002,1.6341080098560954,-0.06291196896551723
245.20000000000005,1.6341080098560954,-0.06291196896551723
245.30000000000004,1.6341080098560954,-0.06291196896551723
245.40000000000006,1.6341080098560954,-0.06291196896551723
245.5,1.6341080098560954,-0.06291196896551723
245.60000000000002,1.6341080098560954,-0.06291196896551723
245.70000000000002,1.6341080098560954,-0.06291196896551723
245.80000000000004,1.6341080098560954,-0.06291196896551723
245.90000000000003,1.6341080098560954,-0.06291196896551723
246.00000000000006,1.6341080098560954,-0.06291196896551723
246.10000000000005,1.6341080098560954,-0.06291196896551723
246.20000000000002,1.6341080098560954,-0.06291196896551723
246.3,1.6341080098560954,-0.06291196896551723
246.40000000000003,1.6341080098560954,-0.06291196896551723
246.50000000000003,1.6341080098560954,-0.06291196896551723
246.60000000000002,1.6341080098560954,-0.06291196896551723
246.70000000000005,1.6341080098560954,-0.06291196896551723
246.80000000000004,1.6341080098560954,-0.06291196896551723
246.9,1.6341080098560954,-0.06291196896551723
247.0,1.6341080098560954,-0.06291196896551723
247.10000000000002,1.6341080098560954,-0.06291196896551723
247.20000000000002,1.6341080098560954,-0.06291196896551723
247.30000000000004,1.6341080098560954,-0.06291196896551723
247.40000000000003,1.6341080098560954,-0.06291196896551723
247.50000000000006,1.6341080098560954,-0.06291196896551723
247.6,1.6341080098560954,-0.06291196896551723
247.70000000000002,1.6341080098560954,-0.06291196896551723
247.8,1.6341080098560954,-0.06291196896551723
247.90000000000003,1.6341080098560954,-0.06291196896551723
248.00000000000003,1.6341080098560954,-0.06291196896551723
248.10000000000005,1.6341080098560954,-0.06291196896551723
248.20000000000005,1.6341080098560954,-0.06291196896551723
248.3,1.6341080098560954,-0.06291196896551723
248.4,1.6341080098560954,-0.06291196896551723
248.50000000000003,1.6341080098560954,-0.06291196896551723
248.60000000000002,1.6341080098560954,-0.06291196896551723
248.70000000000005,1.6341080098560954,-0.06291196896551723
248.80000000000004,1.6341080098560954,-0.06291196896551723
248.90000000000006,1.6341080098560954,-0.06291196896551723
249.0,1.6341080098560954,-0.06291196896551723
249.10000000000002,1.6341080098560954,-0.06291196896551723
249.20000000000002,1.6341080098560954,-0.06291196896551723
249.30000000000004,1.6341080098560954,-0.06291196896551723
249.40000000000003,1.6341080098560954,-0.06291196896551723
249.50000000000003,1.6341080098560954,-0.06291196896551723
249.60000000000005,1.6341080098560954,-0.06291196896551723
249.70000000000002,1.6341080098560954,-0.06291196896551723
249.8,1.6341080098560954,-0.06291196896551723
249.9,1.6341080098560954,-0.06291196896551723
250.00000000000003,1.6341080098560954,-0.06291196896551723
250.10000000000002,1.6341080098560954,-0.06291196896551723
250.20000000000005,1.6341080098560954,-0.06291196896551723
250.30000000000004,1.6341080098560954,-0.06291196896551723
250.4,1.6341080098560954,-0.06291196896551723
250.5,1.6341080098560954,-0.06291196896551723
250.60000000000002,1.6341080098560954,-0.06291196896551723
250.70000000000002,1.6341080098560954,-0.06291196896551723
250.80000000000004,1.6341080098560954,-0.06291196896551723
250.90000000000003,1.6341080098560954,-0.06291196896551723
251.00000000000006,1.6341080098560954,-0.06291196896551723
251.1,1.6341080098560954,-0.06291196896551723
251.20000000000002,1.6341080098560954,-0.06291196896551723
251.3,1.6341080098560954,-0.06291196896551723
251.40000000000003,1.6341080098560954,-0.06291196896551723
251.50000000000003,1.6341080098560954,-0.06291196896551723
251.60000000000005,1.6341080098560954,-0.06291196896551723
251.70000000000005,1.6341080098560954,-0.06291196896551723
251.8,1.6341080098560954,-0.06291196896551723
251.9,1.6341080098560954,-0.06291196896551723
252.00000000000003,1.6341080098560954,-0.06291196896551723
252.10000000000002,1.6341080098560954,-0.06291196896551723
252.20000000000005,1.6341080098560954,-0.06291196896551723
252.30000000000004,1.6341080098560954,-0.06291196896551723
252.40000000000003,1.6341080098560954,-0.06291196896551723
252.5,1.6341080098560954,-0.06291196896551723
252.60000000000002,1.6341080098560954,-0.06291196896551723
252.70000000000002,1.6341080098560954,-0.06291196896551723
252.8,1.6341080098560954,-0.06291196896551723
252.90000000000003,1.6341080098560954,-0.06291196896551723
253.00000000000003,1.6341080098560954,-0.06291196896551723
253.10000000000005,1.6341080098560954,-0.06291196896551723
253.2,1.6341080098560954,-0.06291196896551723
253.3,1.6341080098560954,-0.06291196896551723
253.4,1.6341080098560954,-0.06291196896551723
253.50000000000003,1.6341080098560954,-0.06291196896551723
253.60000000000002,1.6341080098560954,-0.06291196896551723
253.70000000000005,1.6341080098560954,-0.06291196896551723
253.80000000000004,1.6341080098560954,-0.06291196896551723
253.9,1.6341080098560954,-0.06291196896551723
254.0,1.6341080098560954,-0.06291196896551723
254.10000000000002,1.6341080098560954,-0.06291196896551723
254.20000000000002,1.6341080098560954,-0.06291196896551723
254.30000000000004,1.6341080098560954,-0.06291196896551723
254.40000000000003,1.6341080098560954,-0.06291196896551723
254.50000000000006,1.6341080098560954,-0.06291196896551723
254.6,1.6341080098560954,-0.06291196896551723
254.70000000000002,1.6341080098560954,-0.06291196896551723
254.8,1.6341080098560954,-0.06291196896551723
254.90000000000003,1.6341080098560954,-0.06291196896551723
255.00000000000003,1.6341080098560954,-0.06291196896551723
255.10000000000005,1.6341080098560954,-0.06291196896551723
255.20000000000005,1.6341080098560954,-0.06291196896551723
255.3,1.6341080098560954,-0.06291196896551723
255.4,1.6341080098560954,-0.06291196896551723
255.50000000000003,1.6341080098560954,-0.06291196896551723
255.60000000000002,1.6341080098560954,-0.06291196896551723
255.70000000000002,1.6341080098560954,-0.06291196896551723
255.80000000000004,1.6341080098560954,-0.06291196896551723
255.90000000000003,1.6341080098560954,-0.06291196896551723
256.00000000000006,1.6341080098560954,-0.06291196896551723
256.1,1.6341080098560954,-0.06291196896551723
256.2,1.6341080098560954,-0.06291196896551723
256.3,1.6341080098560954,-0.06291196896551723
256.40000000000003,1.6341080098560954,-0.06291196896551723
256.50000000000006,1.6341080098560954,-0.06291196896551723
256.6,1.6341080098560954,-0.06291196896551723
256.70000000000005,1.6341080098560954,-0.06291196896551723
256.8,1.6341080098560954,-0.06291196896551723
256.90000000000003,1.6341080098560954,-0.06291196896551723
257.0,1.6341080098560954,-0.06291196896551723
257.1,1.6341080098560954,-0.06291196896551723
257.20000000000005,1.6341080098560954,-0.06291196896551723
257.30000000000007,1.6341080098560954,-0.06291196896551723
257.40000000000003,1.6341080098560954,-0.06291196896551723
257.5,1.6341080098560954,-0.06291196896551723
257.6,1.6341080098560954,-0.06291196896551723
257.70000000000005,1.6341080098560954,-0.06291196896551723
257.8,1.6341080098560954,-0.06291196896551723
257.90000000000003,1.6341080098560954,-0.06291196896551723
258.00000000000006,1.6341080098560954,-0.06291196896551723
258.1000000000001,1.6341080098560954,-0.06291196896551723
258.2,1.6341080098560954,-0.06291196896551723
258.3,1.6341080098560954,-0.06291196896551723
258.40000000000003,1.6341080098560954,-0.06291196896551723
258.50000000000006,1.6341080098560954,-0.06291196896551723
258.6,1.6341080098560954,-0.06291196896551723
258.70000000000005,1.6341080098560954,-0.06291196896551723
258.80000000000007,1.6341080098560954,-0.06291196896551723
258.90000000000003,1.6341080098560954,-0.06291196896551723
259.0,1.6341080098560954,-0.06291196896551723
259.1,1.6341080098560954,-0.06291196896551723
259.20000000000005,1.6341080098560954,-0.06291196896551723
259.3,1.6341080098560954,-0.06291196896551723
259.40000000000003,1.6341080098560954,-0.06291196896551723
259.50000000000006,1.6341080098560954,-0.06291196896551723
259.6,1.6341080098560954,-0.06291196896551723
259.7,1.6341080098560954,-0.06291196896551723
259.8,1.6341080098560954,-0.06291196896551723
259.90000000000003,1.6341080098560954,-0.06291196896551723
260.00000000000006,1.6341080098560954,-0.06291196896551723
260.1,1.6341080098560954,-0.06291196896551723
260.20000000000005,1.6341080098560954,-0.06291196896551723
260.3,1.6341080098560954,-0.06291196896551723
260.40000000000003,1.6341080098560954,-0.06291196896551723
260.5,1.6341080098560954,-0.06291196896551723
260.6,1.6341080098560954,-0.06291196896551723
260.70000000000005,1.6341080098560954,-0.06291196896551723
260.80000000000007,1.6341080098560954,-0.06291196896551723
260.90000000000003,1.6341080098560954,-0.06291196896551723
261.0,1.6341080098560954,-0.06291196896551723
261.1,1.6341080098560954,-0.06291196896551723
261.20000000000005,1.6341080098560954,-0.06291196896551723
261.3,1.6341080098560954,-0.06291196896551723
261.40000000000003,1.6341080098560954,-0.06291196896551723
261.50000000000006,1.6341080098560954,-0.06291196896551723
261.6,1.6341080098560954,-0.06291196896551723
261.7,1.6341080098560954,-0.06291196896551723
261.8,1.6341080098560954,-0.06291196896551723
261.90000000000003,1.6341080098560954,-0.06291196896551723
262.0,1.6341080098560954,-0.06291196896551723
262.1,1.6341080098560954,-0.06291196896551723
262.20000000000005,1.6341080098560954,-0.06291196896551723
262.30000000000007,1.6341080098560954,-0.06291196896551723
262.4,1.6341080098560954,-0.06291196896551723
262.5,1.6341080098560954,-0.06291196896551723
262.6,1.6341080098560954,-0.06291196896551723
262.70000000000005,1.6341080098560954,-0.06291196896551723
262.8,1.6341080098560954,-0.06291196896551723
262.90000000000003,1.6341080098560954,-0.06291196896551723
263.00000000000006,1.6341080098560954,-0.06291196896551723
263.1,1.6341080098560954,-0.06291196896551723
263.2,1.6341080098560954,-0.06291196896551723
263.3,1.6341080098560954,-0.06291196896551723
263.40000000000003,1.6341080098560954,-0.06291196896551723
263.50000000000006,1.6341080098560954,-0.06291196896551723
263.6,1.6341080098560954,-0.06291196896551723
263.70000000000005,1.6341080098560954,-0.06291196896551723
263.8,1.6341080098560954,-0.06291196896551723
263.90000000000003,1.6341080098560954,-0.06291196896551723
264.0,1.6341080098560954,-0.06291196896551723
264.1,1.6341080098560954,-0.06291196896551723
264.20000000000005,1.6341080098560954,-0.06291196896551723
264.30000000000007,1.6341080098560954,-0.06291196896551723
264.40000000000003,1.6341080098560954,-0.06291196896551723
264.5,1.6341080098560954,-0.06291196896551723
264.6,1.6341080098560954,-0.06291196896551723
264.70000000000005,1.6341080098560954,-0.06291196896551723
264.8,1.6341080098560954,-0.06291196896551723
264.90000000000003,1.6341080098560954,-0.06291196896551723
265.00000000000006,1.6341080098560954,-0.06291196896551723
265.1,1.6341080098560954,-0.06291196896551723
265.2,1.6341080098560954,-0.06291196896551723
265.3,1.6341080098560954,-0.06291196896551723
265.40000000000003,1.6341080098560954,-0.06291196896551723
265.5,1.6341080098560954,-0.06291196896551723
265.6,1.6341080098560954,-0.06291196896551723
265.70000000000005,1.6341080098560954,-0.06291196896551723
265.80000000000007,1.6341080098560954,-0.06291196896551723
265.9,1.6341080098560954,-0.06291196896551723
266.0,1.6341080098560954,-0.06291196896551723
266.1,1.6341080098560954,-0.06291196896551723
266.20000000000005,1.6341080098560954,-0.06291196896551723
266.3,1.6341080098560954,-0.06291196896551723
266.40000000000003,1.6341080098560954,-0.06291196896551723
266.50000000000006,1.6341080098560954,-0.06291196896551723
266.6,1.6341080098560954,-0.06291196896551723
266.7,1.6341080098560954,-0.06291196896551723
266.8,1.6341080098560954,-0.06291196896551723
266.90000000000003,1.6341080098560954,-0.06291196896551723
267.00000000000006,1.6341080098560954,-0.06291196896551723
267.1,1.6341080098560954,-0.06291196896551723
267.20000000000005,1.6341080098560954,-0.06291196896551723
267.3,1.6341080098560954,-0.06291196896551723
267.40000000000003,1.6341080098560954,-0.06291196896551723
267.5,1.6341080098560954,-0.06291196896551723
267.6,1.6341080098560954,-0.06291196896551723
267.70000000000005,1.6341080098560954,-0.06291196896551723
267.8,1.6341080098560954,-0.06291196896551723
267.90000000000003,1.6341080098560954,-0.06291196896551723
268.00000000000006,1.6341080098560954,-0.06291196896551723
268.1,1.6341080098560954,-0.06291196896551723
268.2,1.6341080098560954,-0.06291196896551723
268.3,1.6341080098560954,-0.06291196896551723
268.40000000000003,1.6341080098560954,-0.06291196896551723
268.50000000000006,1.6341080098560954,-0.06291196896551723
268.6,1.6341080098560954,-0.06291196896551723
268.70000000000005,1.6341080098560954,-0.06291196896551723
268.8,1.6341080098560954,-0.06291196896551723
268.90000000000003,1.6341080098560954,-0.06291196896551723
269.0,1.6341080098560954,-0.06291196896551723
269.1,1.6341080098560954,-0.06291196896551723
269.20000000000005,1.6341080098560954,-0.06291196896551723
269.30000000000007,1.6341080098560954,-0.06291196896551723
269.40000000000003,1.6341080098560954,-0.06291196896551723
269.5,1.6341080098560954,-0.06291196896551723
269.6,1.6341080098560954,-0.06291196896551723
269.70000000000005,1.6341080098560954,-0.06291196896551723
269.8,1.6341080098560954,-0.06291196896551723
269.90000000000003,1.6341080098560954,-0.06291196896551723
270.00000000000006,1.6341080098560954,-0.06291196896551723
270.1000000000001,1.6341080098560954,-0.06291196896551723
270.2,1.6341080098560954,-0.06291196896551723
270.3,1.6341080098560954,-0.06291196896551723
270.40000000000003,1.6341080098560954,-0.06291196896551723
270.50000000000006,1.6341080098560954,-0.06291196896551723
270.6,1.6341080098560954,-0.06291196896551723
270.70000000000005,1.6341080098560954,-0.06291196896551723
270.80000000000007,1.6341080098560954,-0.06291196896551723
270.90000000000003,1.6341080098560954,-0.06291196896551723
271.0,1.6341080098560954,-0.06291196896551723
271.1,1.6341080098560954,-0.06291196896551723
271.20000000000005,1.6341080098560954,-0.06291196896551723
271.3,1.6341080098560954,-0.06291196896551723
271.40000000000003,1.6341080098560954,-0.06291196896551723
271.50000000000006,1.6341080098560954,-0.06291196896551723
271.6,1.6341080098560954,-0.06291196896551723
271.7,1.6341080098560954,-0.06291196896551723
271.8,1.6341080098560954,-0.06291196896551723
271.90000000000003,1.6341080098560954,-0.06291196896551723
272.00000000000006,1.6341080098560954,-0.06291196896551723
272.1,1.6341080098560954,-0.06291196896551723
272.20000000000005,1.6341080098560954,-0.06291196896551723
272.3,1.6341080098560954,-0.06291196896551723
272.40000000000003,1.6341080098560954,-0.06291196896551723
272.5,1.6341080098560954,-0.06291196896551723
272.6,1.6341080098560954,-0.06291196896551723
272.70000000000005,1.6341080098560954,-0.06291196896551723
272.80000000000007,1.6341080098560954,-0.06291196896551723
272.90000000000003,1.6341080098560954,-0.06291196896551723
273.0,1.6341080098560954,-0.06291196896551723
273.1,1.6341080098560954,-0.06291196896551723
273.20000000000005,1.6341080098560954,-0.06291196896551723
273.3,1.6341080098560954,-0.06291196896551723
273.40000000000003,1.6341080098560954,-0.06291196896551723
273.50000000000006,1.6341080098560954,-0.06291196896551723
273.6,1.6341080098560954,-0.06291196896551723
273.7,1.6341080098560954,-0.06291196896551723
273.8,1.6341080098560954,-0.06291196896551723
273.90000000000003,1.6341080098560954,-0.06291196896551723
274.0,1.6341080098560954,-0.06291196896551723
274.1,1.6341080098560954,-0.06291196896551723
274.20000000000005,1.6341080098560954,-0.06291196896551723
274.30000000000007,1.6341080098560954,-0.06291196896551723
274.4,1.6341080098560954,-0.06291196896551723
274.5,1.6341080098560954,-0.06291196896551723
274.6,1.6341080098560954,-0.06291196896551723
274.70000000000005,1.6341080098560954,-0.06291196896551723
274.8,1.6341080098560954,-0.06291196896551723
274.90000000000003,1.6341080098560954,-0.06291196896551723
275.00000000000006,1.6341080098560954,-0.06291196896551723
275.1,1.6341080098560954,-0.06291196896551723
275.2,1.6341080098560954,-0.06291196896551723
275.3,1.6341080098560954,-0.06291196896551723
275.40000000000003,1.6341080098560954,-0.06291196896551723
275.50000000000006,1.6341080098560954,-0.06291196896551723
275.6,1.6341080098560954,-0.06291196896551723
275.70000000000005,1.6341080098560954,-0.06291196896551723
275.8,1.6341080098560954,-0.06291196896551723
275.90000000000003,1.6341080098560954,-0.06291196896551723
276.0,1.6341080098560954,-0.06291196896551723
276.1,1.6341080098560954,-0.06291196896551723
276.20000000000005,1.6341080098560954,-0.06291196896551723
276.30000000000007,1.6341080098560954,-0.06291196896551723
276.40000000000003,1.6341080098560954,-0.06291196896551723
276.5,1.6341080098560954,-0.06291196896551723
276.6,1.6341080098560954,-0.06291196896551723
276.70000000000005,1.6341080098560954,-0.06291196896551723
276.8,1.6341080098560954,-0.06291196896551723
276.90000000000003,1.6341080098560954,-0.06291196896551723
277.00000000000006,1.6341080098560954,-0.06291196896551723
277.1,1.6341080098560954,-0.06291196896551723
277.2,1.6341080098560954,-0.06291196896551723
277.3,1.6341080098560954,-0.06291196896551723
277.40000000000003,1.6341080098560954,-0.06291196896551723
277.5,1.6341080098560954,-0.06291196896551723
277.6,1.6341080098560954,-0.06291196896551723
277.70000000000005,1.6341080098560954,-0.06291196896551723
277.80000000000007,1.6341080098560954,-0.06291196896551723
277.9,1.6341080098560954,-0.06291196896551723
278.0,1.6341080098560954,-0.06291196896551723
278.1,1.6341080098560954,-0.06291196896551723
278.20000000000005,1.6341080098560954,-0.06291196896551723
278.3,1.6341080098560954,-0.06291196896551723
278.40000000000003,1.6341080098560954,-0.06291196896551723
278.50000000000006,1.6341080098560954,-0.06291196896551723
278.6,1.6341080098560954,-0.06291196896551723
278.7,1.6341080098560954,-0.06291196896551723
278.8,1.6341080098560954,-0.06291196896551723
278.90000000000003,1.6341080098560954,-0.06291196896551723
279.00000000000006,1.6341080098560954,-0.06291196896551723
279.1,1.6341080098560954,-0.06291196896551723
279.20000000000005,1.6341080098560954,-0.06291196896551723
279.30000000000007,1.6341080098560954,-0.06291196896551723
279.40000000000003,1.6341080098560954,-0.06291196896551723
279.5,1.6341080098560954,-0.06291196896551723
279.6,1.6341080098560954,-0.06291196896551723
279.70000000000005,1.6341080098560954,-0.06291196896551723
279.8,1.6341080098560954,-0.06291196896551723
279.90000000000003,1.6341080098560954,-0.06291196896551723
280.00000000000006,1.6341080098560954,-0.06291196896551723
280.1,1.6341080098560954,-0.06291196896551723
280.2,1.6341080098560954,-0.06291196896551723
280.3,1.6341080098560954,-0.06291196896551723
280.40000000000003,1.6341080098560954,-0.06291196896551723
280.50000000000006,1.6341080098560954,-0.06291196896551723
280.6,1.6341080098560954,-0.06291196896551723
280.70000000000005,1.6341080098560954,-0.06291196896551723
280.8,1.6341080098560954,-0.06291196896551723
280.90000000000003,1.6341080098560954,-0.06291196896551723
281.0,1.6341080098560954,-0.06291196896551723
281.1,1.6341080098560954,-0.06291196896551723
281.20000000000005,1.6341080098560954,-0.06291196896551723
281.30000000000007,1.6341080098560954,-0.06291196896551723
281.40000000000003,1.6341080098560954,-0.06291196896551723
281.5,1.6341080098560954,-0.06291196896551723
281.6,1.6341080098560954,-0.06291196896551723
281.70000000000005,1.6341080098560954,-0.06291196896551723
281.8,1.6341080098560954,-0.06291196896551723
281.90000000000003,1.6341080098560954,-0.06291196896551723
282.00000000000006,1.6341080098560954,-0.06291196896551723
282.1000000000001,1.6341080098560954,-0.06291196896551723
282.2,1.6341080098560954,-0.06291196896551723
282.3,1.6341080098560954,-0.06291196896551723
282.40000000000003,1.6341080098560954,-0.06291196896551723
282.50000000000006,1.6341080098560954,-0.06291196896551723
282.6,1.6341080098560954,-0.06291196896551723
282.70000000000005,1.6341080098560954,-0.06291196896551723
282.80000000000007,1.6341080098560954,-0.06291196896551723
282.90000000000003,1.6341080098560954,-0.06291196896551723
283.0,1.6341080098560954,-0.06291196896551723
283.1,1.6341080098560954,-0.06291196896551723
283.20000000000005,1.6341080098560954,-0.06291196896551723
283.3,1.6341080098560954,-0.06291196896551723
283.40000000000003,1.6341080098560954,-0.06291196896551723
283.50000000000006,1.6341080098560954,-0.06291196896551723
283.6,1.6341080098560954,-0.06291196896551723
283.7,1.6341080098560954,-0.06291196896551723
283.8,1.6341080098560954,-0.06291196896551723
283.90000000000003,1.6341080098560954,-0.06291196896551723
284.00000000000006,1.6341080098560954,-0.06291196896551723
284.1,1.6341080098560954,-0.06291196896551723
284.20000000000005,1.6341080098560954,-0.06291196896551723
284.3,1.6341080098560954,-0.06291196896551723
284.40000000000003,1.6341080098560954,-0.06291196896551723
284.5,1.6341080098560954,-0.06291196896551723
284.6,1.6341080098560954,-0.06291196896551723
284.70000000000005,1.6341080098560954,-0.06291196896551723
284.80000000000007,1.6341080098560954,-0.06291196896551723
284.90000000000003,1.6341080098560954,-0.06291196896551723
285.0,1.6341080098560954,-0.06291196896551723
285.1,1.6341080098560954,-0.06291196896551723
285.20000000000005,1.6341080098560954,-0.06291196896551723
285.3,1.6341080098560954,-0.06291196896551723
285.40000000000003,1.6341080098560954,-0.06291196896551723
285.50000000000006,1.6341080098560954,-0.06291196896551723
285.6000000000001,1.6341080098560954,-0.06291196896551723
285.7,1.6341080098560954,-0.06291196896551723
285.8,1.6341080098560954,-0.06291196896551723
285.90000000000003,1.6341080098560954,-0.06291196896551723
286.00000000000006,1.6341080098560954,-0.06291196896551723
286.1,1.6341080098560954,-0.06291196896551723
286.20000000000005,1.6341080098560954,-0.06291196896551723
286.30000000000007,1.6341080098560954,-0.06291196896551723
286.4,1.6341080098560954,-0.06291196896551723
286.5,1.6341080098560954,-0.06291196896551723
286.6,1.6341080098560954,-0.06291196896551723
286.70000000000005,1.6341080098560954,-0.06291196896551723
286.8,1.6341080098560954,-0.06291196896551723
286.90000000000003,1.6341080098560954,-0.06291196896551723
287.00000000000006,1.6341080098560954,-0.06291196896551723
287.1,1.6341080098560954,-0.06291196896551723
287.2,1.6341080098560954,-0.06291196896551723
287.3,1.6341080098560954,-0.06291196896551723
287.40000000000003,1.6341080098560954,-0.06291196896551723
287.50000000000006,1.6341080098560954,-0.06291196896551723
287.6,1.6341080098560954,-0.06291196896551723
287.70000000000005,1.6341080098560954,-0.06291196896551723
287.8,1.6341080098560954,-0.06291196896551723
287.90000000000003,1.6341080098560954,-0.06291196896551723
288.0,1.6341080098560954,-0.06291196896551723
288.1,1.6341080098560954,-0.06291196896551723
288.20000000000005,1.6341080098560954,-0.06291196896551723
288.30000000000007,1.6341080098560954,-0.06291196896551723
288.40000000000003,1.6341080098560954,-0.06291196896551723
288.5,1.6341080098560954,-0.06291196896551723
288.6,1.6341080098560954,-0.06291196896551723
288.70000000000005,1.6341080098560954,-0.06291196896551723
288.8,1.6341080098560954,-0.06291196896551723
288.90000000000003,1.6341080098560954,-0.06291196896551723
289.00000000000006,1.6341080098560954,-0.06291196896551723
289.1,1.6341080098560954,-0.06291196896551723
289.2,1.6341080098560954,-0.06291196896551723
289.3,1.6341080098560954,-0.06291196896551723
289.40000000000003,1.6341080098560954,-0.06291196896551723
289.5,1.6341080098560954,-0.06291196896551723
289.6,1.6341080098560954,-0.06291196896551723
289.70000000000005,1.6341080098560954,-0.06291196896551723
289.80000000000007,1.6341080098560954,-0.06291196896551723
289.9,1.6341080098560954,-0.06291196896551723
290.0,1.6341080098560954,-0.06291196896551723
290.1,1.6341080098560954,-0.06291196896551723
290.20000000000005,1.6341080098560954,-0.06291196896551723
290.3,1.6341080098560954,-0.06291196896551723
290.40000000000003,1.6341080098560954,-0.06291196896551723
290.50000000000006,1.6341080098560954,-0.06291196896551723
290.6000000000001,1.6341080098560954,-0.06291196896551723
290.7,1.6341080098560954,-0.06291196896551723
290.8,1.6341080098560954,-0.06291196896551723
290.90000000000003,1.6341080098560954,-0.06291196896551723
291.00000000000006,1.6341080098560954,-0.06291196896551723
291.1,1.6341080098560954,-0.06291196896551723
291.20000000000005,1.6341080098560954,-0.06291196896551723
291.30000000000007,1.6341080098560954,-0.06291196896551723
291.40000000000003,1.6341080098560954,-0.06291196896551723
291.5,1.6341080098560954,-0.06291196896551723
291.6,1.6341080098560954,-0.06291196896551723
291.70000000000005,1.6341080098560954,-0.06291196896551723
291.80000000000007,1.6341080098560954,-0.06291196896551723
291.90000000000003,1.6341080098560954,-0.06291196896551723
292.00000000000006,1.6341080098560954,-0.06291196896551723
292.1,1.6341080098560954,-0.06291196896551723
292.20000000000005,1.6341080098560954,-0.06291196896551723
292.3,1.6341080098560954,-0.06291196896551723
292.40000000000003,1.6341080098560954,-0.06291196896551723
292.50000000000006,1.6341080098560954,-0.06291196896551723
292.6,1.6341080098560954,-0.06291196896551723
292.70000000000005,1.6341080098560954,-0.06291196896551723
292.8,1.6341080098560954,-0.06291196896551723
292.90000000000003,1.6341080098560954,-0.06291196896551723
293.0,1.6341080098560954,-0.06291196896551723
293.1,1.6341080098560954,-0.06291196896551723
293.20000000000005,1.6341080098560954,-0.06291196896551723
293.30000000000007,1.6341080098560954,-0.06291196896551723
293.40000000000003,1.6341080098560954,-0.06291196896551723
293.5,1.6341080098560954,-0.06291196896551723
293.6,1.6341080098560954,-0.06291196896551723
293.70000000000005,1.6341080098560954,-0.06291196896551723
293.8,1.6341080098560954,-0.06291196896551723
293.90000000000003,1.6341080098560954,-0.06291196896551723
294.00000000000006,1.6341080098560954,-0.06291196896551723
294.1000000000001,1.6341080098560954,-0.06291196896551723
294.2,1.6341080098560954,-0.06291196896551723
294.3,1.6341080098560954,-0.06291196896551723
294.40000000000003,1.6341080098560954,-0.06291196896551723
294.50000000000006,1.6341080098560954,-0.06291196896551723
294.6,1.6341080098560954,-0.06291196896551723
294.70000000000005,1.6341080098560954,-0.06291196896551723
294.80000000000007,1.6341080098560954,-0.06291196896551723
294.90000000000003,1.6341080098560954,-0.06291196896551723
295.0,1.6341080098560954,-0.06291196896551723
295.1,1.6341080098560954,-0.06291196896551723
295.20000000000005,1.6341080098560954,-0.06291196896551723
295.3,1.6341080098560954,-0.06291196896551723
295.40000000000003,1.6341080098560954,-0.06291196896551723
295.50000000000006,1.6341080098560954,-0.06291196896551723
295.6,1.6341080098560954,-0.06291196896551723
295.7,1.6341080098560954,-0.06291196896551723
295.8,1.6341080098560954,-0.06291196896551723
295.90000000000003,1.6341080098560954,-0.06291196896551723
296.00000000000006,1.6341080098560954,-0.06291196896551723
296.1,1.6341080098560954,-0.06291196896551723
296.20000000000005,1.6341080098560954,-0.06291196896551723
296.3,1.6341080098560954,-0.06291196896551723
296.40000000000003,1.6341080098560954,-0.06291196896551723
296.5,1.6341080098560954,-0.06291196896551723
296.6,1.6341080098560954,-0.06291196896551723
296.70000000000005,1.6341080098560954,-0.06291196896551723
296.80000000000007,1.6341080098560954,-0.06291196896551723
296.90000000000003,1.6341080098560954,-0.06291196896551723
297.0,1.6341080098560954,-0.06291196896551723
297.1,1.6341080098560954,-0.06291196896551723
297.20000000000005,1.6341080098560954,-0.06291196896551723
297.3,1.6341080098560954,-0.06291196896551723
297.40000000000003,1.6341080098560954,-0.06291196896551723
297.50000000000006,1.6341080098560954,-0.06291196896551723
297.6000000000001,1.6341080098560954,-0.06291196896551723
297.7,1.6341080098560954,-0.06291196896551723
297.8,1.6341080098560954,-0.06291196896551723
297.90000000000003,1.6341080098560954,-0.06291196896551723
298.00000000000006,1.6341080098560954,-0.06291196896551723
298.1,1.6341080098560954,-0.06291196896551723
298.20000000000005,1.6341080098560954,-0.06291196896551723
298.30000000000007,1.6341080098560954,-0.06291196896551723
298.40000000000003,1.6341080098560954,-0.06291196896551723
298.5,1.6341080098560954,-0.06291196896551723
298.6,1.6341080098560954,-0.06291196896551723
298.70000000000005,1.6341080098560954,-0.06291196896551723
298.8,1.6341080098560954,-0.06291196896551723
298.90000000000003,1.6341080098560954,-0.06291196896551723
299.00000000000006,1.6341080098560954,-0.06291196896551723
299.1,1.6341080098560954,-0.06291196896551723
299.2,1.6341080098560954,-0.06291196896551723
299.3,1.6341080098560954,-0.06291196896551723
299.40000000000003,1.6341080098560954,-0.06291196896551723
299.50000000000006,1.6341080098560954,-0.06291196896551723
299.6,1.6341080098560954,-0.06291196896551723
299.70000000000005,1.6341080098560954,-0.06291196896551723
299.8,1.6341080098560954,-0.06291196896551723
299.90000000000003,1.6341080098560954,-0.06291196896551723
300.0,1.517271496062992,0.0
300.1,1.517271496062992,0.0
300.20000000000005,1.517271496062992,0.0
300.30000000000007,1.517271496062992,0.0
300.40000000000003,1.517271496062992,0.0
300.5,1.517271496062992,0.0
300.6,1.517271496062992,0.0
300.70000000000005,1.517271496062992,0.0
300.8,1.517271496062992,0.0
300.90000000000003,1.517271496062992,0.0
301.00000000000006,1.517271496062992,0.0
301.1,1.517271496062992,0.0
301.2,1.517271496062992,0.0
301.3,1.517271496062992,0.0
301.40000000000003,1.517271496062992,0.0
301.5,1.517271496062992,0.0
301.6,1.517271496062992,0.0
301.70000000000005,1.517271496062992,0.0
301.80000000000007,1.517271496062992,0.0
301.90000000000003,1.517271496062992,0.0
302.0,1.517271496062992,0.0
302.1,1.517271496062992,0.0
302.20000000000005,1.517271496062992,0.0
302.3,1.517271496062992,0.0
302.40000000000003,1.517271496062992,0.0
302.50000000000006,1.517271496062992,0.0
302.6000000000001,1.517271496062992,0.0
302.7,1.517271496062992,0.0
302.8,1.517271496062992,0.0
302.90000000000003,1.517271496062992,0.0
303.00000000000006,1.517271496062992,0.0
303.1,1.517271496062992,0.0
303.20000000000005,1.517271496062992,0.0
303.30000000000007,1.517271496062992,0.0
303.40000000000003,1.517271496062992,0.0
303.5,1.517271496062992,0.0
303.6,1.517271496062992,0.0
303.70000000000005,1.517271496062992,0.0
303.80000000000007,1.517271496062992,0.0
303.90000000000003,1.517271496062992,0.0
304.00000000000006,1.517271496062992,0.0
304.1,1.517271496062992,0.0
304.20000000000005,1.517271496062992,0.0
304.3,1.517271496062992,0.0
304.40000000000003,1.517271496062992,0.0
304.50000000000006,1.517271496062992,0.0
304.6,1.517271496062992,0.0
304.70000000000005,1.517271496062992,0.0
304.8,1.517271496062992,0.0
304.90000000000003,1.517271496062992,0.0
305.0,1.517271496062992,0.0
305.1,1.517271496062992,0.0
305.20000000000005,1.517271496062992,0.0
305.30000000000007,1.517271496062992,0.0
305.40000000000003,1.517271496062992,0.0
305.5,1.517271496062992,0.0
305.6,1.517271496062992,0.0
305.70000000000005,1.517271496062992,0.0
305.8,1.517271496062992,0.0
305.90000000000003,1.517271496062992,0.0
306.00000000000006,1.517271496062992,0.0
306.1000000000001,1.517271496062992,0.0
306.2,1.517271496062992,0.0
306.3,1.517271496062992,0.0
306.40000000000003,1.517271496062992,0.0
306.50000000000006,1.517271496062992,0.0
306.6,1.517271496062992,0.0
306.70000000000005,1.517271496062992,0.0
306.80000000000007,1.517271496062992,0.0
306.90000000000003,1.517271496062992,0.0
307.0,1.517271496062992,0.0
307.1,1.517271496062992,0.0
307.20000000000005,1.517271496062992,0.0
307.3,1.517271496062992,0.0
307.40000000000003,1.517271496062992,0.0
307.50000000000006,1.517271496062992,0.0
307.6,1.517271496062992,0.0
307.7,1.517271496062992,0.0
307.8,1.517271496062992,0.0
307.90000000000003,1.517271496062992,0.0
308.00000000000006,1.517271496062992,0.0
308.1,1.517271496062992,0.0
308.20000000000005,1.517271496062992,0.0
308.3,1.517271496062992,0.0
308.40000000000003,1.517271496062992,0.0
308.5,1.517271496062992,0.0
308.6,1.517271496062992,0.0
308.70000000000005,1.517271496062992,0.0
308.80000000000007,1.517271496062992,0.0
308.90000000000003,1.517271496062992,0.0
309.0,1.517271496062992,0.0
309.1,1.517271496062992,0.0
309.20000000000005,1.517271496062992,0.0
309.3,1.517271496062992,0.0
309.40000000000003,1.517271496062992,0.0
309.50000000000006,1.517271496062992,0.0
309.6000000000001,1.517271496062992,0.0
309.7,1.517271496062992,0.0
309.8,1.517271496062992,0.0
309.90000000000003,1.517271496062992,0.0
310.00000000000006,1.517271496062992,0.0
310.1,1.517271496062992,0.0
310.20000000000005,1.517271496062992,0.0
310.30000000000007,1.517271496062992,0.0
310.40000000000003,1.517271496062992,0.0
310.5,1.517271496062992,0.0
310.6,1.517271496062992,0.0
310.70000000000005,1.517271496062992,0.0
310.8,1.517271496062992,0.0
310.90000000000003,1.517271496062992,0.0
311.00000000000006,1.517271496062992,0.0
311.1,1.517271496062992,0.0
311.2,1.517271496062992,0.0
311.3,1.517271496062992,0.0
311.40000000000003,1.517271496062992,0.0
311.50000000000006,1.517271496062992,0.0
311.6,1.517271496062992,0.0
311.70000000000005,1.517271496062992,0.0
311.8,1.517271496062992,0.0
311.90000000000003,1.6341080098560954,-0.06291196896551723
312.0,1.6341080098560954,-0.06291196896551723
312.1,1.6341080098560954,-0.06291196896551723
312.20000000000005,1.6341080098560954,-0.06291196896551723
312.30000000000007,1.6341080098560954,-0.06291196896551723
312.40000000000003,1.6341080098560954,-0.06291196896551723
312.5,1.6341080098560954,-0.06291196896551723
312.6,1.6341080098560954,-0.06291196896551723
312.70000000000005,1.6341080098560954,-0.06291196896551723
312.8,1.6341080098560954,-0.06291196896551723
312.90000000000003,1.6341080098560954,-0.06291196896551723
313.00000000000006,1.6341080098560954,-0.06291196896551723
313.1,1.6341080098560954,-0.06291196896551723
313.20000000000005,1.6341080098560954,-0.06291196896551723
313.3,1.6341080098560954,-0.06291196896551723
313.40000000000003,1.6341080098560954,-0.06291196896551723
313.5,1.6341080098560954,-0.06291196896551723
313.6,1.6341080098560954,-0.06291196896551723
313.70000000000005,1.6341080098560954,-0.06291196896551723
313.80000000000007,1.517271496062992,0.0
313.90000000000003,1.517271496062992,0.0
314.0,1.517271496062992,0.0
314.1,1.517271496062992,0.0
314.20000000000005,1.517271496062992,0.0
314.3,1.517271496062992,0.0
314.40000000000003,1.517271496062992,0.0
314.50000000000006,1.517271496062992,0.0
314.6000000000001,1.517271496062992,0.0
314.7,1.517271496062992,0.0
314.8,1.517271496062992,0.0
314.90000000000003,1.517271496062992,0.0
315.00000000000006,1.517271496062992,0.0
315.1,1.517271496062992,0.0
315.20000000000005,1.517271496062992,0.0
315.30000000000007,1.517271496062992,0.0
315.40000000000003,1.517271496062992,0.0
315.5,1.517271496062992,0.0
315.6,1.517271496062992,0.0
315.70000000000005,1.517271496062992,0.0
315.80000000000007,1.517271496062992,0.0
315.90000000000003,1.517271496062992,0.0
316.00000000000006,1.517271496062992,0.0
316.1,1.517271496062992,0.0
316.20000000000005,1.517271496062992,0.0
316.3,1.517271496062992,0.0
316.40000000000003,1.517271496062992,0.0
316.50000000000006,1.517271496062992,0.0
316.6,1.517271496062992,0.0
316.70000000000005,1.517271496062992,0.0
316.8,1.517271496062992,0.0
316.90000000000003,1.517271496062992,0.0
317.0,1.517271496062992,0.0
317.1,1.517271496062992,0.0
317.20000000000005,1.517271496062992,0.0
317.30000000000007,1.517271496062992,0.0
317.40000000000003,1.517271496062992,0.0
317.5,1.517271496062992,0.0
317.6,1.517271496062992,0.0
317.70000000000005,1.517271496062992,0.0
317.8,1.517271496062992,0.0
317.90000000000003,1.517271496062992,0.0
318.00000000000006,1.517271496062992,0.0
318.1000000000001,1.517271496062992,0.0
318.2,1.517271496062992,0.0
318.3,1.517271496062992,0.0
318.40000000000003,1.517271496062992,0.0
318.50000000000006,1.517271496062992,0.0
318.6,1.517271496062992,0.0
318.70000000000005,1.517271496062992,0.0
318.80000000000007,1.517271496062992,0.0
318.90000000000003,1.517271496062992,0.0
319.0,1.517271496062992,0.0
319.1,1.517271496062992,0.0
319.20000000000005,1.517271496062992,0.0
319.30000000000007,1.517271496062992,0.0
319.40000000000003,1.517271496062992,0.0
319.50000000000006,1.517271496062992,0.0
319.6,1.517271496062992,0.0
319.70000000000005,1.517271496062992,0.0
319.8,1.517271496062992,0.0
319.90000000000003,1.517271496062992,0.0
320.00000000000006,1.517271496062992,0.0
320.1,1.517271496062992,0.0
320.20000000000005,1.517271496062992,0.0
320.3,1.517271496062992,0.0
320.40000000000003,1.517271496062992,0.0
320.5,1.517271496062992,0.0
320.6,1.517271496062992,0.0
320.70000000000005,1.517271496062992,0.0
320.80000000000007,1.517271496062992,0.0
320.90000000000003,1.517271496062992,0.0
321.0,1.517271496062992,0.0
321.1,1.517271496062992,0.0
321.20000000000005,1.517271496062992,0.0
321.3,1.517271496062992,0.0
321.40000000000003,1.517271496062992,0.0
321.50000000000006,1.517271496062992,0.0
321.6000000000001,1.517271496062992,0.0
321.7,1.517271496062992,0.0
321.8,1.517271496062992,0.0
321.90000000000003,1.517271496062992,0.0
322.00000000000006,1.517271496062992,0.0
322.1,1.517271496062992,0.0
322.20000000000005,1.517271496062992,0.0
322.30000000000007,1.517271496062992,0.0
322.40000000000003,1.517271496062992,0.0
322.5,1.517271496062992,0.0
322.6,1.517271496062992,0.0
322.70000000000005,1.517271496062992,0.0
322.8,1.517271496062992,0.0
322.90000000000003,1.517271496062992,0.0
323.00000000000006,1.517271496062992,0.0
323.1,1.517271496062992,0.0
323.2,1.517271496062992,0.0
323.3,1.517271496062992,0.0
323.40000000000003,1.517271496062992,0.0
323.50000000000006,1.517271496062992,0.0
323.6,1.517271496062992,0.0
323.70000000000005,1.517271496062992,0.0
323.8,1.517271496062992,0.0
323.90000000000003,1.517271496062992,0.0
324.0,1.517271496062992,0.0
324.1,1.517271496062992,0.0
324.20000000000005,1.517271496062992,0.0
324.30000000000007,1.517271496062992,0.0
324.40000000000003,1.517271496062992,0.0
324.50000000000006,1.517271496062992,0.0
324.6,1.517271496062992,0.0
324.70000000000005,1.517271496062992,0.0
324.8,1.517271496062992,0.0
324.90000000000003,1.517271496062992,0.0
325.00000000000006,1.517271496062992,0.0
325.1000000000001,1.517271496062992,0.0
325.20000000000005,1.517271496062992,0.0
325.3,1.517271496062992,0.0
325.40000000000003,1.517271496062992,0.0
325.50000000000006,1.517271496062992,0.0
325.6,1.517271496062992,0.0
325.70000000000005,1.6341080098560954,-0.06291196896551723
325.80000000000007,1.6341080098560954,-0.06291196896551723
325.90000000000003,1.6341080098560954,-0.06291196896551723
326.0,1.6341080098560954,-0.06291196896551723
326.1,1.6341080098560954,-0.06291196896551723
326.20000000000005,1.6341080098560954,-0.06291196896551723
326.3,1.6341080098560954,-0.06291196896551723
326.40000000000003,1.6341080098560954,-0.06291196896551723
326.50000000000006,1.6341080098560954,-0.06291196896551723
326.6000000000001,1.6341080098560954,-0.06291196896551723
326.7,1.6341080098560954,-0.06291196896551723
326.8,1.6341080098560954,-0.06291196896551723
326.90000000000003,1.6341080098560954,-0.06291196896551723
327.00000000000006,1.6341080098560954,-0.06291196896551723
327.1,1.6341080098560954,-0.06291196896551723
327.20000000000005,1.6341080098560954,-0.06291196896551723
327.30000000000007,1.6341080098560954,-0.06291196896551723
327.40000000000003,1.6341080098560954,-0.06291196896551723
327.5,1.6341080098560954,-0.06291196896551723
327.6,1.6341080098560954,-0.06291196896551723
327.70000000000005,1.6341080098560954,-0.06291196896551723
327.80000000000007,1.6341080098560954,-0.06291196896551723
327.90000000000003,1.6341080098560954,-0.06291196896551723
328.00000000000006,1.6341080098560954,-0.06291196896551723
328.1,1.6341080098560954,-0.06291196896551723
328.20000000000005,1.6341080098560954,-0.06291196896551723
328.3,1.6341080098560954,-0.06291196896551723
328.40000000000003,1.6341080098560954,-0.06291196896551723
328.50000000000006,1.6341080098560954,-0.06291196896551723
328.6,1.6341080098560954,-0.06291196896551723
328.70000000000005,1.6341080098560954,-0.06291196896551723
328.8,1.6341080098560954,-0.06291196896551723
328.90000000000003,1.6341080098560954,-0.06291196896551723
329.0,1.6341080098560954,-0.06291196896551723
329.1,1.6341080098560954,-0.06291196896551723
329.20000000000005,1.6341080098560954,-0.06291196896551723
329.30000000000007,1.6341080098560954,-0.06291196896551723
329.40000000000003,1.6341080098560954,-0.06291196896551723
329.5,1.6341080098560954,-0.06291196896551723
329.6,1.6341080098560954,-0.06291196896551723
329.70000000000005,1.6341080098560954,-0.06291196896551723
329.8,1.6341080098560954,-0.06291196896551723
329.90000000000003,1.6341080098560954,-0.06291196896551723
330.00000000000006,1.6341080098560954,-0.06291196896551723
330.1000000000001,1.6341080098560954,-0.06291196896551723
330.2,1.6341080098560954,-0.06291196896551723
330.3,1.6341080098560954,-0.06291196896551723
330.40000000000003,1.6341080098560954,-0.06291196896551723
330.50000000000006,1.6341080098560954,-0.06291196896551723
330.6,1.6341080098560954,-0.06291196896551723
330.70000000000005,1.6341080098560954,-0.06291196896551723
330.80000000000007,1.6341080098560954,-0.06291196896551723
330.90000000000003,1.6341080098560954,-0.06291196896551723
331.0,1.6341080098560954,-0.06291196896551723
331.1,1.6341080098560954,-0.06291196896551723
331.20000000000005,1.6341080098560954,-0.06291196896551723
331.30000000000007,1.6341080098560954,-0.06291196896551723
331.40000000000003,1.6341080098560954,-0.06291196896551723
331.50000000000006,1.6341080098560954,-0.06291196896551723
331.6,1.6341080098560954,-0.06291196896551723
331.70000000000005,1.6341080098560954,-0.06291196896551723
331.8,1.6341080098560954,-0.06291196896551723
331.90000000000003,1.6341080098560954,-0.06291196896551723
332.00000000000006,1.6341080098560954,-0.06291196896551723
332.1,1.6341080098560954,-0.06291196896551723
332.20000000000005,1.6341080098560954,-0.06291196896551723
332.3,1.6341080098560954,-0.06291196896551723
332.40000000000003,1.6341080098560954,-0.06291196896551723
332.5,1.6341080098560954,-0.06291196896551723
332.6,1.6341080098560954,-0.06291196896551723
332.70000000000005,1.6341080098560954,-0.06291196896551723
332.80000000000007,1.6341080098560954,-0.06291196896551723
332.90000000000003,1.6341080098560954,-0.06291196896551723
333.0,1.6341080098560954,-0.06291196896551723
333.1,1.6341080098560954,-0.06291196896551723
333.20000000000005,1.6341080098560954,-0.06291196896551723
333.3,1.6341080098560954,-0.06291196896551723
333.40000000000003,1.6341080098560954,-0.06291196896551723
333.50000000000006,1.6341080098560954,-0.06291196896551723
333.6000000000001,1.6341080098560954,-0.06291196896551723
333.7,1.6341080098560954,-0.06291196896551723
333.8,1.6341080098560954,-0.06291196896551723
333.90000000000003,1.6341080098560954,-0.06291196896551723
334.00000000000006,1.6341080098560954,-0.06291196896551723
334.1,1.6341080098560954,-0.06291196896551723
334.20000000000005,1.6341080098560954,-0.06291196896551723
334.30000000000007,1.6341080098560954,-0.06291196896551723
334.40000000000003,1.6341080098560954,-0.06291196896551723
334.5,1.6341080098560954,-0.06291196896551723
334.6,1.6341080098560954,-0.06291196896551723
334.70000000000005,1.6341080098560954,-0.06291196896551723
334.8,1.6341080098560954,-0.06291196896551723
334.90000000000003,1.6341080098560954,-0.06291196896551723
335.00000000000006,1.6341080098560954,-0.06291196896551723
335.1,1.6341080098560954,-0.06291196896551723
335.2,1.6341080098560954,-0.06291196896551723
335.3,1.6341080098560954,-0.06291196896551723
335.40000000000003,1.6341080098560954,-0.06291196896551723
335.50000000000006,1.6341080098560954,-0.06291196896551723
335.6,1.6341080098560954,-0.06291196896551723
335.70000000000005,1.6341080098560954,-0.06291196896551723
335.80000000000007,1.6341080098560954,-0.06291196896551723
335.90000000000003,1.6341080098560954,-0.06291196896551723
336.0,1.6341080098560954,-0.06291196896551723
336.1,1.6341080098560954,-0.06291196896551723
336.20000000000005,1.6341080098560954,-0.06291196896551723
336.30000000000007,1.6341080098560954,-0.06291196896551723
336.40000000000003,1.6341080098560954,-0.06291196896551723
336.50000000000006,1.6341080098560954,-0.06291196896551723
336.6,1.6341080098560954,-0.06291196896551723
336.70000000000005,1.6341080098560954,-0.06291196896551723
336.8,1.6341080098560954,-0.06291196896551723
336.90000000000003,1.6341080098560954,-0.06291196896551723
337.00000000000006,1.6341080098560954,-0.06291196896551723
337.1000000000001,1.6341080098560954,-0.06291196896551723
337.20000000000005,1.6341080098560954,-0.06291196896551723
337.3,1.6341080098560954,-0.06291196896551723
337.40000000000003,1.6341080098560954,-0.06291196896551723
337.50000000000006,1.6341080098560954,-0.06291196896551723
337.6,1.6341080098560954,-0.06291196896551723
337.70000000000005,1.6341080098560954,-0.06291196896551723
337.80000000000007,1.6341080098560954,-0.06291196896551723
337.90000000000003,1.6341080098560954,-0.06291196896551723
338.0,1.6341080098560954,-0.06291196896551723
338.1,1.6341080098560954,-0.06291196896551723
338.20000000000005,1.6341080098560954,-0.06291196896551723
338.3,1.6341080098560954,-0.06291196896551723
338.40000000000003,1.6341080098560954,-0.06291196896551723
338.50000000000006,1.6341080098560954,-0.06291196896551723
338.6000000000001,1.6341080098560954,-0.06291196896551723
338.7,1.6341080098560954,-0.06291196896551723
338.8,1.6341080098560954,-0.06291196896551723
338.90000000000003,1.6341080098560954,-0.06291196896551723
339.00000000000006,1.6341080098560954,-0.06291196896551723
339.1,1.6341080098560954,-0.06291196896551723
339.20000000000005,1.6341080098560954,-0.06291196896551723
339.30000000000007,1.6341080098560954,-0.06291196896551723
339.40000000000003,1.6341080098560954,-0.06291196896551723
339.5,1.6341080098560954,-0.06291196896551723
339.6,1.6341080098560954,-0.06291196896551723
339.70000000000005,1.6341080098560954,-0.06291196896551723
339.80000000000007,1.6341080098560954,-0.06291196896551723
339.90000000000003,1.6341080098560954,-0.06291196896551723
340.00000000000006,1.6341080098560954,-0.06291196896551723
340.1,1.6341080098560954,-0.06291196896551723
340.20000000000005,1.6341080098560954,-0.06291196896551723
340.3,1.6341080098560954,-0.06291196896551723
340.40000000000003,1.6341080098560954,-0.06291196896551723
340.50000000000006,1.6341080098560954,-0.06291196896551723
340.6,1.6341080098560954,-0.06291196896551723
340.70000000000005,1.6341080098560954,-0.06291196896551723
340.8,1.6341080098560954,-0.06291196896551723
340.90000000000003,1.6341080098560954,-0.06291196896551723
341.0,1.6341080098560954,-0.06291196896551723
341.1,1.6341080098560954,-0.06291196896551723
341.20000000000005,1.6341080098560954,-0.06291196896551723
341.30000000000007,1.6341080098560954,-0.06291196896551723
341.40000000000003,1.6341080098560954,-0.06291196896551723
341.5,1.6341080098560954,-0.06291196896551723
341.6,1.6341080098560954,-0.06291196896551723
341.70000000000005,1.6341080098560954,-0.06291196896551723
341.8,1.6341080098560954,-0.06291196896551723
341.90000000000003,1.6341080098560954,-0.06291196896551723
342.00000000000006,1.6341080098560954,-0.06291196896551723
342.1000000000001,1.6341080098560954,-0.06291196896551723
342.2,1.6341080098560954,-0.06291196896551723
342.3,1.6341080098560954,-0.06291196896551723
342.40000000000003,1.6341080098560954,-0.06291196896551723
342.50000000000006,1.6341080098560954,-0.06291196896551723
342.6,1.6341080098560954,-0.06291196896551723
342.70000000000005,1.6341080098560954,-0.06291196896551723
342.80000000000007,1.6341080098560954,-0.06291196896551723
342.90000000000003,1.6341080098560954,-0.06291196896551723
343.0,1.6341080098560954,-0.06291196896551723
343.1,1.6341080098560954,-0.06291196896551723
343.20000000000005,1.6341080098560954,-0.06291196896551723
343.30000000000007,1.6341080098560954,-0.06291196896551723
343.40000000000003,1.6341080098560954,-0.06291196896551723
343.50000000000006,1.6341080098560954,-0.06291196896551723
343.6,1.6341080098560954,-0.06291196896551723
343.70000000000005,1.6341080098560954,-0.06291196896551723
343.8,1.6341080098560954,-0.06291196896551723
343.90000000000003,1.6341080098560954,-0.06291196896551723
344.00000000000006,1.6341080098560954,-0.06291196896551723
344.1,1.6341080098560954,-0.06291196896551723
344.20000000000005,1.6341080098560954,-0.06291196896551723
344.3,1.6341080098560954,-0.06291196896551723
344.40000000000003,1.6341080098560954,-0.06291196896551723
344.5,1.6341080098560954,-0.06291196896551723
344.6,1.6341080098560954,-0.06291196896551723
344.70000000000005,1.6341080098560954,-0.06291196896551723
344.80000000000007,1.6341080098560954,-0.06291196896551723
344.90000000000003,1.6341080098560954,-0.06291196896551723
345.0,1.6341080098560954,-0.06291196896551723
345.1,1.6341080098560954,-0.06291196896551723
345.20000000000005,1.6341080098560954,-0.06291196896551723
345.3,1.6341080098560954,-0.06291196896551723
345.40000000000003,1.6341080098560954,-0.06291196896551723
345.50000000000006,1.6341080098560954,-0.06291196896551723
345.6000000000001,1.6341080098560954,-0.06291196896551723
345.7,1.6341080098560954,-0.06291196896551723
345.8,1.6341080098560954,-0.06291196896551723
345.90000000000003,1.6341080098560954,-0.06291196896551723
346.00000000000006,1.6341080098560954,-0.06291196896551723
346.1,1.6341080098560954,-0.06291196896551723
346.20000000000005,1.6341080098560954,-0.06291196896551723
346.30000000000007,1.6341080098560954,-0.06291196896551723
346.40000000000003,1.6341080098560954,-0.06291196896551723
346.5,1.6341080098560954,-0.06291196896551723
346.6,1.6341080098560954,-0.06291196896551723
346.70000000000005,1.6341080098560954,-0.06291196896551723
346.8,1.6341080098560954,-0.06291196896551723
346.90000000000003,1.6341080098560954,-0.06291196896551723
347.00000000000006,1.6341080098560954,-0.06291196896551723
347.1000000000001,1.6341080098560954,-0.06291196896551723
347.2,1.6341080098560954,-0.06291196896551723
347.3,1.6341080098560954,-0.06291196896551723
347.40000000000003,1.6341080098560954,-0.06291196896551723
347.50000000000006,1.6341080098560954,-0.06291196896551723
347.6,1.6341080098560954,-0.06291196896551723
347.70000000000005,1.6341080098560954,-0.06291196896551723
347.80000000000007,1.6341080098560954,-0.06291196896551723
347.90000000000003,1.6341080098560954,-0.06291196896551723
348.0,1.6341080098560954,-0.06291196896551723
348.1,1.6341080098560954,-0.06291196896551723
348.20000000000005,1.6341080098560954,-0.06291196896551723
348.30000000000007,1.6341080098560954,-0.06291196896551723
348.40000000000003,1.6341080098560954,-0.06291196896551723
348.50000000000006,1.6341080098560954,-0.06291196896551723
348.6,1.6341080098560954,-0.06291196896551723
348.70000000000005,1.6341080098560954,-0.06291196896551723
348.8,1.6341080098560954,-0.06291196896551723
348.90000000000003,1.6341080098560954,-0.06291196896551723
349.00000000000006,1.6341080098560954,-0.06291196896551723
349.1000000000001,1.6341080098560954,-0.06291196896551723
349.20000000000005,1.6341080098560954,-0.06291196896551723
349.3,1.6341080098560954,-0.06291196896551723
349.40000000000003,1.6341080098560954,-0.06291196896551723
349.50000000000006,1.6341080098560954,-0.06291196896551723
349.6,1.6341080098560954,-0.06291196896551723
349.70000000000005,1.6341080098560954,-0.06291196896551723
349.80000000000007,1.6341080098560954,-0.06291196896551723
349.90000000000003,1.6341080098560954,-0.06291196896551723
350.0,1.6341080098560954,-0.06291196896551723
350.1,1.6341080098560954,-0.06291196896551723
350.20000000000005,1.6341080098560954,-0.06291196896551723
350.3,1.6341080098560954,-0.06291196896551723
350.40000000000003,1.6341080098560954,-0.06291196896551723
350.50000000000006,1.6341080098560954,-0.06291196896551723
350.6000000000001,1.6341080098560954,-0.06291196896551723
350.7,1.6341080098560954,-0.06291196896551723
350.8,1.6341080098560954,-0.06291196896551723
350.90000000000003,1.6341080098560954,-0.06291196896551723
351.00000000000006,1.6341080098560954,-0.06291196896551723
351.1,1.6341080098560954,-0.06291196896551723
351.20000000000005,1.6341080098560954,-0.06291196896551723
351.30000000000007,1.6341080098560954,-0.06291196896551723
351.40000000000003,1.6341080098560954,-0.06291196896551723
351.5,1.6341080098560954,-0.06291196896551723
351.6,1.6341080098560954,-0.06291196896551723
351.70000000000005,1.6341080098560954,-0.06291196896551723
351.80000000000007,1.6341080098560954,-0.06291196896551723
351.90000000000003,1.6341080098560954,-0.06291196896551723
352.00000000000006,1.6341080098560954,-0.06291196896551723
352.1,1.6341080098560954,-0.06291196896551723
352.20000000000005,1.6341080098560954,-0.06291196896551723
352.3,1.6341080098560954,-0.06291196896551723
352.40000000000003,1.6341080098560954,-0.06291196896551723
352.50000000000006,1.6341080098560954,-0.06291196896551723
352.6000000000001,1.6341080098560954,-0.06291196896551723
352.70000000000005,1.6341080098560954,-0.06291196896551723
352.8,1.6341080098560954,-0.06291196896551723
352.90000000000003,1.6341080098560954,-0.06291196896551723
353.00000000000006,1.6341080098560954,-0.06291196896551723
353.1,1.6341080098560954,-0.06291196896551723
353.20000000000005,1.6341080098560954,-0.06291196896551723
353.30000000000007,1.6341080098560954,-0.06291196896551723
353.40000000000003,1.6341080098560954,-0.06291196896551723
353.5,1.6341080098560954,-0.06291196896551723
353.6,1.6341080098560954,-0.06291196896551723
353.70000000000005,1.6341080098560954,-0.06291196896551723
353.8,1.6341080098560954,-0.06291196896551723
353.90000000000003,1.6341080098560954,-0.06291196896551723
354.00000000000006,1.6341080098560954,-0.06291196896551723
354.1000000000001,1.6341080098560954,-0.06291196896551723
354.2,1.6341080098560954,-0.06291196896551723
354.3,1.6341080098560954,-0.06291196896551723
354.40000000000003,1.6341080098560954,-0.06291196896551723
354.50000000000006,1.6341080098560954,-0.06291196896551723
354.6,1.6341080098560954,-0.06291196896551723
354.70000000000005,1.6341080098560954,-0.06291196896551723
354.80000000000007,1.6341080098560954,-0.06291196896551723
354.90000000000003,1.6341080098560954,-0.06291196896551723
355.0,1.6341080098560954,-0.06291196896551723
355.1,1.6341080098560954,-0.06291196896551723
355.20000000000005,1.6341080098560954,-0.06291196896551723
355.30000000000007,1.6341080098560954,-0.06291196896551723
355.40000000000003,1.6341080098560954,-0.06291196896551723
355.50000000000006,1.6341080098560954,-0.06291196896551723
355.6,1.6341080098560954,-0.06291196896551723
355.70000000000005,1.6341080098560954,-0.06291196896551723
355.8,1.6341080098560954,-0.06291196896551723
355.90000000000003,1.6341080098560954,-0.06291196896551723
356.00000000000006,1.6341080098560954,-0.06291196896551723
356.1,1.6341080098560954,-0.06291196896551723
356.20000000000005,1.6341080098560954,-0.06291196896551723
356.3,1.6341080098560954,-0.06291196896551723
356.40000000000003,1.6341080098560954,-0.06291196896551723
356.5,1.6341080098560954,-0.06291196896551723
356.6,1.6341080098560954,-0.06291196896551723
356.70000000000005,1.6341080098560954,-0.06291196896551723
356.80000000000007,1.6341080098560954,-0.06291196896551723
356.90000000000003,1.6341080098560954,-0.06291196896551723
357.0,1.6341080098560954,-0.06291196896551723
357.1,1.6341080098560954,-0.06291196896551723
357.20000000000005,1.6341080098560954,-0.06291196896551723
357.3,1.6341080098560954,-0.06291196896551723
357.40000000000003,1.6341080098560954,-0.06291196896551723
357.50000000000006,1.6341080098560954,-0.06291196896551723
357.6000000000001,1.6341080098560954,-0.06291196896551723
357.7,1.6341080098560954,-0.06291196896551723
357.8,1.6341080098560954,-0.06291196896551723
357.90000000000003,1.6341080098560954,-0.06291196896551723
358.00000000000006,1.6341080098560954,-0.06291196896551723
358.1,1.6341080098560954,-0.06291196896551723
358.20000000000005,1.6341080098560954,-0.06291196896551723
358.30000000000007,1.6341080098560954,-0.06291196896551723
358.40000000000003,1.6341080098560954,-0.06291196896551723
358.5,1.6341080098560954,-0.06291196896551723
358.6,1.6341080098560954,-0.06291196896551723
358.70000000000005,1.6341080098560954,-0.06291196896551723
358.80000000000007,1.6341080098560954,-0.06291196896551723
358.90000000000003,1.6341080098560954,-0.06291196896551723
359.00000000000006,1.6341080098560954,-0.06291196896551723
359.1000000000001,1.6341080098560954,-0.06291196896551723
359.20000000000005,1.6341080098560954,-0.06291196896551723
359.3,1.6341080098560954,-0.06291196896551723
359.40000000000003,1.6341080098560954,-0.06291196896551723
359.50000000000006,1.6341080098560954,-0.06291196896551723
359.6,1.6341080098560954,-0.06291196896551723
359.70000000000005,1.6341080098560954,-0.06291196896551723
359.80000000000007,1.6341080098560954,-0.06291196896551723
359.90000000000003,1.6341080098560954,-0.06291196896551723
360.0,1.6341080098560954,-0.06291196896551723
360.1,1.6341080098560954,-0.06291196896551723
360.20000000000005,1.6341080098560954,-0.06291196896551723
360.30000000000007,1.6341080098560954,-0.06291196896551723
360.40000000000003,1.6341080098560954,-0.06291196896551723
360.50000000000006,1.6341080098560954,-0.06291196896551723
360.6,1.6341080098560954,-0.06291196896551723
360.70000000000005,1.6341080098560954,-0.06291196896551723
360.8,1.6341080098560954,-0.06291196896551723
360.90000000000003,1.6341080098560954,-0.06291196896551723
361.00000000000006,1.6341080098560954,-0.06291196896551723
361.1000000000001,1.6341080098560954,-0.06291196896551723
361.20000000000005,1.6341080098560954,-0.06291196896551723
361.3,1.6341080098560954,-0.06291196896551723
361.40000000000003,1.6341080098560954,-0.06291196896551723
361.50000000000006,1.6341080098560954,-0.06291196896551723
361.6,1.6341080098560954,-0.06291196896551723
361.70000000000005,1.6341080098560954,-0.06291196896551723
361.80000000000007,1.6341080098560954,-0.06291196896551723
361.90000000000003,1.6341080098560954,-0.06291196896551723
362.0,1.6341080098560954,-0.06291196896551723
362.1,1.6341080098560954,-0.06291196896551723
362.20000000000005,1.6341080098560954,-0.06291196896551723
362.3,1.6341080098560954,-0.06291196896551723
362.40000000000003,1.6341080098560954,-0.06291196896551723
362.50000000000006,1.6341080098560954,-0.06291196896551723
362.6000000000001,1.6341080098560954,-0.06291196896551723
362.7,1.6341080098560954,-0.06291196896551723
362.8,1.6341080098560954,-0.06291196896551723
362.90000000000003,1.6341080098560954,-0.06291196896551723
363.00000000000006,1.6341080098560954,-0.06291196896551723
363.1,1.6341080098560954,-0.06291196896551723
363.20000000000005,1.6341080098560954,-0.06291196896551723
363.30000000000007,1.6341080098560954,-0.06291196896551723
363.40000000000003,1.6341080098560954,-0.06291196896551723
363.5,1.6341080098560954,-0.06291196896551723
363.6,1.6341080098560954,-0.06291196896551723
363.70000000000005,1.6341080098560954,-0.06291196896551723
363.80000000000007,1.6341080098560954,-0.06291196896551723
363.90000000000003,1.6341080098560954,-0.06291196896551723
364.00000000000006,1.6341080098560954,-0.06291196896551723
364.1,1.6341080098560954,-0.06291196896551723
364.20000000000005,1.6341080098560954,-0.06291196896551723
364.3,1.6341080098560954,-0.06291196896551723
364.40000000000003,1.6341080098560954,-0.06291196896551723
364.50000000000006,1.6341080098560954,-0.06291196896551723
364.6000000000001,1.6341080098560954,-0.06291196896551723
364.70000000000005,1.6341080098560954,-0.06291196896551723
364.8,1.6341080098560954,-0.06291196896551723
364.90000000000003,1.6341080098560954,-0.06291196896551723
365.00000000000006,1.6341080098560954,-0.06291196896551723
365.1,1.6341080098560954,-0.06291196896551723
365.20000000000005,1.6341080098560954,-0.06291196896551723
365.30000000000007,1.6341080098560954,-0.06291196896551723
365.40000000000003,1.6341080098560954,-0.06291196896551723
365.5,1.6341080098560954,-0.06291196896551723
365.6,1.6341080098560954,-0.06291196896551723
365.70000000000005,1.6341080098560954,-0.06291196896551723
365.8,1.6341080098560954,-0.06291196896551723
365.90000000000003,1.6341080098560954,-0.06291196896551723
366.00000000000006,1.6341080098560954,-0.06291196896551723
366.1000000000001,1.6341080098560954,-0.06291196896551723
366.2,1.6341080098560954,-0.06291196896551723
366.3,1.6341080098560954,-0.06291196896551723
366.40000000000003,1.6341080098560954,-0.06291196896551723
366.50000000000006,1.6341080098560954,-0.06291196896551723
366.6,1.6341080098560954,-0.06291196896551723
366.70000000000005,1.6341080098560954,-0.06291196896551723
366.80000000000007,1.6341080098560954,-0.06291196896551723
366.90000000000003,1.6341080098560954,-0.06291196896551723
367.0,1.6341080098560954,-0.06291196896551723
367.1,1.6341080098560954,-0.06291196896551723
367.20000000000005,1.6341080098560954,-0.06291196896551723
367.30000000000007,1.6341080098560954,-0.06291196896551723
367.40000000000003,1.6341080098560954,-0.06291196896551723
367.50000000000006,1.6341080098560954,-0.06291196896551723
367.6,1.6341080098560954,-0.06291196896551723
367.70000000000005,1.6341080098560954,-0.06291196896551723
367.8,1.6341080098560954,-0.06291196896551723
367.90000000000003,1.6341080098560954,-0.06291196896551723
368.00000000000006,1.6341080098560954,-0.06291196896551723
368.1,1.6341080098560954,-0.06291196896551723
368.20000000000005,1.6341080098560954,-0.06291196896551723
368.3,1.6341080098560954,-0.06291196896551723
368.40000000000003,1.6341080098560954,-0.06291196896551723
368.5,1.6341080098560954,-0.06291196896551723
368.6,1.6341080098560954,-0.06291196896551723
368.70000000000005,1.6341080098560954,-0.06291196896551723
368.80000000000007,1.6341080098560954,-0.06291196896551723
368.90000000000003,1.6341080098560954,-0.06291196896551723
369.0,1.6341080098560954,-0.06291196896551723
369.1,1.6341080098560954,-0.06291196896551723
369.20000000000005,1.6341080098560954,-0.06291196896551723
369.3,1.6341080098560954,-0.06291196896551723
369.40000000000003,1.6341080098560954,-0.06291196896551723
369.50000000000006,1.6341080098560954,-0.06291196896551723
369.6000000000001,1.6341080098560954,-0.06291196896551723
369.7,1.6341080098560954,-0.06291196896551723
369.8,1.6341080098560954,-0.06291196896551723
369.90000000000003,1.6341080098560954,-0.06291196896551723
370.00000000000006,1.6341080098560954,-0.06291196896551723
370.1,1.6341080098560954,-0.06291196896551723
370.20000000000005,1.6341080098560954,-0.06291196896551723
370.30000000000007,1.6341080098560954,-0.06291196896551723
370.4000000000001,1.6341080098560954,-0.06291196896551723
370.5,1.6341080098560954,-0.06291196896551723
370.6,1.6341080098560954,-0.06291196896551723
370.70000000000005,1.6341080098560954,-0.06291196896551723
370.80000000000007,1.6341080098560954,-0.06291196896551723
370.90000000000003,1.6341080098560954,-0.06291196896551723
371.00000000000006,1.6341080098560954,-0.06291196896551723
371.1000000000001,1.6341080098560954,-0.06291196896551723
371.20000000000005,1.6341080098560954,-0.06291196896551723
371.3,1.6341080098560954,-0.06291196896551723
371.40000000000003,1.6341080098560954,-0.06291196896551723
371.50000000000006,1.6341080098560954,-0.06291196896551723
371.6,1.6341080098560954,-0.06291196896551723
371.70000000000005,1.6341080098560954,-0.06291196896551723
371.80000000000007,1.6341080098560954,-0.06291196896551723
371.90000000000003,1.6341080098560954,-0.06291196896551723
372.0,1.6341080098560954,-0.06291196896551723
372.1,1.6341080098560954,-0.06291196896551723
372.20000000000005,1.6341080098560954,-0.06291196896551723
372.30000000000007,1.6341080098560954,-0.06291196896551723
372.40000000000003,1.6341080098560954,-0.06291196896551723
372.50000000000006,1.6341080098560954,-0.06291196896551723
372.6,1.6341080098560954,-0.06291196896551723
372.70000000000005,1.6341080098560954,-0.06291196896551723
372.8,1.6341080098560954,-0.06291196896551723
372.90000000000003,1.6341080098560954,-0.06291196896551723
373.00000000000006,1.6341080098560954,-0.06291196896551723
373.1000000000001,1.6341080098560954,-0.06291196896551723
373.20000000000005,1.6341080098560954,-0.06291196896551723
373.3,1.6341080098560954,-0.06291196896551723
373.40000000000003,1.6341080098560954,-0.06291196896551723
373.50000000000006,1.6341080098560954,-0.06291196896551723
373.6,1.6341080098560954,-0.06291196896551723
373.70000000000005,1.6341080098560954,-0.06291196896551723
373.80000000000007,1.6341080098560954,-0.06291196896551723
373.90000000000003,1.6341080098560954,-0.06291196896551723
374.0,1.6341080098560954,-0.06291196896551723
374.1,1.6341080098560954,-0.06291196896551723
374.20000000000005,1.6341080098560954,-0.06291196896551723
374.3,1.6341080098560954,-0.06291196896551723
374.40000000000003,1.6341080098560954,-0.06291196896551723
374.50000000000006,1.6341080098560954,-0.06291196896551723
374.6000000000001,1.6341080098560954,-0.06291196896551723
374.7,1.6341080098560954,-0.06291196896551723
374.8,1.6341080098560954,-0.06291196896551723
374.90000000000003,1.6341080098560954,-0.06291196896551723
375.00000000000006,1.6341080098560954,-0.06291196896551723
375.1,1.6341080098560954,-0.06291196896551723
375.20000000000005,1.6341080098560954,-0.06291196896551723
375.30000000000007,1.6341080098560954,-0.06291196896551723
375.40000000000003,1.6341080098560954,-0.06291196896551723
375.5,1.6341080098560954,-0.06291196896551723
375.6,1.6341080098560954,-0.06291196896551723
375.70000000000005,1.6341080098560954,-0.06291196896551723
375.80000000000007,1.6341080098560954,-0.06291196896551723
375.90000000000003,1.6341080098560954,-0.06291196896551723
376.00000000000006,1.6341080098560954,-0.06291196896551723
376.1,1.6341080098560954,-0.06291196896551723
376.20000000000005,1.6341080098560954,-0.06291196896551723
376.3,1.6341080098560954,-0.06291196896551723
376.40000000000003,1.6341080098560954,-0.06291196896551723
376.50000000000006,1.6341080098560954,-0.06291196896551723
376.6000000000001,1.6341080098560954,-0.06291196896551723
376.70000000000005,1.6341080098560954,-0.06291196896551723
376.8,1.6341080098560954,-0.06291196896551723
376.90000000000003,1.6341080098560954,-0.06291196896551723
377.00000000000006,1.6341080098560954,-0.06291196896551723
377.1,1.6341080098560954,-0.06291196896551723
377.20000000000005,1.6341080098560954,-0.06291196896551723
377.30000000000007,1.6341080098560954,-0.06291196896551723
377.40000000000003,1.6341080098560954,-0.06291196896551723
377.5,1.6341080098560954,-0.06291196896551723
377.6,1.6341080098560954,-0.06291196896551723
377.70000000000005,1.6341080098560954,-0.06291196896551723
377.8,1.6341080098560954,-0.06291196896551723
377.90000000000003,1.6341080098560954,-0.06291196896551723
378.00000000000006,1.6341080098560954,-0.06291196896551723
378.1000000000001,1.6341080098560954,-0.06291196896551723
378.2,1.6341080098560954,-0.06291196896551723
378.3,1.6341080098560954,-0.06291196896551723
378.40000000000003,1.6341080098560954,-0.06291196896551723
378.50000000000006,1.6341080098560954,-0.06291196896551723
378.6,1.6341080098560954,-0.06291196896551723
378.70000000000005,1.6341080098560954,-0.06291196896551723
378.80000000000007,1.6341080098560954,-0.06291196896551723
378.90000000000003,1.6341080098560954,-0.06291196896551723
379.0,1.6341080098560954,-0.06291196896551723
379.1,1.6341080098560954,-0.06291196896551723
379.20000000000005,1.6341080098560954,-0.06291196896551723
379.30000000000007,1.6341080098560954,-0.06291196896551723
379.40000000000003,1.6341080098560954,-0.06291196896551723
379.50000000000006,1.6341080098560954,-0.06291196896551723
379.6,1.6341080098560954,-0.06291196896551723
379.70000000000005,1.6341080098560954,-0.06291196896551723
379.8,1.6341080098560954,-0.06291196896551723
379.90000000000003,1.6341080098560954,-0.06291196896551723
380.00000000000006,1.6341080098560954,-0.06291196896551723
380.1000000000001,1.6341080098560954,-0.06291196896551723
380.20000000000005,1.6341080098560954,-0.06291196896551723
380.3,1.6341080098560954,-0.06291196896551723
380.40000000000003,1.6341080098560954,-0.06291196896551723
380.50000000000006,1.6341080098560954,-0.06291196896551723
380.6,1.6341080098560954,-0.06291196896551723
380.70000000000005,1.6341080098560954,-0.06291196896551723
380.80000000000007,1.6341080098560954,-0.06291196896551723
380.90000000000003,1.6341080098560954,-0.06291196896551723
381.0,1.6341080098560954,-0.06291196896551723
381.1,1.6341080098560954,-0.06291196896551723
381.20000000000005,1.6341080098560954,-0.06291196896551723
381.3,1.6341080098560954,-0.06291196896551723
381.40000000000003,1.6341080098560954,-0.06291196896551723
381.50000000000006,1.6341080098560954,-0.06291196896551723
381.6000000000001,1.6341080098560954,-0.06291196896551723
381.70000000000005,1.6341080098560954,-0.06291196896551723
381.8,1.6341080098560954,-0.06291196896551723
381.90000000000003,1.6341080098560954,-0.06291196896551723
382.00000000000006,1.6341080098560954,-0.06291196896551723
382.1,1.6341080098560954,-0.06291196896551723
382.20000000000005,1.6341080098560954,-0.06291196896551723
382.30000000000007,1.6341080098560954,-0.06291196896551723
382.4000000000001,1.6341080098560954,-0.06291196896551723
382.5,1.6341080098560954,-0.06291196896551723
382.6,1.6341080098560954,-0.06291196896551723
382.70000000000005,1.6341080098560954,-0.06291196896551723
382.80000000000007,1.6341080098560954,-0.06291196896551723
382.90000000000003,1.6341080098560954,-0.06291196896551723
383.00000000000006,1.6341080098560954,-0.06291196896551723
383.1000000000001,1.6341080098560954,-0.06291196896551723
383.20000000000005,1.6341080098560954,-0.06291196896551723
383.3,1.6341080098560954,-0.06291196896551723
383.40000000000003,1.6341080098560954,-0.06291196896551723
383.50000000000006,1.6341080098560954,-0.06291196896551723
383.6,1.6341080098560954,-0.06291196896551723
383.70000000000005,1.6341080098560954,-0.06291196896551723
383.80000000000007,1.6341080098560954,-0.06291196896551723
383.90000000000003,1.6341080098560954,-0.06291196896551723
384.0,1.6341080098560954,-0.06291196896551723
384.1,1.6341080098560954,-0.06291196896551723
384.20000000000005,1.6341080098560954,-0.06291196896551723
384.30000000000007,1.6341080098560954,-0.06291196896551723
384.40000000000003,1.6341080098560954,-0.06291196896551723
384.50000000000006,1.6341080098560954,-0.06291196896551723
384.6,1.6341080098560954,-0.06291196896551723
384.70000000000005,1.6341080098560954,-0.06291196896551723
384.8,1.6341080098560954,-0.06291196896551723
384.90000000000003,1.6341080098560954,-0.06291196896551723
385.00000000000006,1.6341080098560954,-0.06291196896551723
385.1000000000001,1.6341080098560954,-0.06291196896551723
385.20000000000005,1.6341080098560954,-0.06291196896551723
385.3,1.6341080098560954,-0.06291196896551723
385.40000000000003,1.6341080098560954,-0.06291196896551723
385.50000000000006,1.6341080098560954,-0.06291196896551723
385.6,1.6341080098560954,-0.06291196896551723
385.70000000000005,1.6341080098560954,-0.06291196896551723
385.80000000000007,1.6341080098560954,-0.06291196896551723
385.9000000000001,1.6341080098560954,-0.06291196896551723
386.0,1.6341080098560954,-0.06291196896551723
386.1,1.6341080098560954,-0.06291196896551723
386.20000000000005,1.6341080098560954,-0.06291196896551723
386.30000000000007,1.6341080098560954,-0.06291196896551723
386.40000000000003,1.6341080098560954,-0.06291196896551723
386.50000000000006,1.6341080098560954,-0.06291196896551723
386.6000000000001,1.6341080098560954,-0.06291196896551723
386.70000000000005,1.6341080098560954,-0.06291196896551723
386.8,1.6341080098560954,-0.06291196896551723
386.90000000000003,1.6341080098560954,-0.06291196896551723
387.00000000000006,1.6341080098560954,-0.06291196896551723
387.1,1.6341080098560954,-0.06291196896551723
387.20000000000005,1.6341080098560954,-0.06291196896551723
387.30000000000007,1.6341080098560954,-0.06291196896551723
387.40000000000003,1.6341080098560954,-0.06291196896551723
387.5,1.6341080098560954,-0.06291196896551723
387.6,1.6341080098560954,-0.06291196896551723
387.70000000000005,1.6341080098560954,-0.06291196896551723
