275.8,1.5234617513381101,1.5352894719173924
275.90000000000003,1.523461751338114,1.5352894719182202
276.0,1.5234617513381183,1.5352894719191228
276.1,1.523461751338123,1.5352894719201071
276.20000000000005,1.5234617513381281,1.53528947192118
276.30000000000007,1.5234617513381337,1.53528947192235
276.40000000000003,1.5234617513381399,1.5352894719236259
276.5,1.5234617513381468,1.5352894719250167
276.6,1.523461751338154,1.5352894719265333
276.70000000000005,1.5234617513381623,1.5352894719281869
276.8,1.5234617513381712,1.5352894719299899
276.90000000000003,1.523461751338181,1.5352894719319556
277.00000000000006,1.5234617513381916,1.535289471934099
277.1,1.5234617513382034,1.535289471936436
277.2,1.5234617513382163,1.5352894719389842
277.3,1.5234617513382303,1.5352894719417625
277.40000000000003,1.5234617513382458,1.5352894719447918
277.5,1.5234617513382627,1.5352894719480947
277.6,1.523461751338281,1.5352894719516958
277.70000000000005,1.5234617513383015,1.5352894719556225
277.80000000000007,1.5234617513383237,1.535289471959904
277.9,1.5234617513383482,1.535289471964572
278.0,1.5234617513383748,1.5352894719696617
278.1,1.5234617513384041,1.5352894719752113
278.20000000000005,1.5234617513384363,1.5352894719812622
278.3,1.5234617513384714,1.5352894719878596
278.40000000000003,1.52346175133851,1.535289471995053
278.50000000000006,1.5234617513385522,1.5352894720028962
278.6,1.5234617513385984,1.5352894720114478
278.7,1.5234617513386493,1.5352894720207722
278.8,1.5234617513387048,1.5352894720309387
278.90000000000003,1.5234617513387658,1.5352894720420236
279.00000000000006,1.5234617513388324,1.53528947205411
279.1,1.5234617513389057,1.535289472067288
279.20000000000005,1.5234617513389859,1.5352894720816563
279.30000000000007,1.5234617513390738,1.535289472097323
279.40000000000003,1.5234617513391702,1.5352894721144046
279.5,1.5234617513392756,1.5352894721330292
279.6,1.5234617513393913,1.5352894721533366
279.70000000000005,1.5234617513395179,1.535289472175478
279.8,1.5234617513396569,1.5352894721996198
279.90000000000003,1.523461751339809,1.5352894722259423
280.00000000000006,1.5234617513399757,1.5352894722546426
280.1,1.5234617513401585,1.5352894722859358
280.2,1.5234617513403588,1.5352894723200554
280.3,1.5234617513405784,1.5352894723572574
280.40000000000003,1.5234617513408188,1.53528947239782
280.50000000000006,1.5234617513410824,1.535289472442047
280.6,1.5234617513413713,1.5352894724902688
280.70000000000005,1.523461751341688,1.5352894725428468
280.8,1.5234617513420348,1.5352894726001745
280.90000000000003,1.523461751342415,1.5352894726626807
281.0,1.5234617513428315,1.5352894727308333
281.1,1.523461751343288,1.5352894728051425
281.20000000000005,1.5234617513437883,1.5352894728861644
281.30000000000007,1.5234617513443365,1.535289472974505
281.40000000000003,1.5234617513449373,1.5352894730708262
281.5,1.5234617513455957,1.5352894731758482
281.6,1.5234617513463173,1.5352894732903573
281.70000000000005,1.523461751347108,1.5352894734152105
281.8,1.5234617513479745,1.535289473551342
281.90000000000003,1.5234617513489241,1.535289473699771
282.00000000000006,1.5234617513499646,1.535289473861608
282.1000000000001,1.523461751351105,1.5352894740380647
282.2,1.5234617513523547,1.5352894742304612
282.3,1.523461751353724,1.5352894744402377
282.40000000000003,1.5234617513552249,1.535289474668964
282.50000000000006,1.5234617513568696,1.535289474918352
282.6,1.5234617513586717,1.5352894751902684
282.70000000000005,1.5234617513606468,1.535289475486748
282.80000000000007,1.523461751362811,1.53528947581001
282.90000000000003,1.523461751365183,1.5352894761624731
283.0,1.5234617513677822,1.535289476546776
283.1,1.5234617513706306,1.535289476965794
283.20000000000005,1.523461751373752,1.535289477422664
283.3,1.5234617513771729,1.5352894779208048
283.40000000000003,1.5234617513809214,1.5352894784639446
283.50000000000006,1.5234617513850295,1.5352894790561482
283.6,1.5234617513895312,1.535289479701848
283.7,1.5234617513944646,1.5352894804058763
283.8,1.5234617513998707,1.5352894811735023
283.90000000000003,1.5234617514057953,1.535289482010471
284.00000000000006,1.523461751412288,1.5352894829230463
284.1,1.5234617514194029,1.5352894839180582
284.20000000000005,1.5234617514271998,1.5352894850029535
284.3,1.5234617514357442,1.5352894861858517
284.40000000000003,1.5234617514451076,1.5352894874756056
284.5,1.5234617514553688,1.535289488881868
284.6,1.5234617514666138,1.5352894904151637
284.70000000000005,1.5234617514789366,1.5352894920869682
284.80000000000007,1.5234617514924407,1.5352894939097932
284.90000000000003,1.5234617515072393,1.5352894958972814
285.0,1.5234617515234565,1.5352894980643068
285.1,1.5234617515412285,1.5352895004270886
285.20000000000005,1.5234617515607043,1.5352895030033094
285.3,1.523461751582047,1.5352895058122507
285.40000000000003,1.5234617516054358,1.5352895088749345
285.50000000000006,1.5234617516310667,1.5352895122142827
285.6000000000001,1.5234617516591547,1.5352895158552873
285.7,1.5234617516899351,1.5352895198251981
285.8,1.5234617517236664,1.5352895241537268
285.90000000000003,1.5234617517606315,1.5352895288732684
286.00000000000006,1.52346175180114,1.5352895340191448
286.1,1.5234617518455318,1.5352895396298685
286.20000000000005,1.5234617518941793,1.535289545747431
286.30000000000007,1.5234617519474902,1.5352895524176169
286.4,1.523461752005912,1.535289559690347
286.5,1.523461752069934,1.5352895676200515
286.6,1.5234617521400937,1.5352895762660774
286.70000000000005,1.523461752216979,1.5352895856931328
286.8,1.523461752301235,1.5352895959717714
286.90000000000003,1.523461752393568,1.53528960717892
287.00000000000006,1.5234617524947527,1.5352896193984542
287.1,1.523461752605637,1.535289632721827
287.2,1.5234617527271515,1.5352896472487527
287.3,1.5234617528603145,1.535289663087953
287.40000000000003,1.5234617530062433,1.53528968035797
287.50000000000006,1.5234617531661614,1.5352896991880562
287.6,1.5234617533414099,1.5352897197191382
287.70000000000005,1.5234617535334585,1.5352897421048735
287.8,1.5234617537439177,1.5352897665128005
287.90000000000003,1.523461753974552,1.5352897931255918
288.0,1.5234617542272963,1.5352898221424212
288.1,1.5234617545042697,1.5352898537804551
288.20000000000005,1.5234617548077949,1.5352898882764772
288.30000000000007,1.523461755140417,1.5352899258886608
288.40000000000003,1.523461755504926,1.535289966898501
288.5,1.5234617559043782,1.5352900116129216
288.6,1.5234617563421233,1.535290060366572
288.70000000000005,1.5234617568218327,1.5352901135243315
288.8,1.523461757347529,1.5352901714840408
288.90000000000003,1.523461757923621,1.5352902346794788
289.00000000000006,1.5234617585549393,1.5352903035836098
289.1,1.5234617592467783,1.5352903787121222
289.2,1.5234617600049398,1.5352904606272888
289.3,1.523461760835782,1.5352905499421752
289.40000000000003,1.5234617617462722,1.535290647325227
289.5,1.5234617627440459,1.5352907535052733
289.6,1.5234617638374701,1.5352908692769813
289.70000000000005,1.5234617650357145,1.5352909955068037
289.80000000000007,1.5234617663488275,1.535291133139463
289.9,1.523461767787821,1.5352912832050225
290.0,1.5234617693647625,1.5352914468265948
290.1,1.5234617710928762,1.535291625228748
290.20000000000005,1.523461772986654,1.5352918197466705
290.3,1.5234617750619772,1.535292031836163
290.40000000000003,1.5234617773362495,1.5352922630845343
290.50000000000006,1.5234617798285428,1.5352925152224817
290.6000000000001,1.5234617825597578,1.5352927901370428
290.7,1.5234617855527985,1.5352930898857189
290.8,1.5234617888327644,1.5352934167118732
290.90000000000003,1.5234617924271616,1.5352937730615213
291.00000000000006,1.5234617963661323,1.5352941616016365
291.1,1.5234618006827094,1.53529458524011
291.20000000000005,1.5234618054130913,1.5352950471475153
291.30000000000007,1.5234618105969473,1.5352955507808357
291.40000000000003,1.5234618162777493,1.535296099909337
291.5,1.5234618225031364,1.5352966986427783
291.6,1.523461829325315,1.5352973514621693
291.70000000000005,1.523461836801496,1.5352980632533066
291.80000000000007,1.5234618449943749,1.5352988393433404
291.90000000000003,1.523461853972657,1.5352996855406433
292.00000000000006,1.5234618638116344,1.535300608178281
292.1,1.523461874593817,1.5353016141614098
292.20000000000005,1.5234618864096245,1.535302711018956
292.3,1.5234618993581444,1.535303906959964
292.40000000000003,1.5234619135479628,1.5353052109350331
292.50000000000006,1.5234619290980764,1.535306632703305
292.6,1.5234619461388883,1.535308182905504
292.70000000000005,1.5234619648133032,1.5353098731435721
292.8,1.523461985277925,1.5353117160675014
292.90000000000003,1.5234620077043701,1.5353137254700064
293.0,1.5234620322807075,1.535315916389753
293.1,1.5234620592130348,1.535318305223908
293.20000000000005,1.5234620887272063,1.5353209098508598
293.30000000000007,1.523462121070729,1.535323749764021
293.40000000000003,1.523462156514836,1.5353268462177219
293.5,1.5234621953567624,1.5353302223862793
293.6,1.5234622379222367,1.535333903537438
293.70000000000005,1.5234622845682142,1.5353379172214774
293.8,1.5234623356858685,1.535342293477402
293.90000000000003,1.5234623917038732,1.535347065057758
294.00000000000006,1.5234624530919965,1.5353522676737583
294.1000000000001,1.5234625203650398,1.5353579402625497
294.2,1.5234625940871565,1.5353641252786256
294.3,1.523462674876581,1.5353708690115604
294.40000000000003,1.5234627634108149,1.535378221932448
294.50000000000006,1.523462860432308,1.5353862390716355
294.6,1.523462966754684,1.5353949804305775
294.70000000000005,1.5234630832695641,1.5354045114308965
294.80000000000007,1.5234632109540442,1.5354149034040074
294.90000000000003,1.5234633508788882,1.5354262341249734
295.0,1.5234635042175086,1.5354385883945847
295.1,1.5234636722558053,1.5354520586740217
295.20000000000005,1.5234638564029503,1.5354667457768463
295.3,1.5234640582032049,1.5354827596235072
295.40000000000003,1.5234642793488693,1.535500220064
295.50000000000006,1.5234645216944747,1.535519257774842
295.6,1.5234647872723355,1.5355400152370755
295.7,1.523465078309592,1.5355626478026159
295.8,1.5234653972468877,1.535587324856929
295.90000000000003,1.523465746758836,1.5356142310867371
296.00000000000006,1.5234661297764498,1.535643567862241
296.1,1.5234665495117214,1.5356755547442054
296.20000000000005,1.523467009484558,1.5357104311271825
296.3,1.5234675135522995,1.535748458031178
296.40000000000003,1.523468065942066,1.5357899200551623
296.5,1.523468671286208,1.5358351275070514
296.6,1.5234693346611512,1.5358844187260978
296.70000000000005,1.5234700616299692,1.5359381626150705
296.80000000000007,1.5234708582890348,1.5359967614011791
296.90000000000003,1.5234717313191442,1.5360606536464
297.0,1.5234726880415423,1.5361303175297412
297.1,1.5234737364793198,1.5362062744260023
297.20000000000005,1.5234748854246931,1.5362890928078228
297.3,1.5234761445127374,1.536379392500214
297.40000000000003,1.5234775243021863,1.536477849319421
297.50000000000006,1.5234790363639772,1.5365852001308327
297.6000000000001,1.5234806933782858,1.5367022483637889
297.7,1.5234825092408621,1.5368298700245666
297.8,1.5234844991795597,1.53696902025254
297.90000000000003,1.5234866798820383,1.5371207404685825
298.00000000000006,1.5234890696357055,1.5372861661692183
298.1,1.5234916884810756,1.537466535424843
298.20000000000005,1.52349455837983,1.5376631981456261
298.30000000000007,1.5234977033989876,1.5378776261844405
298.40000000000003,1.5235011499127322,1.5381114243524234
298.5,1.5235049268235858,1.5383663424296232
298.6,1.5235090658047865,1.5386442882606097
298.70000000000005,1.5235136015658999,1.5389473420330666
298.8,1.5235185721438949,1.5392777718462223
298.90000000000003,1.5235240192221222,1.5396380506856409
299.00000000000006,1.5235299884798714,1.5400308749314107
299.1,1.5235365299754382,1.5404591845382518
299.2,1.523543698565914,1.5409261850385727
299.3,1.5235515543672196,1.5414353715331464
299.40000000000003,1.5235601632582363,1.5419905548489632
299.50000000000006,1.523569597433269,1.5425958900600232
299.6,1.5235799360074678,1.5432559075845222
299.70000000000005,1.5235912656802897,1.543975547091174
299.8,1.5236036814625615,1.544760194468419
299.90000000000003,1.5236172874732417,1.5456157221332107
300.0,1.5236315616565075,1.5465087813816727
300.1,1.5236457596844895,1.5473901006933992
300.20000000000005,1.523660483916413,1.5482966871537467
300.30000000000007,1.5236757276133976,1.5492273773156364
300.40000000000003,1.5236914837988185,1.5501809767990533
300.5,1.5237077452614982,1.5511562618238266
300.6,1.5237245045590078,1.5521519807801394
300.70000000000005,1.5237417540210727,1.5531668558347553
300.8,1.523759485753084,1.554199584570895
300.90000000000003,1.5237776916397106,1.555248841659664
301.00000000000006,1.5237963633486131,1.5563132805608824
301.1,1.5238154923342588,1.557391535251138
301.2,1.5238350698418317,1.5584822219768404
301.3,1.5238550869112393,1.5595839410300294
301.40000000000003,1.5238755343812136,1.5606952785446588
301.5,1.5238964028935045,1.561814808311049
301.6,1.5239176828971612,1.562941093606181
301.70000000000005,1.5239393646529058,1.5640726890374814
301.80000000000007,1.5239614382375883,1.565208142397735
301.90000000000003,1.52398389354873,1.5663459965287416
302.0,1.5240067203091463,1.5674847911913257
302.1,1.5240299080716497,1.5686230649393027
302.20000000000005,1.5240534462238329,1.5697593569949917
302.3,1.5240773239929237,1.5708922091238713
302.40000000000003,1.5241015304507175,1.5720201675059724
302.50000000000006,1.5241260545185773,1.5731417846016031
302.6000000000001,1.5241508849725045,1.5742556210090188
302.7,1.5241760104482762,1.5753602473116417
302.8,1.524201419446646,1.5764542459124742
302.90000000000003,1.5242271003386065,1.5775362128533363
303.00000000000006,1.524253041370713,1.5786047596166055
303.1,1.5242792306704607,1.5796585149071378
303.20000000000005,1.5243056562517199,1.5806961264120891
303.30000000000007,1.5243323060202214,1.581716262536375
303.40000000000003,1.5243591677790913,1.582717614111542
303.5,1.5243862292344337,1.5836988960758602
303.6,1.5244134780009568,1.5846588491234777
303.70000000000005,1.524440901607642,1.5855962413205213
303.80000000000007,1.5244684875034507,1.5865098696860727
303.90000000000003,1.5244962230630692,1.5873985617359831
304.00000000000006,1.5245240955926869,1.5882611769875583
304.1,1.5245520923358054,1.5890966084231684
304.20000000000005,1.5245802004790772,1.589903783910914
304.3,1.5246084071581703,1.5906816675805229
304.40000000000003,1.524636699463655,1.591429261152711
304.50000000000006,1.5246650644469137,1.5921456052202996
304.6,1.524693489126065,1.59282978047945
304.70000000000005,1.5247219604919071,1.5934809089094315
304.8,1.5247504655138706,1.5940981548994082
304.90000000000003,1.5247789911459826,1.594680726320802
305.0,1.524807524332838,1.5952278755438516
305.1,1.5248360520155735,1.5957389003970677
305.20000000000005,1.524864561137845,1.5962131450683477
305.30000000000007,1.5248930386518034,1.5966500009465976
305.40000000000003,1.5249214715240653,1.5970489074027787
305.5,1.5249498467416793,1.5974093525093795
305.6,1.52497815131808,1.5977308736973839
305.70000000000005,1.5250063722990337,1.5980130583499008
305.8,1.525034496768565,1.5982555443316855
305.90000000000003,1.5250625118548695,1.5984580204538783
306.00000000000006,1.5250904047362053,1.59862022687336
306.1000000000001,1.5251181626467591,1.5987419554262183
306.2,1.525145772882491,1.5988230498948883
306.3,1.5251732228069477,1.598863406208631
306.40000000000003,1.5252004998570456,1.5988629725770906
306.50000000000006,1.5252275915488211,1.5988217495567585
306.6,1.5252544854831445,1.5987397900502585
306.70000000000005,1.5252811693513937,1.598617199238456
306.80000000000007,1.5253076309410887,1.598454134445476
306.90000000000003,1.5253338581414797,1.5982508049368058
307.0,1.5253598389490914,1.5980074716507378
307.1,1.5253855614732148,1.5977244468635008
307.20000000000005,1.5254110139413508,1.597402093788507
307.3,1.5254361847045974,1.5970408261102311
307.40000000000003,1.5254610622429814,1.5966411074533173
307.50000000000006,1.5254856351707307,1.596203450787597
307.6,1.5255098922414845,1.5957284177697808
307.7,1.525533822353442,1.5952166180226697
307.8,1.5255574145544424,1.594668708352808
307.90000000000003,1.5255806580469773,1.594085391907588
308.00000000000006,1.5256035421931324,1.593467417272879
308.1,1.5256260565194573,1.5928155775123503
308.20000000000005,1.5256481907217574,1.5921307091497066
308.3,1.5256699346698104,1.5914136910951575
308.40000000000003,1.5256912784120036,1.5906654435174878
308.5,1.5257122121798867,1.5898869266631788
308.6,1.525732726392644,1.5890791396240977
308.70000000000005,1.5257528116614785,1.5882431190553379
308.80000000000007,1.5257724587939094,1.5873799378448488
308.90000000000003,1.525791658797979,1.5864907037365703
309.0,1.5258104028863675,1.5855765579088366
309.1,1.5258286824804164,1.5846386735098674
309.20000000000005,1.5258464892140529,1.5836782541522387
309.3,1.5258638149376191,1.5826965323682518
309.40000000000003,1.5258806517216035,1.581694768028191
309.50000000000006,1.5258969918602678,1.5806742467234989
309.6000000000001,1.5259128278751755,1.5796362781169409
309.7,1.5259281525186137,1.57858219426188
309.8,1.5259429587769098,1.5775133478928163
309.90000000000003,1.5259572398736425,1.5764311106893856
310.00000000000006,1.5259709892727424,1.575336871516046
310.1,1.525984200681484,1.5742320346397107
310.20000000000005,1.525996868053365,1.5731180179276125
310.30000000000007,1.5260089855908738,1.5719962510277186
310.40000000000003,1.5260205477481437,1.570868173534022
310.5,1.5260315492334895,1.5697352331390733
310.6,1.526041985011831,1.5685988837761162
310.70000000000005,1.5260518503069964,1.5674605837532158
310.8,1.5260611406039089,1.5663217938817726
310.90000000000003,1.526069851650652,1.5651839756018227
311.00000000000006,1.526077979460417,1.564048589106532
311.1,1.5260855203133261,1.5629170914682924
311.2,1.5260924707581367,1.5617909347688181
311.3,1.5260988276138192,1.560671564235652
311.40000000000003,1.5261045879710138,1.5595604163874646
311.50000000000006,1.5261097491933617,1.5584589171905319
311.6,1.526114308918712,1.5573684802287524
311.70000000000005,1.526118265060202,1.5562905048895572
311.8,1.5261216158072144,1.555226374568038
311.90000000000003,1.5261244846510964,1.5541303476651696
312.0,1.526138657120279,1.5530880350277378
312.1,1.5261641271078037,1.552140093029706
312.20000000000005,1.5262011082054132,1.5512794271330421
312.30000000000007,1.5262499105372138,1.5504995959869567
312.40000000000003,1.5263109433603796,1.5497947632198825
312.5,1.5263847184971913,1.5491596537592065
312.6,1.5264718546271856,1.5485895143518469
312.70000000000005,1.5265730824754125,1.5480800779902044
312.8,1.526689250940308,1.5476275319772468
312.90000000000003,1.5268213342125703,1.54722848939172
313.00000000000006,1.5269704399447397,1.5468799637399302
313.1,1.5271378185399913,1.5465793466043825
313.20000000000005,1.5273248736380372,1.5463243881219986
313.3,1.5275331738860718,1.5461131801458103
313.40000000000003,1.5277644660934748,1.545944141964104
313.5,1.5280206898805835,1.5458160084701418
313.6,1.5283039939443812,1.5457278206939147
313.70000000000005,1.5286167540775066,1.5456789186250703
313.80000000000007,1.528946972754604,1.5456693529405086
313.90000000000003,1.5292711028400479,1.5456535512224263
314.0,1.5296031697089172,1.545631116890437
314.1,1.5299430213832437,1.54560207873513
314.20000000000005,1.530290502322165,1.5455664740219595
314.3,1.5306454534931124,1.5455243484434236
314.40000000000003,1.5310077124445953,1.5454757560604233
314.50000000000006,1.5313771133805505,1.5454207592328866
314.6000000000001,1.5317534872362233,1.5453594285397392
314.7,1.532136661755543,1.5452918426883284
314.8,1.5325264615699603,1.545218088413417
314.90000000000003,1.5329227082787094,1.5451382603658734
315.00000000000006,1.5333252205304553,1.5450524609912035
315.1,1.5337338141062948,1.5449608003980804
315.20000000000005,1.5341483020040692,1.5448633962170375
315.30000000000007,1.5345684945239473,1.5447603734495114
315.40000000000003,1.5349941993552492,1.544651864307424
315.5,1.535425221664459,1.5445380080435103
315.6,1.5358613641843968,1.5444189507726127
315.70000000000005,1.5363024273045005,1.544294845284167
315.80000000000007,1.5367482091621845,1.5441658508461247
315.90000000000003,1.5371985057352242,1.5440321330005586
316.00000000000006,1.5376531109351335,1.5438938633512196
316.1,1.538111816701485,1.5437512193433118
316.20000000000005,1.5385744130971328,1.5436043840357727
316.3,1.5390406884042969,1.543453545866349
316.40000000000003,1.539510429221459,1.5432988984097689
316.50000000000006,1.5399834205610314,1.5431406401293222
316.6,1.540459445947751,1.5429789741221678
316.70000000000005,1.540938287517753,1.5428141078586926
316.8,1.5414197261182836,1.5426462529162595
316.90000000000003,1.5419035414079973,1.5424756247076845
317.0,1.542389511957804,1.542302442204792
317.1,1.5428774153522082,1.5421269276574012
317.20000000000005,1.5433670282911054,1.5419493063081078
317.30000000000007,1.5438581266919786,1.5417698061032235
317.40000000000003,1.5443504857924553,1.5415886574002464
317.5,1.5448438802531748,1.541406092672238
317.6,1.5453380842609206,1.5412223462094818
317.70000000000005,1.5458328716319685,1.541037653818815
317.8,1.5463280159156045,1.5408522525210093
317.90000000000003,1.546823290497766,1.5406663802465956
318.00000000000006,1.5473184687047556,1.5404802755305231
318.1000000000001,1.5478133239069847,1.5402941772060388
318.2,1.548307629622695,1.5401083240981877
318.3,1.5488011596216134,1.5399229547173212
318.40000000000003,1.5492936880284909,1.539738306953011
318.50000000000006,1.5497849894264801,1.5395546177687587
318.6,1.5502748389603027,1.5393721228978936
318.70000000000005,1.550763012439158,1.5391910565410507
318.80000000000007,1.551249286439331,1.5390116510656136
318.90000000000003,1.551733438406446,1.5388341367075116
319.0,1.5522152467573243,1.5386587412757522
319.1,1.5526944909813962,1.5384856898600663
319.20000000000005,1.5531709517416235,1.538315204542046
319.30000000000007,1.553644410974883,1.5381475041101396
319.40000000000003,1.5541146519917697,1.5379828037788756
319.50000000000006,1.5545814595757677,1.537821314912672
319.6,1.55504462008175,1.5376632447545857
319.70000000000005,1.555503921533759,1.537508796160353
319.8,1.5559591537220196,1.5373581673380583
319.90000000000003,1.556410108299149,1.537211551593769
320.00000000000006,1.55685657887551,1.5370691370834602
320.1,1.557298361113671,1.5369311065715487
320.20000000000005,1.5577352528219253,1.5367976371963474
320.3,1.5581670540468275,1.5366689002427383
320.40000000000003,1.558593567164709,1.5365450609223574
320.5,1.559014596972124,1.5364262781615752
320.6,1.5594299507751879,1.5363127043975415
320.70000000000005,1.5598394384777692,1.536204485382559
320.80000000000007,1.5602428726684905,1.5361017599970346
320.90000000000003,1.5606400687065032,1.5360046600712518
321.0,1.56103084480599,1.5359133102161877
321.1,1.5614150221193657,1.535827827663598
321.20000000000005,1.5617924248191295,1.5357483221155686
321.3,1.5621628801783367,1.5356748956037332
321.40000000000003,1.562526218649652,1.5356076423583331
321.50000000000006,1.5628822739429455,1.5355466486872884
321.6000000000001,1.5632308831013997,1.5354919928654374
321.7,1.56357188657609,1.5354437450340834
321.8,1.563905128299007,1.535401967110982
321.90000000000003,1.5642304557544835,1.5353667127108788
322.00000000000006,1.5645477200489972,1.5353380270767047
322.1,1.5648567759793148,1.5353159470215152
322.20000000000005,1.5651574820989484,1.5353005008812457
322.30000000000007,1.5654497007828907,1.5352917084783486
322.40000000000003,1.5657332982906031,1.5352895810963538
322.5,1.5660081448272245,1.5352941214653886
322.6,1.5662741146029755,1.5353053237586738
322.70000000000005,1.5665310858907278,1.5353231736000015
322.8,1.566778941081717,1.5353476480821844
322.90000000000003,1.5670175667393678,1.5353787157964536
323.00000000000006,1.5672468536512105,1.5354163368727656
323.1,1.5674666968788664,1.5354604630309694
323.2,1.567676995806073,1.5355110376427652
323.3,1.5678776541847348,1.5355679958043773
323.40000000000003,1.5680685801789727,1.5356312644198464
323.50000000000006,1.5682496864071556,1.5357007622948367
323.6,1.5684208899818917,1.5357764002408332
323.70000000000005,1.5685821125479644,1.5358580811896017
323.8,1.5687332803181926,1.5359457003177572
323.90000000000003,1.5688743241072025,1.536039145181288
324.0,1.56900517936309,1.5361382958598575
324.1,1.569125786196966,1.536243025110701
324.20000000000005,1.569236089410365,1.536353198531921
324.30000000000007,1.5693360385205082,1.5364686747349672
324.40000000000003,1.5694255877834082,1.5365893055260853
324.50000000000006,1.5695046962148043,1.536714936096498
324.6,1.5695733276089203,1.536845405221075
324.70000000000005,1.5696314505550355,1.5369805454652377
324.8,1.5696790384518589,1.5371201833998327
324.90000000000003,1.5697160695197052,1.5372641398236984
325.00000000000006,1.5697425268104628,1.5374122299936375
325.1000000000001,1.5697583982153493,1.5375642638615046
325.20000000000005,1.569763676470455,1.5377200463180993
325.3,1.5697583591600663,1.537879377443555
325.40000000000003,1.5697424487177711,1.538042052763902
325.50000000000006,1.5697159524253463,1.5382078635134744
325.6,1.5696788824094232,1.538376596902824
325.70000000000005,1.5696312556359397,1.5385480363918003
325.80000000000007,1.5695730939023733,1.5387219619674408
325.90000000000003,1.5695044238277673,1.5388981504263206
326.0,1.5694252768405454,1.5390763756609953
326.1,1.5693356891641297,1.5392564089501704
326.20000000000005,1.5692357018003618,1.539438019252226
326.3,1.5691253605107363,1.5396209735017186
326.40000000000003,1.569004715795459,1.5398050369084806
326.50000000000006,1.5688738228703325,1.5399899732589322
326.6000000000001,1.568732741641486,1.5401755452192218
326.7,1.568581536677959,1.5403615146398018
326.8,1.5684202771821476,1.5405476428610534
326.90000000000003,1.5682490369581343,1.5407336910195646
327.00000000000006,1.5680678943779094,1.5409194203546699
327.1,1.567876932345502,1.5411045925148583
327.20000000000005,1.567676238259037,1.5412889698636574
327.30000000000007,1.567465903970736,1.5414723157845969
327.40000000000003,1.567246025744878,1.5416543949848664
327.5,1.567016704213743,1.5418349737972727
327.6,1.566778044331555,1.542013820480111
327.70000000000005,1.5665301553264466,1.5421907055145658
327.80000000000007,1.5662731506504688,1.542365401899258
327.90000000000003,1.5660071479276674,1.5425376854415624
328.00000000000006,1.565732268900249,1.5427073350453202
328.1,1.5654486393728637,1.5428741329945777
328.20000000000005,1.5651563891550273,1.5430378652329866
328.3,1.5648556520017103,1.5431983216385095
328.40000000000003,1.564546565552123,1.5433552962930737
328.50000000000006,1.5642292712667212,1.543508587746833
328.6,1.5639039143624647,1.5436579992766926
328.70000000000005,1.563570643746353,1.5438033391387693
328.8,1.5632296119472777,1.5439444208144633
328.90000000000003,1.5628809750462114,1.5440810632498194
329.0,1.562524892604775,1.5442130910878822
329.1,1.5621615275922116,1.5443403348937332
329.20000000000005,1.5617910463107982,1.5444626313719334
329.30000000000007,1.5614136183197338,1.544579823576084
329.40000000000003,1.5610294163575387,1.544691761110239
329.5,1.560638616262994,1.5447983003219155
329.6,1.5602413968946678,1.5448993044864425
329.70000000000005,1.5598379400490539,1.544994643982427
329.8,1.5594284303773704,1.545084196458099
329.90000000000003,1.559013055301049,1.5451678469883292
330.00000000000006,1.5585920049259576,1.5452454882221154
330.1000000000001,1.5581654719553932,1.5453170205203488
330.2,1.5577336516018887,1.545382352083685
330.3,1.5572967414978671,1.5454413990703497
330.40000000000003,1.5568549416051927,1.5454940857037385
330.50000000000006,1.5564084541236523,1.5455403443696607
330.6,1.5559574833984144,1.545580115703111
330.70000000000005,1.5555022358265074,1.5456133486644552
330.80000000000007,1.5550429197623543,1.5456400006049293
330.90000000000003,1.554579745422417,1.5456600373213727
331.0,1.5541129247889862,1.5456734331001216
331.1,1.5536426715131604,1.5456801707500092
331.20000000000005,1.5531692008170657,1.5456802416244253
331.30000000000007,1.552692729395354,1.5456736456324152
331.40000000000003,1.5522134753160275,1.545660391238795
331.50000000000006,1.5517316579206353,1.5456404954532887
331.6,1.551247497723886,1.5456139838086993
331.70000000000005,1.5507612163127251,1.5455808903281418
331.8,1.55027303624492,1.5455412574813807
331.90000000000003,1.5497831809472018,1.5454951361303266
332.00000000000006,1.5492918746130084,1.545442585463765
332.1,1.5487993420998776,1.5453836729213963
332.20000000000005,1.5483058088265365,1.5453184741072896
332.3,1.547811500669732,1.5452470726928575
332.40000000000003,1.5473166438608548,1.5451695603094786
332.5,1.5468214648823986,1.545086036430904
332.6,1.5463261903643049,1.5449966082456001
332.70000000000005,1.5458310469802419,1.5449013905191915
332.80000000000007,1.5453362613438604,1.5448005054471778
332.90000000000003,1.5448420599050805,1.5446940824981177
333.0,1.5443486688464507,1.544582258247478
333.1,1.5438563139796306,1.5444651762023633
333.20000000000005,1.543365220642043,1.5443429866173488
333.3,1.5428756135937431,1.5442158463016542
333.40000000000003,1.542387716914552,1.5440839184179072
333.50000000000006,1.5419017539015012,1.5439473722727515
333.6000000000001,1.541417946966636,1.5438063830995719
333.7,1.5409365175352234,1.543661131833611
333.8,1.5404576859444121,1.5435118048797722
333.90000000000003,1.539981671342389,1.5433585938733996
334.00000000000006,1.5395086915880827,1.543201695434347
334.1,1.5390389631514543,1.5430413109146521
334.20000000000005,1.5385727010144252,1.542877646140134
334.30000000000007,1.538110118572486,1.542710911146252
334.40000000000003,1.5376514275370308,1.542541319908562
334.5,1.537196837838463,1.542369090068115
334.6,1.5367465575301158,1.5421944426521528
334.70000000000005,1.5363007926930317,1.5420176017904577
334.8,1.5358597473416444,1.5418387944277203
334.90000000000003,1.5354236233304086,1.541658250032296
335.00000000000006,1.5349926202614144,1.541476200301721
335.1,1.5345669353930365,1.54129287886537
335.2,1.534146763549654,1.5411085209846307
335.3,1.5337322970324843,1.54092336325099
335.40000000000003,1.5333237255315724,1.5407376432824063
335.50000000000006,1.5329212360389748,1.5405515994183703
335.6,1.532525012763178,1.540365470414036
335.70000000000005,1.5321352370447923,1.5401794951338206
335.80000000000007,1.5317520872735555,1.539993912244863
335.90000000000003,1.5313757388066906,1.5398089599107352
336.0,1.5310063638886484,1.5396248754858015
336.1,1.5306441315722759,1.5394418952106148
336.20000000000005,1.5302892076414458,1.5392602539087423
336.30000000000007,1.5299417545351819,1.5390801846854103
336.40000000000003,1.529601931273315,1.538901918628354
336.50000000000006,1.5292698933837032,1.5387256845112562
336.6,1.5289457928310524,1.538551708500156
336.70000000000005,1.5286297779473645,1.5383802138632037
336.8,1.5283219933640515,1.5382114206841342
336.90000000000003,1.5280225799457405,1.538045545579828
337.00000000000006,1.5277316747258045,1.5378828014223216
337.1000000000001,1.5274494108436452,1.537723397065621
337.20000000000005,1.5271759174837598,1.537567537077676
337.3,1.5269113198166155,1.5374154214778513
337.40000000000003,1.5266557389413637,1.537267245480236
337.50000000000006,1.526409291830415,1.5371231992431207
337.6,1.5261615228281684,1.5369772341853372
337.70000000000005,1.525925351859359,1.536837403434755
337.80000000000007,1.525709840685911,1.5367091576325234
337.90000000000003,1.5255131820275034,1.536591536968102
338.0,1.5253337267013227,1.5364836611510522
338.1,1.5251699697919885,1.5363847228228138
338.20000000000005,1.5250205380313082,1.5362939815143135
338.3,1.5248841782820257,1.5362107581041857
338.40000000000003,1.524759747028993,1.5361344297361277
338.50000000000006,1.5246462007896315,1.5360644251573503
338.6000000000001,1.5245425873632705,1.5360002204432381
338.7,1.5244480378459753,1.5359413350762208
338.8,1.5243617593439058,1.5358873283495074
338.90000000000003,1.5242830283240938,1.535837796068772
339.00000000000006,1.5242111845468846,1.535792367527104
339.1,1.5241456255291557,1.5357507027305828
339.20000000000005,1.5240858014918823,1.5357124898537124
339.30000000000007,1.5240312107496836,1.5356774429056743
339.40000000000003,1.5239813955036778,1.5356452995899283
339.5,1.5239359380023751,1.5356158193411489
339.6,1.523894457038406,1.535588781524796
339.70000000000005,1.5238566047517097,1.5355639837858555
339.80000000000007,1.5238220637123738,1.535541240534384
339.90000000000003,1.5237905442586626,1.5355203815565257
340.00000000000006,1.523761782067907,1.535501250740607
340.1,1.5237355359398927,1.5354837049087735
340.20000000000005,1.5237115857741492,1.5354676127454265
340.3,1.523689730724184,1.535452853814437
340.40000000000003,1.5236697875131808,1.5354393176577834
340.50000000000006,1.5236515888970372,1.535426902968869
340.6,1.5236349822618527,1.5354155168343266
340.70000000000005,1.5236198283441054,1.5354050740386425
340.8,1.5236060000627862,1.5353954964263898
340.90000000000003,1.5235933814536964,1.535386712317303
341.0,1.5235818666969674,1.5353786559698113
341.1,1.5235713592296563,1.5353712670890192
341.20000000000005,1.5235617709359655,1.5353644903754504
341.30000000000007,1.5235530214083028,1.5353582751111792
341.40000000000003,1.5235450372729826,1.535352574780249
341.5,1.523537751574912,1.5353473467205403
341.6,1.5235311032161043,1.5353425518044819
341.70000000000005,1.523525036443311,1.535338154146213
341.8,1.5235195003804736,1.535334120833009
341.90000000000003,1.5235144486020757,1.5353304216789578
342.00000000000006,1.5235098387438195,1.5353270289990437
342.1000000000001,1.5235056321473555,1.5353239174019488
342.2,1.5235017935360955,1.5353210636000203
342.3,1.523498290719381,1.535318446234983
342.40000000000003,1.5234950943225318,1.5353160457180899
342.50000000000006,1.5234921775405108,1.5353138440835177
342.6,1.5234895159131345,1.5353118248539082
342.70000000000005,1.523487087119951,1.5353099729170478
342.80000000000007,1.5234848707930604,1.5353082744127682
342.90000000000003,1.5234828483463074,1.5353067166292116
343.0,1.5234810028194201,1.5353052879076958
343.1,1.523479318735779,1.535303977555458
343.20000000000005,1.52347778197263,1.5353027757656281
343.30000000000007,1.5234763796426518,1.5353016735438336
343.40000000000003,1.5234750999858815,1.5353006626408834
343.50000000000006,1.5234739322710962,1.5352997354910307
343.6,1.5234728667058197,1.5352988851553486
343.70000000000005,1.523471894354204,1.5352981052697996
343.8,1.5234710070620923,1.5352973899976046
343.90000000000003,1.5234701973886373,1.535296733985561
344.00000000000006,1.5234694585439046,1.5352961323239773
344.1,1.5234687843319294,1.5352955805099298
344.20000000000005,1.5234681690987588,1.5352950744135605
344.3,1.5234676076850373,1.535294610247169
344.40000000000003,1.5234670953827398,1.5352941845368657
344.5,1.5234666278956908,1.5352937940965719
344.6,1.5234662013035356,1.5352934360041743
344.70000000000005,1.5234658120288658,1.5352931075796568
344.80000000000007,1.5234654568072172,1.5352928063650415
344.90000000000003,1.5234651326596953,1.535292530105994
345.0,1.5234648368679933,1.5352922767349508
345.1,1.523464566951597,1.5352920443556453
345.20000000000005,1.523464320646983,1.5352918312289165
345.3,1.5234640958886367,1.5352916357596924
345.40000000000003,1.5234638907917308,1.5352914564850526
345.50000000000006,1.5234637036363194,1.535291292063279
345.6000000000001,1.523463532852914,1.5352911412638148
345.7,1.523463377009322,1.5352910029580547
345.8,1.5234632347986363,1.5352908761108979
345.90000000000003,1.5234631050282759,1.5352907597730012
346.00000000000006,1.5234629866099842,1.535290653073675
346.1,1.5234628785507036,1.5352905552143654
346.20000000000005,1.5234627799442473,1.5352904654626793
346.30000000000007,1.5234626899636994,1.5352903831469014
346.40000000000003,1.523462607854482,1.5352903076509685
346.5,1.5234625329280256,1.535290238409858
346.6,1.5234624645559955,1.5352901749053587
346.70000000000005,1.5234624021650232,1.5352901166621937
346.8,1.5234623452318965,1.535290063244463
346.90000000000003,1.5234622932791735,1.53529001425238
347.00000000000006,1.5234622458711775,1.5352899693192807
347.1000000000001,1.5234622026103446,1.5352899281088794
347.2,1.5234621631338887,1.5352898903127512
347.3,1.5234621271107593,1.5352898556480243
347.40000000000003,1.523462094238866,1.5352898238552626
347.50000000000006,1.5234620642425447,1.5352897946965247
347.6,1.5234620368702454,1.535289767953582
347.70000000000005,1.5234620118924238,1.5352897434262867
347.80000000000007,1.5234619890996153,1.5352897209310723
347.90000000000003,1.5234619683006794,1.535289700299582
348.0,1.5234619493211952,1.5352896813774062
348.1,1.523461932002001,1.5352896640229288
348.20000000000005,1.5234619161978578,1.5352896481062661
348.30000000000007,1.5234619017762312,1.5352896335082957
348.40000000000003,1.5234618886161817,1.5352896201197639
348.50000000000006,1.5234618766073487,1.5352896078404694
348.6,1.5234618656490262,1.5352895965785116
348.70000000000005,1.5234618556493171,1.5352895862496048
348.8,1.523461846524364,1.5352895767764458
348.90000000000003,1.5234618381976446,1.535289568088136
349.00000000000006,1.523461830599331,1.5352895601196508
349.1000000000001,1.5234618236657038,1.5352895528113528
349.20000000000005,1.5234618173386174,1.535289546108546
349.3,1.5234618115650127,1.5352895399610653
349.40000000000003,1.5234618062964722,1.535289534322902
349.50000000000006,1.5234618014888137,1.5352895291518593
349.6,1.5234617971017204,1.5352895244092366
349.70000000000005,1.5234617930984016,1.535289520059539
349.80000000000007,1.5234617894452855,1.535289516070213
349.90000000000003,1.5234617861117374,1.5352895124114019
350.0,1.5234617830698018,1.5352895090557224
350.1,1.5234617802939692,1.5352895059780602
350.20000000000005,1.5234617777609611,1.535289503155382
350.3,1.5234617754495359,1.5352895005665617
350.40000000000003,1.5234617733403097,1.5352894981922247
350.50000000000006,1.523461771415595,1.535289496014601
350.6000000000001,1.5234617696592505,1.5352894940173931
350.7,1.5234617680565476,1.5352894921856535
350.8,1.5234617665940464,1.535289490505673
350.90000000000003,1.523461765259482,1.5352894889648787
351.00000000000006,1.5234617640416628,1.5352894875517389
351.1,1.5234617629303762,1.5352894862556772
351.20000000000005,1.523461761916303,1.535289485066994
351.30000000000007,1.5234617609909387,1.535289483976793
351.40000000000003,1.5234617601465237,1.535289482976915
351.5,1.5234617593759765,1.5352894820598766
351.6,1.5234617586728354,1.5352894812188147
351.70000000000005,1.5234617580312038,1.5352894804474346
351.80000000000007,1.523461757445701,1.535289479739963
351.90000000000003,1.5234617569114166,1.5352894790911056
352.00000000000006,1.5234617564238706,1.5352894784960056
352.1,1.5234617559789743,1.5352894779502095
352.20000000000005,1.5234617555729966,1.5352894774496328
352.3,1.5234617552025331,1.5352894769905285
352.40000000000003,1.5234617548644769,1.535289476569461
352.50000000000006,1.5234617545559934,1.535289476183279
352.6000000000001,1.5234617542744955,1.5352894758290918
352.70000000000005,1.5234617540176223,1.535289475504249
352.8,1.52346175378322,1.5352894752063195
352.90000000000003,1.523461753569323,1.5352894749330732
353.00000000000006,1.5234617533741368,1.5352894746824655
353.1,1.5234617531960255,1.5352894744526207
353.20000000000005,1.523461753033495,1.5352894742418182
353.30000000000007,1.5234617528851824,1.5352894740484808
353.40000000000003,1.5234617527498437,1.5352894738711613
353.5,1.5234617526263443,1.5352894737085327
353.6,1.5234617525136485,1.5352894735593778
353.70000000000005,1.523461752410811,1.5352894734225804
353.8,1.5234617523169696,1.5352894732971167
353.90000000000003,1.5234617522313372,1.5352894731820474
354.00000000000006,1.5234617521531957,1.5352894730765119
354.1000000000001,1.52346175208189,1.5352894729797197
354.2,1.5234617520168219,1.535289472890947
354.3,1.523461751957446,1.535289472809529
354.40000000000003,1.523461751903264,1.5352894727348563
354.50000000000006,1.5234617518538218,1.5352894726663704
354.6,1.5234617518087048,1.5352894726035584
354.70000000000005,1.5234617517675344,1.5352894725459505
354.80000000000007,1.5234617517299656,1.5352894724931152
354.90000000000003,1.5234617516956832,1.5352894724446575
355.0,1.5234617516643998,1.5352894724002144
355.1,1.523461751635853,1.5352894723594535
355.20000000000005,1.5234617516098035,1.5352894723220696
355.30000000000007,1.5234617515860327,1.535289472287783
355.40000000000003,1.5234617515643414,1.5352894722563368
355.50000000000006,1.5234617515445474,1.5352894722274961
355.6,1.5234617515264852,1.5352894722010448
355.70000000000005,1.5234617515100028,1.5352894721767851
355.8,1.5234617514949624,1.5352894721545352
355.90000000000003,1.5234617514812376,1.5352894721341288
356.00000000000006,1.5234617514687137,1.535289472115413
356.1,1.523461751457285,1.5352894720982477
356.20000000000005,1.5234617514468562,1.5352894720825045
356.3,1.5234617514373399,1.5352894720680659
356.40000000000003,1.523461751428656,1.5352894720548234
356.5,1.5234617514207316,1.535289472042678
356.6,1.5234617514135003,1.5352894720315389
356.70000000000005,1.5234617514069018,1.5352894720213226
356.80000000000007,1.5234617514008804,1.5352894720119528
356.90000000000003,1.5234617513953859,1.5352894720033592
357.0,1.5234617513903719,1.5352894719954775
357.1,1.5234617513857966,1.535289471988249
357.20000000000005,1.5234617513816215,1.5352894719816192
357.3,1.5234617513778117,1.5352894719755388
357.40000000000003,1.523461751374335,1.5352894719699621
357.50000000000006,1.5234617513711626,1.5352894719648476
357.6000000000001,1.5234617513682676,1.5352894719601566
357.7,1.523461751365626,1.5352894719558543
357.8,1.5234617513632154,1.5352894719519086
357.90000000000003,1.5234617513610156,1.5352894719482897
358.00000000000006,1.5234617513590083,1.5352894719449706
358.1,1.5234617513571767,1.5352894719419266
358.20000000000005,1.523461751355505,1.5352894719391346
358.30000000000007,1.5234617513539799,1.535289471936574
358.40000000000003,1.523461751352588,1.5352894719342256
358.5,1.523461751351318,1.5352894719320715
358.6,1.523461751350159,1.5352894719300962
358.70000000000005,1.5234617513491013,1.5352894719282844
358.80000000000007,1.5234617513481363,1.5352894719266228
358.90000000000003,1.5234617513472557,1.535289471925099
359.00000000000006,1.5234617513464521,1.5352894719237011
359.1000000000001,1.5234617513457187,1.535289471922419
359.20000000000005,1.5234617513450497,1.5352894719212435
359.3,1.523461751344439,1.535289471920165
359.40000000000003,1.5234617513438817,1.535289471919176
359.50000000000006,1.5234617513433732,1.535289471918269
359.6,1.5234617513429094,1.5352894719174373
359.70000000000005,1.523461751342486,1.5352894719166743
359.80000000000007,1.5234617513420996,1.5352894719159744
359.90000000000003,1.523461751341747,1.5352894719153327
360.0,1.5234617513414253,1.535289471914744
360.1,1.5234617513411317,1.5352894719142043
360.20000000000005,1.5234617513408637,1.5352894719137091
360.30000000000007,1.5234617513406192,1.535289471913255
360.40000000000003,1.5234617513403963,1.5352894719128385
360.50000000000006,1.5234617513401927,1.5352894719124566
360.6,1.523461751340007,1.5352894719121062
360.70000000000005,1.5234617513398374,1.5352894719117849
360.8,1.5234617513396829,1.5352894719114902
360.90000000000003,1.5234617513395416,1.53528947191122
361.00000000000006,1.5234617513394129,1.5352894719109722
361.1000000000001,1.5234617513392954,1.5352894719107448
361.20000000000005,1.523461751339188,1.5352894719105363
361.3,1.5234617513390902,1.5352894719103451
361.40000000000003,1.523461751339001,1.5352894719101697
361.50000000000006,1.5234617513389195,1.5352894719100088
361.6,1.523461751338845,1.5352894719098613
361.70000000000005,1.5234617513387771,1.535289471909726
361.80000000000007,1.5234617513387152,1.535289471909602
361.90000000000003,1.5234617513386588,1.535289471909488
362.0,1.523461751338607,1.5352894719093837
362.1,1.52346175133856,1.535289471909288
362.20000000000005,1.5234617513385171,1.5352894719092003
362.3,1.523461751338478,1.5352894719091197
362.40000000000003,1.5234617513384423,1.5352894719090457
362.50000000000006,1.5234617513384097,1.535289471908978
362.6000000000001,1.52346175133838,1.5352894719089158
362.7,1.5234617513383526,1.535289471908859
362.8,1.523461751338328,1.5352894719088066
362.90000000000003,1.5234617513383053,1.5352894719087589
363.00000000000006,1.5234617513382847,1.535289471908715
363.1,1.5234617513382658,1.5352894719086745
363.20000000000005,1.5234617513382487,1.5352894719086374
363.30000000000007,1.523461751338233,1.5352894719086037
363.40000000000003,1.5234617513382185,1.5352894719085726
363.5,1.5234617513382056,1.535289471908544
363.6,1.5234617513381936,1.5352894719085177
363.70000000000005,1.5234617513381827,1.5352894719084937
363.80000000000007,1.5234617513381727,1.5352894719084718
363.90000000000003,1.5234617513381636,1.5352894719084516
364.00000000000006,1.5234617513381554,1.5352894719084331
364.1,1.5234617513381479,1.535289471908416
364.20000000000005,1.523461751338141,1.5352894719084005
364.3,1.5234617513381348,1.5352894719083863
364.40000000000003,1.523461751338129,1.5352894719083732
364.50000000000006,1.523461751338124,1.5352894719083612
364.6000000000001,1.523461751338119,1.53528947190835
364.70000000000005,1.5234617513381148,1.53528947190834
364.8,1.5234617513381108,1.5352894719083308
364.90000000000003,1.523461751338107,1.5352894719083223
365.00000000000006,1.5234617513381037,1.5352894719083146
365.1,1.5234617513381008,1.5352894719083072
365.20000000000005,1.523461751338098,1.5352894719083008
365.30000000000007,1.5234617513380955,1.5352894719082948
365.40000000000003,1.5234617513380933,1.5352894719082892
365.5,1.523461751338091,1.5352894719082841
365.6,1.5234617513380893,1.5352894719082795
365.70000000000005,1.5234617513380875,1.5352894719082752
