0.000000000000000000e+00,1.516921200074557552e+00,5.111992941509936756e-06,-3.462644793987104893e+08
5.000000000000000000e-01,1.516920910729942618e+00,-7.056650801049370443e-06,-1.388739162709112644e+09
1.000000000000000000e+00,1.516919773229402857e+00,-3.880917128398088904e-05,-3.138531077877515793e+09
1.500000000000000000e+00,1.516917071316341792e+00,-1.001985744273608262e-04,-5.614362037735078812e+09
2.000000000000000000e+00,1.516911941436948519e+00,-2.015960878446210755e-04,-8.842882237100008011e+09
2.500000000000000000e+00,1.516903437603936977e+00,-3.538054452366215562e-04,-1.285910814284598541e+10
3.000000000000000000e+00,1.516890597705558452e+00,-5.681841932514465360e-04,-1.770698586608328247e+10
3.500000000000000000e+00,1.516872504385451403e+00,-8.567738059076302534e-04,-2.344008357122582245e+10
4.000000000000000000e+00,1.516848334643617680e+00,-1.232440464170443846e-03,-3.012241970306045532e+10
4.500000000000000000e+00,1.516817394022041521e+00,-1.709028481256202230e-03,-3.782943778593417358e+10
5.000000000000000000e+00,1.516779133380197431e+00,-2.301528536889944129e-03,-4.664914308321232605e+10
5.500000000000000000e+00,1.516733148525173602e+00,-3.026263132402248410e-03,-5.668342128282500458e+10
6.000000000000000000e+00,1.516679165023802955e+00,-3.901091996611272435e-03,-6.804956439208280945e+10
6.500000000000000000e+00,1.516617012118094632e+00,-4.945640560822104313e-03,-8.088203403460673523e+10
7.000000000000000000e+00,1.516546590599146649e+00,-6.181555079486688101e-03,-9.533449728821737671e+10
7.500000000000000888e+00,1.516467839683224517e+00,-7.632788500607053800e-03,-1.115821751414469910e+11
8.000000000000000000e+00,1.516380707405106332e+00,-9.325921787941143792e-03,-1.298245487504306335e+11
8.500000000000000000e+00,1.516285127930514731e+00,-1.129052606972231511e-02,-1.502884742210233459e+11
9.000000000000000000e+00,1.516181007702720684e+00,-1.355957174449308814e-02,-1.732317629659276733e+11
9.500000000000000000e+00,1.516068220731976224e+00,-1.616989152732606697e-02,-1.989472921609505005e+11
1.000000000000000000e+01,1.515946611865032878e+00,-1.916270538767471387e-02,-2.277677187892818604e+11
1.050000000000000000e+01,1.515816005751664086e+00,-2.258421643613204438e-02,-2.600708814832821960e+11
1.100000000000000000e+01,1.515676218601162084e+00,-2.648628808716262800e-02,-2.962859870003918457e+11
1.150000000000000000e+01,1.515527069749740940e+00,-3.092721428524723010e-02,-3.369006927164978027e+11
1.200000000000000000e+01,1.515368390501742546e+00,-3.597259625889220880e-02,-3.824692128616646729e+11
1.250000000000000000e+01,1.515200028543564281e+00,-4.169634118409783902e-02,-4.336215941192055664e+11
1.300000000000000000e+01,1.515021847282239875e+00,-4.818180031574121475e-02,-4.910743253437241821e+11
1.350000000000000000e+01,1.514833720528943051e+00,-5.552306659693580920e-02,-5.556424661922486572e+11
1.400000000000000000e+01,1.514635523840825337e+00,-6.382645449335574983e-02,-6.282535001048695068e+11
1.450000000000000000e+01,1.514427124404838398e+00,-7.321218782869008679e-02,-7.099631380981468506e+11
1.500000000000000178e+01,1.514208371512901774e+00,-8.381632472339060891e-02,-8.019733211284775391e+11
1.549999999999999822e+01,1.513979089434113634e+00,-9.579295236521621904e-02,-9.056526903111760254e+11
1.600000000000000000e+01,1.513739073905697285e+00,-1.093166882700119663e-01,-1.022559816039187866e+12
1.650000000000000000e+01,1.513488092667178098e+00,-1.245855289273221922e-01,-1.154469498948837646e+12
1.700000000000000000e+01,1.513225889611979902e+00,-1.418240912677298238e-01,-1.303402477424722656e+12
1.750000000000000000e+01,1.512952191390031897e+00,-1.612872972301143681e-01,-1.471658897223562744e+12
1.800000000000000000e+01,1.512666714800203760e+00,-1.832645568264786584e-01,-1.661855917568900391e+12
1.850000000000000000e+01,1.512369173147878998e+00,-2.080845104560371805e-01,-1.876969842743346436e+12
1.900000000000000000e+01,1.512059279931710520e+00,-2.361203967318017960e-01,-2.120383175986897461e+12
1.950000000000000000e+01,1.511736748718857326e+00,-2.677961176297156687e-01,-2.395936989756798340e+12
2.000000000000000000e+01,1.511401288767814988e+00,-3.035930781737065653e-01,-2.707988988698366699e+12
2.050000000000000000e+01,1.511052596723984065e+00,-3.440578828849432669e-01,-3.061477604002750488e+12
2.100000000000000000e+01,1.510690345397403211e+00,-3.898109755325158132e-01,-3.461992394843600098e+12
2.150000000000000000e+01,1.510314171104453651e+00,-4.415563119333658082e-01,-3.915850938967983398e+12
2.200000000000000000e+01,1.509923661227767555e+00,-5.000921571973131474e-01,-4.430182265341151367e+12
2.250000000000000000e+01,1.509518343490868331e+00,-5.663230983706457611e-01,-5.013016712870787109e+12
2.300000000000000000e+01,1.509097677989187591e+00,-6.412733603205803545e-01,-5.673381887596592773e+12
2.350000000000000000e+01,1.508661052356291998e+00,-7.261015063108978707e-01,-6.421404134588392578e+12
2.400000000000000000e+01,1.508207779702001039e+00,-8.221165944204322784e-01,-7.268414639932582031e+12
2.450000000000000000e+01,1.507737098280997223e+00,-9.307958461337085820e-01,-8.227058934054193359e+12
2.500000000000000000e+01,1.507248171367536083e+00,-1.053803863504951144e+00,-9.311408183784326172e+12
2.550000000000000000e+01,1.506740085617728653e+00,-1.193013405751383704e+00,-1.053707024351860156e+13
2.600000000000000000e+01,1.506211846333699089e+00,-1.350527704580062549e+00,-1.192129799648546094e+13
2.650000000000000000e+01,1.505662368478618562e+00,-1.528704259810341304e+00,-1.348309207383651953e+13
2.700000000000000000e+01,1.505090462943444729e+00,-1.730180013075136358e+00,-1.524329462185261328e+13
2.750000000000000000e+01,1.504494818306516768e+00,-1.957897748265575721e+00,-1.722467044364955469e+13
2.800000000000000000e+01,1.503873979006965067e+00,-2.215133514472424014e+00,-1.945197164492974609e+13
2.850000000000000000e+01,1.503226321331717852e+00,-2.505524813304571552e+00,-2.195198197301321094e+13
2.900000000000000000e+01,1.502550028789253256e+00,-2.833099242327442369e+00,-2.475353751132477734e+13
2.950000000000000000e+01,1.501843068264754555e+00,-3.202303247274993048e+00,-2.788752149383192969e+13
3.000000000000000355e+01,1.501103167844489272e+00,-3.618030618488282890e+00,-3.138683302246424219e+13
3.050000000000000000e+01,1.500327796454450358e+00,-4.085650387150765894e+00,-3.528633277278877344e+13
3.099999999999999645e+01,1.499514144627055234e+00,-4.611033855520993541e+00,-3.962277381379856250e+13
3.150000000000000355e+01,1.498659104967267952e+00,-5.200580660702008196e+00,-4.443473298991063281e+13
3.200000000000000000e+01,1.497759250410544141e+00,-5.861244059936154827e+00,-4.976256854416314844e+13
3.250000000000000000e+01,1.496810808287123429e+00,-6.600556082649708500e+00,-5.564844349622541406e+13
3.300000000000000000e+01,1.495809628600493602e+00,-7.426653876181647185e+00,-6.213647245971667188e+13
3.350000000000000000e+01,1.494751145773792977e+00,-8.348309544150795958e+00,-6.927307280481383594e+13
3.400000000000000000e+01,1.493630334301551121e+00,-9.374967113792287421e+00,-7.710762994315889062e+13
3.450000000000000000e+01,1.492441660062276965e+00,-1.051679205284001917e+01,-8.569362135559078125e+13
3.500000000000000000e+01,1.491179030231543967e+00,-1.178474106990519310e+01,-9.509038458264468750e+13
3.550000000000000000e+01,1.489835745487803065e+00,-1.319066284736262595e+01,-1.053657595869863906e+14
3.600000000000000000e+01,1.488404458241636252e+00,-1.474744391776590113e+01,-1.165998829494526719e+14
3.650000000000000000e+01,1.486877139722382557e+00,-1.646921809370865120e+01,-1.288904551150904844e+14
3.700000000000000000e+01,1.485245056807481756e+00,-1.837166258908644778e+01,-1.423598335957400312e+14
3.750000000000000000e+01,1.483498756501495430e+00,-2.047240896049871850e+01,-1.571643108080891250e+14
3.800000000000000000e+01,1.481628052146224395e+00,-2.279160174259145322e+01,-1.735058944184782812e+14
3.850000000000000000e+01,1.479622001121581487e+00,-2.535264129193796023e+01,-1.916467914274978125e+14
3.900000000000000000e+01,1.477468859492983899e+00,-2.818314855106025618e+01,-2.119265654301791250e+14
3.950000000000000000e+01,1.475155995434989098e+00,-3.131618623127551970e+01,-2.347815395185209062e+14
4.000000000000000000e+01,1.472669741092661244e+00,-3.479176055575793214e+01,-2.607653956179960625e+14
4.050000000000000000e+01,1.469995162696781321e+00,-3.865860659584949843e+01,-2.905690098395867500e+14
4.100000000000000000e+01,1.467115732132492800e+00,-4.297622388467317478e+01,-3.250363016329685625e+14
4.150000000000000000e+01,1.464012890660595145e+00,-4.781707219781617368e+01,-3.651712212333518750e+14
4.200000000000000000e+01,1.460665507891733439e+00,-5.326875470302314142e+01,-4.121289612897209375e+14
4.250000000000000000e+01,1.457049256979171314e+00,-5.943590236168229524e+01,-4.671821497560810625e+14
4.300000000000000000e+01,1.453135950493833262e+00,-6.644132716844833908e+01,-5.316504080368593750e+14
4.350000000000000000e+01,1.448892910108584786e+00,-7.442583531170926392e+01,-6.067797245297196250e+14
4.400000000000000000e+01,1.444282475620505712e+00,-8.354589663662414978e+01,-6.935574329821385000e+14
4.450000000000000000e+01,1.439261792181881772e+00,-9.396818095409200566e+01,-7.924505094351827500e+14
4.500000000000000000e+01,1.433783044236199844e+00,-1.058598443086903274e+02,-9.030613049824268750e+14
4.550000000000000000e+01,1.427794323551188294e+00,-1.193734594126880069e+02,-1.023708178906505125e+15
4.600000000000000000e+01,1.421241317174295915e+00,-1.346257506506384516e+02,-1.150961522021697750e+15
4.650000000000000000e+01,1.414069966726812178e+00,-1.516699660814587105e+02,-1.279200497260488000e+15
4.700000000000000000e+01,1.406230169179909728e+00,-1.704629606658769205e+02,-1.400302226287940750e+15
4.750000000000000000e+01,1.397680448112202045e+00,-1.908299997140738640e+02,-1.503627552179046500e+15
4.800000000000000000e+01,1.388393316533359512e+00,-2.124329002085742957e+02,-1.576511190560420000e+15
4.850000000000000000e+01,1.378360784854167909e+00,-2.347500971532006133e+02,-1.605471847133520500e+15
4.900000000000000000e+01,1.367599171930911295e+00,-2.570797734202870402e+02,-1.578290490733674250e+15
4.950000000000000000e+01,1.356152118476792179e+00,-2.785779761577323939e+02,-1.486920459422326500e+15
5.000000000000000000e+01,1.458807295715144114e+00,-3.410838044921882215e+02,1.675381409981798250e+15
5.050000000000000000e+01,1.445761459061344789e+00,-3.113801525010902083e+02,1.767231597311577000e+15
5.100000000000000000e+01,1.433736968871106132e+00,-2.806328315281213577e+02,1.796341230456872750e+15
5.150000000000000000e+01,1.422751388928547023e+00,-2.498345462237419383e+02,1.773138294248178000e+15
5.200000000000000000e+01,1.412795630968281646e+00,-2.198190352326089965e+02,1.705618748475029500e+15
5.250000000000000000e+01,1.403838374318546522e+00,-1.912853356588678082e+02,1.601398359327133750e+15
5.300000000000000000e+01,1.395830150460662500e+00,-1.647948459956025715e+02,1.468813489089978750e+15
5.350000000000000000e+01,1.388707566299956842e+00,-1.407562506781360696e+02,1.317227127793533750e+15
5.400000000000000000e+01,1.382397802407217879e+00,-1.194108049495306290e+02,1.156681101867740250e+15
5.450000000000000000e+01,1.376823254724120149e+00,-1.008276323168600470e+02,9.970834197871343750e+14
5.500000000000000000e+01,1.371906003830110965e+00,-8.491492546779575434e+01,8.471777369303188750e+14
5.550000000000000000e+01,1.367571712146338658e+00,-7.144844317278158030e+01,7.135693094327163750e+14
5.600000000000000000e+01,1.363752573398795409e+00,-6.011418289921370928e+01,6.000560945252627500e+14
5.650000000000000000e+01,1.360389058972872878e+00,-5.055851150394462223e+01,5.074332690261768750e+14
5.700000000000000000e+01,1.357430391779743450e+00,-4.243715173422015852e+01,4.338213211010441250e+14
5.750000000000000000e+01,1.354833885200287913e+00,-3.545465386005857056e+01,3.754407188727293125e+14
5.800000000000000000e+01,1.352563463700098501e+00,-2.938821319298760315e+01,3.276515323659711250e+14
5.850000000000000000e+01,1.350587791366714585e+00,-2.409331493425193926e+01,2.860199994470646250e+14
5.900000000000000000e+01,1.348878450971605192e+00,-1.949275227838195690e+01,2.471789770529526250e+14
5.950000000000000000e+01,1.347408538606022388e+00,-1.555404000670914044e+01,2.093124369492903125e+14
6.000000000000000711e+01,1.346151890035949927e+00,-1.226228863768978172e+01,1.721970852858213750e+14
6.050000000000000000e+01,1.345082974065151316e+00,-9.595778284798146984e+00,1.368478505927131250e+14
6.100000000000000000e+01,1.344177320861632330e+00,-7.509858331275140131e+00,1.049074448949663125e+14
6.150000000000000000e+01,1.343412238767588640e+00,-5.931953151277739700e+00,7.796962687259346875e+13
6.199999999999999289e+01,1.342767534777951521e+00,-4.767221593643450994e+00,5.702118205280601562e+13
6.250000000000000711e+01,1.342225993503802117e+00,-3.911680671537219212e+00,4.213485127256985938e+13
6.300000000000000711e+01,1.341773468549488202e+00,-3.268031423018784132e+00,3.246322426872195703e+13
6.350000000000000000e+01,1.341398566465135112e+00,-2.759308856085404216e+00,2.649703174805981250e+13
6.400000000000000000e+01,1.341092020324648804e+00,-2.336688676103142903e+00,2.248407431888541797e+13
6.450000000000000000e+01,1.340845927077273680e+00,-1.979847646422843610e+00,1.887331738101472266e+13
6.500000000000000000e+01,1.340653043377508569e+00,-1.690537504223925458e+00,1.465733598694089453e+13
6.550000000000000000e+01,1.340506298880977276e+00,-1.481854305885669465e+00,9.528763864288414062e+12
6.600000000000000000e+01,1.340398609684483100e+00,-1.366612964790479223e+00,3.827551377727359375e+12
6.650000000000000000e+01,1.340322983067793849e+00,-1.348110463866010855e+00,-1.683136597715730225e+12
6.700000000000000000e+01,1.340272825117800215e+00,-1.415529055098677658e+00,-6.130586751202156250e+12
6.750000000000000000e+01,1.340242316370639397e+00,-1.544677719636847080e+00,-8.837568428737263672e+12
6.800000000000000000e+01,1.340226717124883393e+00,-1.703186799002026852e+00,-9.533419036379957031e+12
6.850000000000000000e+01,1.340222500320859211e+00,-1.858105100954123623e+00,-8.421402193276402344e+12
6.900000000000000000e+01,1.340227271669974352e+00,-1.983385569959261518e+00,-6.098434367095291992e+12
6.950000000000000000e+01,1.340239503960088285e+00,-2.065043313489657084e+00,-3.365587434271612305e+12
7.000000000000000000e+01,1.340258165387976375e+00,-2.102667543525347682e+00,-9.950098333332484131e+11
7.050000000000000000e+01,1.340282346516808332e+00,-2.107153372909343236e+00,4.751082875411979980e+11
7.100000000000000000e+01,1.340310982492908032e+00,-2.095626633772546210e+00,8.608251557912257080e+11
7.150000000000000000e+01,1.340342731750121308e+00,-2.085257410425980673e+00,3.409537762779412842e+11
7.200000000000000000e+01,1.340376022288519708e+00,-2.087825717375284551e+00,-6.386170707794571533e+11
7.250000000000000000e+01,1.340409227589962837e+00,-2.106518746415261489e+00,-1.527879659589681396e+12
7.300000000000000000e+01,1.340440900488323539e+00,-2.135663319398086735e+00,-1.849936848385652100e+12
7.350000000000000000e+01,1.340469983369795282e+00,-2.163187203696116612e+00,-1.340044037602073730e+12
7.400000000000000000e+01,1.340495927827833222e+00,-2.174832045712022044e+00,-9.577369349767715454e+09
7.450000000000000000e+01,1.340518689969407040e+00,-2.158718537297968254e+00,1.877111155295632080e+12
7.500000000000000000e+01,1.340538607780472624e+00,-2.108882873887407250e+00,3.898774689842475098e+12
7.550000000000000000e+01,1.340556201947328718e+00,-2.026820409596920669e+00,5.612153699085757812e+12
7.600000000000000000e+01,1.340571961445993443e+00,-1.920734644201768537e+00,6.683042728191117188e+12
7.650000000000000000e+01,1.340586175386302648e+00,-1.802886082091058828e+00,6.975445895858841797e+12
7.700000000000000000e+01,1.340598854510642646e+00,-1.685961691881611824e+00,6.575932457399639648e+12
7.750000000000000000e+01,1.340609756128452013e+00,-1.579602220528657064e+00,5.750986119422608398e+12
7.800000000000000000e+01,1.340618494735137611e+00,-1.488092247278326452e+00,4.854895753387869141e+12
7.850000000000000000e+01,1.340624696590743792e+00,-1.409801496044364111e+00,4.218896204233482422e+12
7.900000000000000000e+01,1.340628146675466370e+00,-1.338408149919066537e+00,4.055495849605775391e+12
7.950000000000000000e+01,1.340628882614832706e+00,-1.265408995610004528e+00,4.405007196319601562e+12
8.000000000000000000e+01,1.340627209422761368e+00,-1.183078596317213016e+00,5.136974496233360352e+12
8.050000000000000000e+01,1.340623634627649219e+00,-1.086967530718036423e+00,6.002167743775139648e+12
8.100000000000000000e+01,1.340618747445906145e+00,-9.772301963357095111e-01,6.716240580006727539e+12
8.150000000000000000e+01,1.340613081090336278e+00,-8.584681533776840068e-01,7.048119236172234375e+12
8.200000000000000000e+01,1.340607000026064588e+00,-7.382361118461963079e-01,6.886611422326701172e+12
8.250000000000000000e+01,1.340600644021057386e+00,-6.247444530928092377e-01,6.266918007684267578e+12
8.300000000000000000e+01,1.340593941956292667e+00,-5.244956109080205486e-01,5.351786930512685547e+12
8.350000000000000000e+01,1.340586686749195566e+00,-4.405636228948901501e-01,4.375816724034218262e+12
8.400000000000000000e+01,1.340578645017401760e+00,-3.719898034135981635e-01,3.571796013175107422e+12
8.450000000000000000e+01,1.340569666321735465e+00,-3.144058368674365611e-01,3.102107663812945312e+12
8.500000000000000000e+01,1.340559759065016898e+00,-2.616234655436148748e-01,3.015297634688211914e+12
8.550000000000000000e+01,1.340549112067602300e+00,-2.076581520431352579e-01,3.239209058801655762e+12
8.600000000000000000e+01,1.340538058360127627e+00,-1.485570168757523457e-01,3.610532405110345703e+12
8.650000000000000000e+01,1.340526995277956601e+00,-8.349724450623507988e-02,3.929807034564286133e+12
8.700000000000000000e+01,1.340516287272108142e+00,-1.487012258456334689e-02,4.023983383242253418e+12
8.750000000000000000e+01,1.340506181581480938e+00,5.261492823959445370e-02,3.797442542254262207e+12
8.800000000000000000e+01,1.340496761408567439e+00,1.134814336565147241e-01,3.256902940906533203e+12
8.850000000000000000e+01,1.340487948662238304e+00,1.631899948645677834e-01,2.504251931227311523e+12
8.900000000000000000e+01,1.340479552825192933e+00,1.994759240681438228e-01,1.701238083784801758e+12
8.950000000000000000e+01,1.340471348866272283e+00,2.229392866427678532e-01,1.018133837837803711e+12
9.000000000000000000e+01,1.340463159327046627e+00,2.367507159733310829e-01,5.825921024256986084e+11
9.050000000000000000e+01,1.340454915786052359e+00,2.456081629486074336e-01,4.439739971783555298e+11
9.100000000000000000e+01,1.340446682403895418e+00,2.542963649422220751e-01,5.629768384351828613e+11
9.150000000000000000e+01,1.340438636543740403e+00,2.663006875737145007e-01,8.283078846455782471e+11
9.200000000000000000e+01,1.340431014616098704e+00,2.828866163445362680e-01,1.093978780360618408e+12
9.250000000000000000e+01,1.340424041331493177e+00,3.028950904355341978e-01,1.224976248549806152e+12
9.300000000000000000e+01,1.340417864614344090e+00,3.232765442099975184e-01,1.137206620160895752e+12
9.350000000000000000e+01,1.340412515619528566e+00,3.401643101273416070e-01,8.200625610360187988e+11
9.400000000000000000e+01,1.340407904788065707e+00,3.501370572668786596e-01,3.357653159976547852e+11
9.450000000000000000e+01,1.340403853512573296e+00,3.512816249706989247e-01,-2.031114704004646301e+11
9.500000000000000000e+01,1.340400150303916016e+00,3.437476031880690175e-01,-6.700714430637343750e+11
9.550000000000000000e+01,1.340396613524113878e+00,3.296532981498756509e-01,-9.634394083220312500e+11
9.600000000000000000e+01,1.340393141633914542e+00,3.124044205824173526e-01,-1.035682123694936646e+12
9.650000000000000000e+01,1.340389736552982214e+00,2.956598586732642198e-01,-9.049899070424206543e+11
9.700000000000000000e+01,1.340386494473981172e+00,2.822728876744548532e-01,-6.465418878551193848e+11
9.750000000000000000e+01,1.340383568492056865e+00,2.735269479923803648e-01,-3.671006675968669434e+11
9.800000000000000000e+01,1.340381115644993182e+00,2.688806226943378785e-01,-1.714021371071171875e+11
9.850000000000000000e+01,1.340379245025528299e+00,2.662727321078866560e-01,-1.308488472905345917e+11
9.900000000000000000e+01,1.340377982506608889e+00,2.628675725634253557e-01,-2.638045287719468994e+11
9.950000000000000000e+01,1.340377261895909333e+00,2.559939033359828198e-01,-5.328444185466393433e+11
1.000000000000000000e+02,1.340376943942383825e+00,2.439851286257207486e-01,-8.589562944294531250e+11
1.005000000000000000e+02,1.340376856198105759e+00,2.266722050583439563e-01,-1.147588082174123535e+12
1.010000000000000000e+02,1.340376840818960025e+00,2.053975221402978280e-01,-1.318118833650824219e+12
1.015000000000000000e+02,1.340376795625106698e+00,1.825687654435286245e-01,-1.327703126833580566e+12
1.020000000000000000e+02,1.340376696468775997e+00,1.609095995011549651e-01,-1.182564850406646240e+12
1.025000000000000000e+02,1.340376595142716898e+00,1.426480356285469153e-01,-9.339256518454069824e+11
1.030000000000000000e+02,1.340376594687331613e+00,1.288908170423916366e-01,-6.605173366150728760e+11
1.035000000000000000e+02,1.340376810659932083e+00,1.193643877973585704e-01,-4.435829013569977417e+11
1.040000000000000000e+02,1.340377330742981377e+00,1.125839131019157890e-01,-3.422649260128648682e+11
1.045000000000000000e+02,1.340378184976702469e+00,1.063796374107297410e-01,-3.768022177077915649e+11
1.050000000000000000e+02,1.340379335112948045e+00,9.860505055560751797e-02,-5.242618616113823853e+11
1.055000000000000000e+02,1.340380685412102091e+00,8.780425714934429748e-02,-7.275354554536619873e+11
1.060000000000000000e+02,1.340382110612636346e+00,7.363822317539667206e-02,-9.142886823691026611e+11
1.065000000000000000e+02,1.340383491800184457e+00,5.695139491105542795e-02,-1.019692097183129272e+12
1.070000000000000000e+02,1.340384748927758496e+00,3.947422129970119820e-02,-1.005888636903181030e+12
1.075000000000000000e+02,1.340385860252573780e+00,2.326752505068241036e-02,-8.724454928141262207e+11
1.080000000000000000e+02,1.340386863347451829e+00,1.008828578544136191e-02,-6.550104757094686279e+11
1.085000000000000000e+02,1.340387838163628942e+00,8.725834071549628656e-04,-4.130769395464520874e+11
1.090000000000000000e+02,1.340388878047275467e+00,-4.512228960791155909e-03,-2.110155156601069031e+11
1.095000000000000000e+02,1.340390058020802133e+00,-7.181872782661434529e-03,-9.839258502614428711e+10
1.100000000000000000e+02,1.340391410086313684e+00,-8.855357883243543740e-03,-9.556206999412789917e+10
1.105000000000000000e+02,1.340392912780719037e+00,-1.130784695899894610e-02,-1.886780899353904724e+11
1.110000000000000000e+02,1.340394497596909318e+00,-1.582851195382253481e-02,-3.352608559376495361e+11
1.115000000000000000e+02,1.340396069664101963e+00,-2.284736379557357477e-02,-4.782145596078451538e+11
1.120000000000000000e+02,1.340397535856537647e+00,-3.183748014677005578e-02,-5.637277408535666504e+11
1.125000000000000000e+02,1.340398831511012467e+00,-4.151165710267771397e-02,-5.574962565608470459e+11
1.130000000000000000e+02,1.340399937693220522e+00,-5.024282784017920778e-02,-4.544345982320296631e+11
1.135000000000000000e+02,1.340400884123349456e+00,-5.657274921930921519e-02,-2.791947104290109253e+11
1.140000000000000000e+02,1.340401737400467752e+00,-5.965200333993583848e-02,-7.768666872288220215e+10
1.145000000000000000e+02,1.340402578631593178e+00,-5.948103581312096794e-02,9.750157336201722717e+10
1.150000000000000000e+02,1.340403477626965545e+00,-5.688682688151949773e-02,2.031637257818184814e+11
1.155000000000000000e+02,1.340404471597634872e+00,-5.325184418478404180e-02,2.181258421412810669e+11
1.160000000000000000e+02,1.340405554636063146e+00,-5.008580752810898318e-02,1.488135153189971924e+11
1.165000000000000000e+02,1.340406680765390268e+00,-4.857461946476950010e-02,2.633113305212385559e+10
1.170000000000000000e+02,1.340407779131885579e+00,-4.924259297355009640e-02,-1.037483573902175598e+11
1.175000000000000000e+02,1.340408776286520220e+00,-5.182495546434675443e-02,-1.955439553202663574e+11
1.180000000000000000e+02,1.340409618530880476e+00,-5.538088697146720252e-02,-2.165836868675011902e+11
1.185000000000000000e+02,1.340410287526436539e+00,-5.860416110940853962e-02,-1.569894170954306030e+11
1.190000000000000000e+02,1.340410804639873055e+00,-6.023099933816965235e-02,-3.155892870304511261e+10
1.195000000000000000e+02,1.340411223063445290e+00,-5.941961643527795406e-02,1.255971074504780426e+11
1.200000000000000142e+02,1.340411610487296068e+00,-5.598936795448004183e-02,2.719640423294319153e+11
1.204999999999999858e+02,1.340412027876770606e+00,-5.045384244763000819e-02,3.695958614089149780e+11
1.210000000000000000e+02,1.340412510916396460e+00,-4.384644305268057402e-02,3.961927732092239380e+11
1.214999999999999858e+02,1.340413059677285412e+00,-3.739903484554035762e-02,3.510530995838902588e+11
1.220000000000000000e+02,1.340413639414036462e+00,-3.217560990755300582e-02,2.543347712248916321e+11
1.225000000000000142e+02,1.340414191951354805e+00,-2.877209068561245933e-02,1.401284936806176453e+11
1.230000000000000000e+02,1.340414653941330414e+00,-2.716892204730140051e-02,4.567657866498094177e+10
1.235000000000000000e+02,1.340414976306599781e+00,-2.677370192548107417e-02,1.288977973237686157e+08
1.239999999999999858e+02,1.340415138985111332e+00,-2.663259963180551401e-02,1.622466679843679810e+10
1.245000000000000000e+02,1.340415156663903096e+00,-2.573962778048460853e-02,8.726956049137596130e+10
1.250000000000000142e+02,1.340415074006844565e+00,-2.334651785803999388e-02,1.900886360482182312e+11
1.255000000000000000e+02,1.340414952063008869e+00,-1.917995380326689009e-02,2.928104907992709961e+11
1.260000000000000142e+02,1.340414850125890567e+00,-1.350481488937672024e-02,3.649304175917343750e+11
1.265000000000000000e+02,1.340414808546062764e+00,-7.021158706007297329e-03,3.865165465181020508e+11
1.270000000000000000e+02,1.340414837555558902e+00,-6.334808630802193398e-04,3.538066580175152588e+11
1.274999999999999858e+02,1.340414915226528780e+00,4.832059262416430259e-03,2.796420348757891846e+11
1.280000000000000000e+02,1.340414994883508903e+00,8.873944971634011025e-03,1.888070407030580750e+11
1.285000000000000000e+02,1.340415019480535985e+00,1.145112697891635320e-02,1.098848609894206238e+11
1.290000000000000000e+02,1.340414938477126228e+00,1.297076940278171775e-02,6.623963630813690186e+10
1.295000000000000000e+02,1.340414722161977101e+00,1.413688094635731987e-02,6.891111111751423645e+10
1.300000000000000000e+02,1.340414369307979303e+00,1.571107052361524203e-02,1.135353273284358978e+11
1.305000000000000000e+02,1.340413906167536418e+00,1.826200940617010715e-02,1.821150317764202576e+11
1.310000000000000000e+02,1.340413377460054178e+00,2.198146338825468504e-02,2.489646436315389709e+11
1.315000000000000000e+02,1.340412832358219175e+00,2.662232125403579328e-02,2.889044930835669556e+11
1.320000000000000000e+02,1.340412309853358019e+00,3.157535860588678300e-02,2.851458229584581909e+11
1.325000000000000000e+02,1.340411827895366503e+00,3.605866841980047421e-02,2.344637080760043335e+11
1.330000000000000000e+02,1.340411379400421543e+00,3.935977882755462703e-02,1.481305140638123779e+11
1.335000000000000000e+02,1.340410936034234002e+00,4.105545061924834038e-02,4.839554838584019470e+10
1.340000000000000000e+02,1.340410458295274054e+00,4.114206499124339889e-02,-3.835706006332391357e+10
1.345000000000000000e+02,1.340409908565179720e+00,4.003747660225033533e-02,-8.966323713085278320e+10
1.350000000000000000e+02,1.340409263006605567e+00,3.845441446052533241e-02,-9.381151951151174927e+10
1.355000000000000000e+02,1.340408518678450678e+00,3.718403600429415201e-02,-5.342362177405873108e+10
1.360000000000000000e+02,1.340407693820764301e+00,3.685464511935199194e-02,1.524766464509761238e+10
1.365000000000000000e+02,1.340406821427416739e+00,3.773730097714722564e-02,8.705095297674324036e+10
1.370000000000000000e+02,1.340405938301162614e+00,3.965548958056158008e-02,1.352645063659395599e+11
1.375000000000000000e+02,1.340405073142829195e+00,4.202491514197755768e-02,1.393487048307396851e+11
1.380000000000000000e+02,1.340404237465051551e+00,4.401124856398459101e-02,9.086464662760401917e+10
1.385000000000000000e+02,1.340403422188997107e+00,4.475964752359998938e-02,-4.126221541390678406e+09
1.390000000000000000e+02,1.340402600982931958e+00,4.362983669256441377e-02,-1.268173225005898438e+11
1.395000000000000000e+02,1.340401739295132622e+00,4.036999103612352868e-02,-2.509943708896864929e+11
1.400000000000000000e+02,1.340400806266172751e+00,3.518129367414834369e-02,-3.503686209268733521e+11
1.405000000000000000e+02,1.340399785811535738e+00,2.865700132145888868e-02,-4.057880201314285889e+11
1.410000000000000000e+02,1.340398683409844693e+00,2.161562067703855228e-02,-4.102984531093050537e+11
1.415000000000000000e+02,1.340397526433473319e+00,1.487703435242560511e-02,-3.706945688542632446e+11
1.420000000000000000e+02,1.340396357818355089e+00,9.044960629762814272e-03,-3.052348711738496704e+11
1.425000000000000000e+02,1.340395224894843640e+00,4.355303327123136344e-03,-2.382900541334551697e+11
1.430000000000000000e+02,1.340394166682427057e+00,6.294498469794575137e-04,-1.935313144260737915e+11
1.435000000000000000e+02,1.340393203445000792e+00,-2.659170014534648421e-03,-1.876152703334285889e+11
1.440000000000000000e+02,1.340392331664234327e+00,-6.228809163797274437e-03,-2.261010690001347046e+11
1.445000000000000000e+02,1.340391526008063217e+00,-1.079080144176424068e-02,-3.026276529768044434e+11
1.450000000000000000e+02,1.340390747819859341e+00,-1.686537149284040096e-02,-4.014067828500386353e+11
1.455000000000000000e+02,1.340389957738860938e+00,-2.466138680493739146e-02,-5.021408255897177734e+11
1.460000000000000000e+02,1.340389128848110678e+00,-3.404861601686451356e-02,-5.858263172084044189e+11
1.465000000000000000e+02,1.340388256586791282e+00,-4.462300744721720003e-02,-6.397313176997103271e+11
1.470000000000000000e+02,1.340387362601236587e+00,-5.583883950124434586e-02,-6.601684161237097168e+11
1.475000000000000000e+02,1.340386491462078888e+00,-6.716405225242669252e-02,-6.524083922522325439e+11
1.480000000000000000e+02,1.340385701225681903e+00,-7.821139812462284124e-02,-6.279640214526253662e+11
1.485000000000000000e+02,1.340385050564957270e+00,-8.880871749390377434e-02,-6.002509305021763916e+11
1.490000000000000000e+02,1.340384586131281308e+00,-9.899283122057415951e-02,-5.800740475071842041e+11
1.495000000000000000e+02,1.340384333672113071e+00,-1.089363952082753467e-01,-5.723715417817403564e+11
1.500000000000000000e+02,1.340384295272930570e+00,-1.188378272174772099e-01,-5.751910083021676025e+11
1.505000000000000000e+02,1.340384453271650456e+00,-1.288147860634624442e-01,-5.811249998005737305e+11
1.510000000000000000e+02,1.340384779454723896e+00,-1.388386764778581084e-01,-5.806303134728197021e+11
1.515000000000000000e+02,1.340385246660676710e+00,-1.487324697375810578e-01,-5.660469158995628662e+11
1.520000000000000000e+02,1.340385839320327399e+00,-1.582317431665414276e-01,-5.349059997949815063e+11
1.525000000000000000e+02,1.340386559914278797e+00,-1.670864544079840031e-01,-4.913430319655809937e+11
1.530000000000000000e+02,1.340387429672391661e+00,-1.751658034665154462e-01,-4.450425736730617065e+11
1.535000000000000000e+02,1.340388483654085361e+00,-1.825256232047743343e-01,-4.079505589510974121e+11
1.540000000000000000e+02,1.340389762071176438e+00,-1.894083392049317749e-01,-3.897468970637187500e+11
1.545000000000000000e+02,1.340391300817267206e+00,-1.961667044717781139e-01,-3.935384774975550537e+11
1.550000000000000000e+02,1.340393124313389306e+00,-2.031279052660957818e-01,-4.132552597870425415e+11
1.555000000000000000e+02,1.340395242928882125e+00,-2.104363782259395799e-01,-4.337868508110216675e+11
1.560000000000000000e+02,1.340397655659537168e+00,-2.179247231324296930e-01,-4.341021746161519775e+11
1.565000000000000000e+02,1.340400356941266802e+00,-2.250583744630130778e-01,-3.926783460929490356e+11
1.570000000000000000e+02,1.340403345023681858e+00,-2.309814598362352200e-01,-2.937992208834885254e+11
1.575000000000000000e+02,1.340406628700471670e+00,-2.346631791288010527e-01,-1.329070551524845123e+11
1.580000000000000000e+02,1.340410229618335780e+00,-2.351139228502269751e-01,8.066646874910844421e+10
1.585000000000000000e+02,1.340414178762756148e+00,-2.316170388469102059e-01,3.246176477771118774e+11
1.590000000000000000e+02,1.340418507641848667e+00,-2.239129094810234644e-01,5.682805040333497314e+11
1.595000000000000000e+02,1.340423236565404741e+00,-2.122803185201586063e-01,7.799210222435655518e+11
1.600000000000000000e+02,1.340428363640624454e+00,-1.974845504017667674e-01,9.348884494179522705e+11
1.605000000000000000e+02,1.340433858250160926e+00,-1.805961574575155604e-01,1.022453403347666626e+12
1.610000000000000000e+02,1.340439661727901521e+00,-1.627196215765246146e-01,1.049412876518859375e+12
1.615000000000000000e+02,1.340445695952589000e+00,-1.446974088328104313e-01,1.039337154295967407e+12
1.620000000000000000e+02,1.340451878191702972e+00,-1.268645382676857336e-01,1.027468374642905029e+12
1.625000000000000000e+02,1.340458138450132841e+00,-1.089185423518341522e-01,1.052448229122174316e+12
1.630000000000000000e+02,1.340464434457347087e+00,-8.994180898332861107e-02,1.146929448408325928e+12
1.635000000000000000e+02,1.340470759658746847e+00,-6.857493066264992720e-02,1.329462789625843994e+12
1.640000000000000000e+02,1.340477141176979581e+00,-4.330104841764220031e-02,1.599745907928937256e+12
1.645000000000000000e+02,1.340483627291325197e+00,-1.277269647330272866e-02,1.938448706198310547e+12
1.650000000000000000e+02,1.340490266857017998e+00,2.389793159840868791e-02,2.311627386233874023e+12
1.655000000000000000e+02,1.340497085446341829e+00,6.695421383691581296e-02,2.678537369413064941e+12
1.660000000000000000e+02,1.340504064149351526e+00,1.159567150647624056e-01,3.000786107964449707e+12
1.665000000000000000e+02,1.340511126553169285e+00,1.698939827144612114e-01,3.250470109431513672e+12
1.670000000000000000e+02,1.340518137489771444e+00,2.274077091671353468e-01,3.415292835920380859e+12
1.675000000000000000e+02,1.340524914197002815e+00,2.870705746790560564e-01,3.499552413589317383e+12
1.680000000000000000e+02,1.340531247367508616e+00,3.476459913799246348e-01,3.521056281904558594e+12
1.685000000000000000e+02,1.340536927033432413e+00,4.082694643152528502e-01,3.505122066030766113e+12
1.690000000000000000e+02,1.340541767048033073e+00,4.685174800795788297e-01,3.477541304656603516e+12
1.695000000000000000e+02,1.340545622403454651e+00,5.283633551529297590e-01,3.458514504983127930e+12
1.700000000000000000e+02,1.340548395622486177e+00,5.880500349812793903e-01,3.459090791524256836e+12
1.705000000000000000e+02,1.340550031408289211e+00,6.479283772156065879e-01,3.480727918068653320e+12
1.710000000000000000e+02,1.340550501793832172e+00,7.083109478135042325e-01,3.517530175462451660e+12
1.715000000000000000e+02,1.340549786347950745e+00,7.693763619635777262e-01,3.559868560282326172e+12
1.720000000000000000e+02,1.340547852946299745e+00,8.311336780547357028e-01,3.597720672673468262e+12
1.725000000000000000e+02,1.340544643997373164e+00,8.934297726915331195e-01,3.622312263495114746e+12
1.730000000000000000e+02,1.340540071093553776e+00,9.559648767111728063e-01,3.625421536206527344e+12
1.735000000000000000e+02,1.340534018488560575e+00,1.018279508730812299e+00,3.596759857509077148e+12
1.740000000000000000e+02,1.340526353418695082e+00,1.079691437202046966e+00,3.520799418414385742e+12
1.745000000000000000e+02,1.340516939834211607e+00,1.139189273688915094e+00,3.374919190761762207e+12
1.750000000000000000e+02,1.340505652011731552e+00,1.195319986815479574e+00,3.130554384543920898e+12
1.755000000000000000e+02,1.340492385737259040e+00,1.246129056169288818e+00,2.758147890123038086e+12
1.760000000000000000e+02,1.340477066785099813e+00,1.289214034258039376e+00,2.235342675674567383e+12
1.765000000000000000e+02,1.340459658478796001e+00,1.321930395527083357e+00,1.556439253694740234e+12
1.770000000000000000e+02,1.340440171383790791e+00,1.341745992796255615e+00,7.401616129792956543e+11
1.775000000000000000e+02,1.340418678083525661e+00,1.346688234982358567e+00,-1.673624420163673706e+11
1.780000000000000000e+02,1.340395334441182085e+00,1.335782405725943756e+00,-1.096608387722206055e+12
1.785000000000000000e+02,1.340370406203226006e+00,1.309357060368862458e+00,-1.966053323900715332e+12
1.790000000000000000e+02,1.340344297145916519e+00,1.269105058681085252e+00,-2.699099116663380859e+12
1.795000000000000000e+02,1.340317573252951755e+00,1.217839085158300971e+00,-3.242557731928424316e+12
1.800000000000000000e+02,1.340290977502778258e+00,1.158959562478154570e+00,-3.581499145072581055e+12
1.805000000000000000e+02,1.340265432084424058e+00,1.095741392527684654e+00,-3.745401070227399414e+12
1.810000000000000000e+02,1.340242028893865012e+00,1.030618770883893864e+00,-3.802222515153530273e+12
1.815000000000000000e+02,1.340222013952808711e+00,9.646801718207617116e-01,-3.839971747204283691e+12
1.820000000000000000e+02,1.340206775475902168e+00,8.975626814724169122e-01,-3.938854417314007324e+12
1.825000000000000000e+02,1.340197847225794936e+00,8.278547208566341409e-01,-4.140203740238740234e+12
1.830000000000000000e+02,1.340196937548444378e+00,7.539941727850320019e-01,-4.420133675285758789e+12
1.835000000000000000e+02,1.340205989943552556e+00,6.755148063784818246e-01,-4.675518525201313477e+12
1.840000000000000000e+02,1.340227274085048936e+00,5.943850313091016968e-01,-4.727312447109343750e+12
1.845000000000000000e+02,1.340263498625788863e+00,5.161342305133420627e-01,-4.341849308870655762e+12
1.850000000000000000e+02,1.340317931098587101e+00,4.504948421457420915e-01,-3.265666839406427734e+12
1.855000000000000000e+02,1.340394507773858823e+00,4.114032829673373026e-01,-1.264991887112682861e+12
1.860000000000000000e+02,1.340497918633988261e+00,4.163758094092216422e-01,1.841300962275270020e+12
1.865000000000000000e+02,1.340633659565264368e+00,4.854623186430931381e-01,6.165731822390349609e+12
1.870000000000000000e+02,1.340808053927293075e+00,6.401279955729778370e-01,1.175981050958382031e+13
1.875000000000000000e+02,1.341028256202783320e+00,9.024709089133428064e-01,1.864537758336332422e+13
1.880000000000000000e+02,1.341302258386644741e+00,1.295125139522961710e+00,2.686271556526903516e+13
1.885000000000000000e+02,1.341638922522227828e+00,1.842027940825369692e+00,3.652257786777778125e+13
1.890000000000000000e+02,1.342048059017248995e+00,2.569985441299520001e+00,4.784670980904179688e+13
1.895000000000000000e+02,1.342540560609384537e+00,3.510722539261648123e+00,6.118344482845627344e+13
1.900000000000000000e+02,1.343128588537845891e+00,4.702928230495703410e+00,7.699157894443139062e+13
1.905000000000000000e+02,1.343825794412767394e+00,6.193774857421857405e+00,9.579552451589684375e+13
1.910000000000000000e+02,1.344647552602062701e+00,8.039530336442876290e+00,1.181250338809321719e+14
1.915000000000000000e+02,1.345611176908983353e+00,1.030517631109745480e+01,1.444602638664716250e+14
1.920000000000000000e+02,1.346736103086019876e+00,1.306331826979426758e+01,1.752046509331270000e+14
1.925000000000000000e+02,1.348044033827332511e+00,1.639301203169312160e+01,2.107023432119680000e+14
1.930000000000000000e+02,1.349559061211535571e+00,2.037931045382201845e+01,2.513042411328383750e+14
1.935000000000000000e+02,1.351307797337988115e+00,2.511425838920436959e+01,2.974698071252470000e+14
1.940000000000000000e+02,1.353319551151546118e+00,3.069970035879743975e+01,3.498753469913609375e+14
1.945000000000000000e+02,1.355626583836342158e+00,3.725166763391360547e+01,4.094887800673355000e+14
1.950000000000000000e+02,1.358264455481442923e+00,4.490541768241885734e+01,4.775704771395926875e+14
1.955000000000000000e+02,1.361272444732271936e+00,5.381960374564361160e+01,5.555716058570671875e+14
1.960000000000000000e+02,1.364693987288028154e+00,6.417775582805170131e+01,6.449241817015757500e+14
1.965000000000000000e+02,1.368577047180535633e+00,7.618540206381261726e+01,7.467457426092946250e+14
1.970000000000000000e+02,1.372974315757762964e+00,9.006178990236517734e+01,8.615088006894665000e+14
1.975000000000000000e+02,1.377943133947594267e+00,1.060261850607017635e+02,9.887429610175422500e+14
1.980000000000000000e+02,1.383545056193364209e+00,1.242799150614698362e+02,1.126839606105797500e+15
1.985000000000000000e+02,1.389845016653969978e+00,1.449863914974498869e+02,1.273012948559270000e+15
1.990000000000000000e+02,1.396910112110806512e+00,1.682520006550119263e+02,1.423439620048478000e+15
1.995000000000000000e+02,1.404808070462890912e+00,1.941107893476150821e+02,1.573558942036941250e+15
2.000000000000000000e+02,1.412786690735697848e+00,1.966305461803266610e+02,-1.281522540246718000e+15
2.005000000000000000e+02,1.420091037895142128e+00,1.756881716810777050e+02,-1.145670280229712500e+15
2.010000000000000000e+02,1.426781123680395558e+00,1.569939905532465048e+02,-1.020959975560294000e+15
2.015000000000000000e+02,1.432912483371101997e+00,1.403489781792794702e+02,-9.081743989722127500e+14
2.020000000000000000e+02,1.438535974668078143e+00,1.255480891283525295e+02,-8.072285818295312500e+14
2.025000000000000000e+02,1.443697843952931770e+00,1.123923502607681826e+02,-7.175037224566222500e+14
2.030000000000000000e+02,1.448439958841202246e+00,1.006959605782362104e+02,-6.380919891927096250e+14
2.035000000000000000e+02,1.452800132179253412e+00,9.028982508260429540e+01,-5.679650109248536250e+14
2.040000000000000000e+02,1.456812485103195609e+00,8.102269894959357543e+01,-5.060823478070681875e+14
2.045000000000000000e+02,1.460507814656535786e+00,7.276084136613800979e+01,-4.514557485096253750e+14
2.050000000000000000e+02,1.463913944893524777e+00,6.538682583911923984e+01,-4.031826567917203750e+14
2.055000000000000000e+02,1.467056049985414834e+00,5.879794655707430451e+01,-3.604595218417912500e+14
2.060000000000000000e+02,1.469956944360570450e+00,5.290450224414743730e+01,-3.225826864200616875e+14
2.065000000000000000e+02,1.472637339090678843e+00,4.762812503069358172e+01,-2.889422813470804375e+14
2.070000000000000000e+02,1.475116066226600742e+00,4.290024395837548354e+01,-2.590127270598430312e+14
2.075000000000000000e+02,1.477410274103011512e+00,3.866072218681951256e+01,-2.323421002804480000e+14
2.080000000000000000e+02,1.479535597161996341e+00,3.485667609913583931e+01,-2.085416855155885312e+14
2.085000000000000000e+02,1.481506303878836306e+00,3.144146712764942819e+01,-1.872764055187302188e+14
2.090000000000000000e+02,1.483335426112908140e+00,2.837384856657133270e+01,-1.682564280515995312e+14
2.095000000000000000e+02,1.485034872796516359e+00,2.561724655269033590e+01,-1.512300092309913125e+14
2.100000000000000000e+02,1.486615530413370356e+00,2.313915447881630882e+01,-1.359775034797710469e+14
2.105000000000000000e+02,1.488087352272551955e+00,2.091062184764374265e+01,-1.223064080591751875e+14
2.110000000000000000e+02,1.489459438194453922e+00,1.890582103042536488e+01,-1.100472894746087344e+14
2.115000000000000000e+02,1.490740105913900715e+00,1.710167800686427597e+01,-9.905044173333834375e+13
2.120000000000000000e+02,1.491936955277723964e+00,1.547755562624792525e+01,-8.918314094604985938e+13
2.125000000000000000e+02,1.493056926161749898e+00,1.401498010198643307e+01,-8.032738003233073438e+13
2.130000000000000000e+02,1.494106350938057881e+00,1.269740328553337250e+01,-7.237798723324598438e+13
2.135000000000000000e+02,1.495091002264549607e+00,1.150999476802340382e+01,-6.524105060680975781e+13
2.140000000000000000e+02,1.496016136921215489e+00,1.043945906252571376e+01,-5.883258672313339062e+13
2.145000000000000000e+02,1.496886536360162445e+00,9.473874070781356238e+00,-5.307740512644158594e+13
2.150000000000000000e+02,1.497706544555239772e+00,8.602547781086254730e+00,-4.790813090798296875e+13
2.155000000000000000e+02,1.498480103627076065e+00,7.815890720445927364e+00,-4.326435623437842969e+13
2.160000000000000000e+02,1.499210787584789761e+00,7.105302130402177951e+00,-3.909189826429417969e+13
2.165000000000000000e+02,1.499901834379333554e+00,6.463068181916296950e+00,-3.534214592143400000e+13
2.170000000000000000e+02,1.500556176323023516e+00,5.882270814353664612e+00,-3.197148180259437891e+13
2.175000000000000000e+02,1.501176468814321430e+00,5.356705995675822507e+00,-2.894076836443437500e+13
2.180000000000000000e+02,1.501765117232263913e+00,4.880810369748862954e+00,-2.621488968128903516e+13
2.185000000000000000e+02,1.502324301840436860e+00,4.449595392997706789e+00,-2.376234168232025000e+13
2.190000000000000000e+02,1.502856000566640482e+00,4.058588174462463449e+00,-2.155486499914939062e+13
2.195000000000000000e+02,1.503362009592831061e+00,3.703778326494580497e+00,-1.956711549321847266e+13
2.200000000000000000e+02,1.503843961784511185e+00,3.381570212111055351e+00,-1.777636826307613672e+13
2.205000000000000000e+02,1.504303343088911449e+00,3.088740042487860826e+00,-1.616225151252773828e+13
2.210000000000000000e+02,1.504741507116286403e+00,2.822397336460379158e+00,-1.470650713178710742e+13
2.215000000000000000e+02,1.505159688171509247e+00,2.579950304867373756e+00,-1.339277523227665039e+13
2.220000000000000000e+02,1.505559013014172498e+00,2.359074767378035453e+00,-1.220640020182800586e+13
2.225000000000000000e+02,1.505940511594035192e+00,2.157686249046373295e+00,-1.113425612339086523e+13
2.230000000000000000e+02,1.506305126943434658e+00,1.973914939017431314e+00,-1.016458963680658984e+13
2.235000000000000000e+02,1.506653724324742427e+00,1.806083225191634778e+00,-9.286878526979576172e+12
2.240000000000000000e+02,1.506987099648347428e+00,1.652685546755681800e+00,-8.491704498113886719e+12
2.245000000000000000e+02,1.507305987113574997e+00,1.512370331739152141e+00,-7.770638747822279297e+12
2.250000000000000000e+02,1.507611065995139832e+00,1.383923809509318703e+00,-7.116139090220769531e+12
2.255000000000000000e+02,1.507902966507269182e+00,1.266255508665677487e+00,-6.521457497290809570e+12
2.260000000000000000e+02,1.508182274723203431e+00,1.158385269378962468e+00,-5.980557035453743164e+12
2.265000000000000000e+02,1.508449536597753493e+00,1.059431616035341417e+00,-5.488037271469989258e+12
2.270000000000000000e+02,1.508705261217265337e+00,9.686013512604777498e-01,-5.039067310268254883e+12
2.275000000000000000e+02,1.508949923465204623e+00,8.851802461528252008e-01,-4.629325707952548828e+12
2.280000000000000000e+02,1.509183966325561066e+00,8.085247139784383918e-01,-4.254946576937796875e+12
2.285000000000000000e+02,1.509407803040013984e+00,7.380543657880888064e-01,-3.912471267214735352e+12
2.290000000000000000e+02,1.509621819287021882e+00,6.732453565236272697e-01,-3.598805068452577148e+12
2.295000000000000000e+02,1.509826375470352700e+00,6.136244392908444256e-01,-3.311178432359137207e+12
2.300000000000000000e+02,1.510021809107865431e+00,5.587636536923324959e-01,-3.047112263625716797e+12
2.305000000000000000e+02,1.510208437220102340e+00,5.082755815312814951e-01,-2.804386871460130371e+12
2.310000000000000000e+02,1.510386558553870273e+00,4.618091099020347756e-01,-2.581014212615798828e+12
2.315000000000000000e+02,1.510556455454767688e+00,4.190456477523271661e-01,-2.375213091609339355e+12
2.320000000000000000e+02,1.510718395231836375e+00,3.796957475005317550e-01,-2.185387015176385742e+12
2.325000000000000000e+02,1.510872630933017380e+00,3.434960882732988607e-01,-2.010104426502502197e+12
2.330000000000000000e+02,1.511019401556749076e+00,3.102067818394424470e-01,-1.848081070934468506e+12
2.335000000000000000e+02,1.511158931839457154e+00,2.796089663917783463e-01,-1.698164269081605469e+12
2.340000000000000000e+02,1.511291431854036471e+00,2.515026570018391028e-01,-1.559318895675879395e+12
2.345000000000000000e+02,1.511417096706405117e+00,2.257048248724769779e-01,-1.430614883346623047e+12
2.350000000000000000e+02,1.511536106609824071e+00,2.020476804694081585e-01,-1.311216089552942383e+12
2.355000000000000000e+02,1.511648627546474888e+00,1.803771382547319502e-01,-1.200370382228461182e+12
2.360000000000000000e+02,1.511754812603718134e+00,1.605514431045838852e-01,-1.097400815164630859e+12
2.365000000000000000e+02,1.511854803922565660e+00,1.424399406011443714e-01,-1.001697777784597168e+12
2.370000000000000000e+02,1.511948735051007908e+00,1.259219752773422241e-01,-9.127120158254389648e+11
2.375000000000000000e+02,1.512036733389907184e+00,1.108859025895515410e-01,-8.299484297355981445e+11
2.380000000000000000e+02,1.512118922383653752e+00,9.722820192439261822e-02,-7.529605665617764893e+11
2.385000000000000000e+02,1.512195423158456453e+00,8.485267933051503231e-02,-6.813457290581793213e+11
2.390000000000000000e+02,1.512266355446928001e+00,7.366974992000373257e-02,-6.147406329759421387e+11
2.394999999999999716e+02,1.512331837838071014e+00,6.359579101726947625e-02,-5.528175502361907959e+11
2.400000000000000284e+02,1.512391987618998401e+00,5.455255815301368605e-02,-4.952808820979893799e+11
2.405000000000000000e+02,1.512446920679860751e+00,4.646665691256766234e-02,-4.418641125441363525e+11
2.409999999999999716e+02,1.512496752085354723e+00,3.926906445714815203e-02,-3.923270978716683960e+11
2.415000000000000284e+02,1.512541597932155035e+00,3.289469525038846848e-02,-3.464536537698428345e+11
2.420000000000000000e+02,1.512581578986762265e+00,2.728200615009917021e-02,-3.040494058653988037e+11
2.425000000000000000e+02,1.512616826332949582e+00,2.237263657802124328e-02,-2.649398736855099487e+11
2.429999999999999716e+02,1.512647488880527691e+00,1.811107997098193242e-02,-2.289687612226598511e+11
2.435000000000000284e+02,1.512673742151391609e+00,1.444438315757052768e-02,-1.959964298398503723e+11
2.440000000000000000e+02,1.512695797337057835e+00,1.132187070545745758e-02,-1.658985313016809387e+11
2.444999999999999716e+02,1.512713909293056158e+00,8.694891652239232840e-03,-1.385647805229602661e+11
2.450000000000000284e+02,1.512728381971624625e+00,6.516586368889466276e-03,-1.138978494783342285e+11
2.455000000000000000e+02,1.512739569846587084e+00,4.741671606368526824e-03,-9.181236588921890259e+10
2.460000000000000000e+02,1.512747874172933882e+00,3.326242035544737380e-03,-7.223400298441313171e+10
2.464999999999999716e+02,1.512753733430762360e+00,2.227586799008805449e-03,-5.509864988140595245e+10
2.470000000000000000e+02,1.512757607973312268e+00,1.404019741624337519e-03,-4.035165585809695435e+10
2.475000000000000000e+02,1.512759959645392449e+00,8.147220687475006766e-04,-2.794714573106485748e+10
2.479999999999999716e+02,1.512761227856134205e+00,4.195961962251419284e-04,-1.784740736534493637e+10
2.485000000000000284e+02,1.512761804170578817e+00,1.791295105097562258e-04,-1.002235559553984833e+10
2.490000000000000000e+02,1.512762007834759448e+00,5.426666346807128635e-05,-4.449079145286372185e+09
2.495000000000000000e+02,1.512762064705485132e+00,6.288903568019993649e-06,-1.111478201070066214e+09
