0.000000000000000000e+00,1.516922408791172572e+00,1.726500697557533840e+03,-1.869205380921960754e+11
5.000000000000000000e-01,1.516920148115971312e+00,1.067637219899431329e+03,-7.524861514064736328e+11
1.000000000000000000e+00,1.516908972356262986e+00,-6.603823174589354039e+02,-1.711321857422354004e+12
1.500000000000000000e+00,1.516881268612397138e+00,-4.026798870697194616e+03,-3.088510485678208984e+12
2.000000000000000000e+00,1.516827728190260238e+00,-9.644118611722218702e+03,-4.920656694946966797e+12
2.500000000000000000e+00,1.516737936944756227e+00,-1.818533006402847604e+04,-7.257391484683340820e+12
3.000000000000000000e+00,1.516600971061816017e+00,-3.040355735166575687e+04,-1.016334109047657031e+13
3.500000000000000000e+00,1.516405933627201774e+00,-4.715482637485917076e+04,-1.372059649536969922e+13
4.000000000000000000e+00,1.516142378238015676e+00,-6.942468087907599693e+04,-1.803173309160948828e+13
4.500000000000000000e+00,1.515800583204859775e+00,-9.835946382914579590e+04,-2.322344280477349609e+13
5.000000000000000000e+00,1.515371660792027120e+00,-1.353031738707942131e+05,-2.945085092202635547e+13
5.500000000000000000e+00,1.514847507245177471e+00,-1.818409106201869727e+05,-3.690259360627045312e+13
6.000000000000000000e+00,1.514220617911350208e+00,-2.398500241258727328e+05,-4.580672498098160156e+13
6.500000000000000000e+00,1.513483804930930487e+00,-3.115601634403067874e+05,-5.643749838423874219e+13
7.000000000000000000e+00,1.512629861035124534e+00,-3.996234466977471602e+05,-6.912301634531581250e+13
7.500000000000000888e+00,1.511651211317339261e+00,-5.071959063004784402e+05,-8.425365664287840625e+13
8.000000000000000000e+00,1.510539586093305964e+00,-6.380311352304777829e+05,-1.022910425955734062e+14
8.500000000000000000e+00,1.509285733894878634e+00,-7.965865878690521931e+05,-1.237771155524466094e+14
9.000000000000000000e+00,1.507879176917931385e+00,-9.881421549889496528e+05,-1.493425629016715000e+14
9.500000000000000000e+00,1.506307995034639191e+00,-1.218929285665727453e+06,-1.797134278455833750e+14
1.000000000000000000e+01,1.504558612001934748e+00,-1.496266875065741595e+06,-2.157141464037278125e+14
1.050000000000000000e+01,1.502615551547860751e+00,-1.828697138739924412e+06,-2.582644911697849375e+14
1.100000000000000000e+01,1.500461133561056037e+00,-2.226110474206041079e+06,-3.083669256448812500e+14
1.150000000000000000e+01,1.498075092481861992e+00,-2.699842571889818180e+06,-3.670796830762525000e+14
1.200000000000000000e+01,1.495434120754503216e+00,-3.262719507156626787e+06,-4.354695191251467500e+14
1.250000000000000000e+01,1.492511368134742167e+00,-3.929017064061129931e+06,-5.145366708939573750e+14
1.300000000000000000e+01,1.489275959912692793e+00,-4.714289222696751356e+06,-6.051033515298768750e+14
1.350000000000000000e+01,1.485692629964457279e+00,-5.635008231080722995e+06,-7.076566130971423750e+14
1.400000000000000000e+01,1.481721593609774734e+00,-6.707946549832095392e+06,-8.221374462687165000e+14
1.450000000000000000e+01,1.477318805730204465e+00,-7.949222237095439807e+06,-9.476718141746707500e+14
1.500000000000000178e+01,1.472436756409266190e+00,-9.372929170221716166e+06,-1.082247679342139875e+15
1.549999999999999822e+01,1.467025944147493099e+00,-1.098928970699515380e+07,-1.222357071681208500e+15
1.600000000000000000e+01,1.461037129884432684e+00,-1.280231065410428867e+07,-1.362645836613765000e+15
1.650000000000000000e+01,1.454424407984992618e+00,-1.480700635477311909e+07,-1.495646686006170000e+15
1.700000000000000000e+01,1.447149028121410108e+00,-1.698638691677363589e+07,-1.611711284697819000e+15
1.750000000000000000e+01,1.439183762322213900e+00,-1.930859947169368342e+07,-1.699296355737390500e+15
1.800000000000000000e+01,1.430517438111997830e+00,-2.172484308007210866e+07,-1.745780638417928000e+15
1.850000000000000000e+01,1.421159066410589089e+00,-2.416891056580492109e+07,-1.738967603880344750e+15
1.900000000000000000e+01,1.411140813205131295e+00,-2.655935868607411161e+07,-1.669330216879549750e+15
1.950000000000000000e+01,1.400518949135776570e+00,-2.880524458846613392e+07,-1.532850981654940000e+15
2.000000000000000000e+01,1.507722351701148433e+00,-3.531467103412286937e+07,1.674106154995002250e+15
2.050000000000000000e+01,1.495511238727902370e+00,-3.231547540768773854e+07,1.801920926818825750e+15
2.100000000000000000e+01,1.484175131399295466e+00,-2.915655959352008998e+07,1.859219687829309500e+15
2.150000000000000000e+01,1.473741942815117056e+00,-2.594944246228556708e+07,1.857785600008787250e+15
2.200000000000000000e+01,1.464214831976430098e+00,-2.278837651022779569e+07,1.805846995312375000e+15
2.250000000000000000e+01,1.455576244971485078e+00,-1.975426728485287353e+07,1.710644474475550750e+15
2.300000000000000000e+01,1.447791329560228490e+00,-1.691500153697411343e+07,1.580026045681141250e+15
2.350000000000000000e+01,1.440811299502720244e+00,-1.432373446317621507e+07,1.423217372434977250e+15
2.400000000000000000e+01,1.434577035115001786e+00,-1.201648994654034078e+07,1.250847751394722000e+15
2.450000000000000000e+01,1.429022961422410143e+00,-1.001026607382095605e+07,1.074338525981582500e+15
2.500000000000000000e+01,1.424081046081887791e+00,-8.302592455117710866e+06,9.048320533537110000e+14
2.550000000000000000e+01,1.419684620216454141e+00,-6.873114952667608857e+06,7.519129977406130000e+14
2.600000000000000000e+01,1.415771662300760791e+00,-5.687313680193523876e+06,6.224146054469498750e+14
2.650000000000000000e+01,1.412287206552960805e+00,-4.701966636647472158e+06,5.195892632444549375e+14
2.700000000000000000e+01,1.409184637868788448e+00,-3.871551749284685589e+06,4.428503362842351250e+14
2.750000000000000000e+01,1.406425795084325525e+00,-3.154526200539948419e+06,3.881725565944177500e+14
2.800000000000000000e+01,1.403979990628140273e+00,-2.518394723342579789e+06,3.490952037485614375e+14
2.850000000000000000e+01,1.401822228193567943e+00,-1.942691492901414866e+06,3.181370376106961875e+14
2.900000000000000000e+01,1.399931023234699978e+00,-1.419412976040576817e+06,2.883356712407905625e+14
2.950000000000000000e+01,1.398286276157145513e+00,-9.509633623069237219e+05,2.545910820030006250e+14
3.000000000000000355e+01,1.396867604060971768e+00,-5.461916285537725780e+05,2.145338713936065000e+14
3.050000000000000000e+01,1.395653412743146138e+00,-2.154886498227802804e+05,1.687463988139674375e+14
3.099999999999999645e+01,1.394620813724768427e+00,3.391932432691464055e+04,1.203140629056053125e+14
3.150000000000000355e+01,1.393746300896339774e+00,2.014381188622513437e+05,7.383794951572612500e+13
3.200000000000000000e+01,1.393006940317295106e+00,2.946213978114377824e+05,3.416020783841203125e+13
3.250000000000000000e+01,1.392381729658996203e+00,3.285050788956891629e+05,5.110519299982609375e+12
3.300000000000000000e+01,1.391852769899577069e+00,3.230471309395153658e+05,-1.143620700756997656e+13
3.350000000000000000e+01,1.391405960392148478e+00,2.993859822337088408e+05,-1.598674365402683203e+13
3.400000000000000000e+01,1.391031059479251208e+00,2.758709321956257918e+05,-1.126688063180859570e+13
3.450000000000000000e+01,1.390721112902943313e+00,2.648240677643078961e+05,-1.536285521787296143e+12
3.500000000000000000e+01,1.390471402630922837e+00,2.707745899829656701e+05,8.432860123549715820e+12
3.550000000000000000e+01,1.390278174730682048e+00,2.905242796844946570e+05,1.445676256556202344e+13
3.600000000000000000e+01,1.390137443943454176e+00,3.149535305775061133e+05,1.385640812062795703e+13
3.650000000000000000e+01,1.390044138839443333e+00,3.320692293637894909e+05,5.980454797182117188e+12
3.700000000000000000e+01,1.389991756573358161e+00,3.305233124845206621e+05,-7.772151507862804688e+12
3.750000000000000000e+01,1.389972565969053608e+00,3.027529369347757311e+05,-2.441333737196423438e+13
3.800000000000000000e+01,1.389978264821710052e+00,2.470199928088315064e+05,-4.018038950048630469e+13
3.850000000000000000e+01,1.390000893784097302e+00,1.679198501164984773e+05,-5.149560380599253125e+13
3.900000000000000000e+01,1.390033758259997754e+00,7.530977133945324749e+04,-5.583822231743113281e+13
3.950000000000000000e+01,1.390072120884190632e+00,-1.801775960861710337e+04,-5.232712114831198438e+13
4.000000000000000000e+01,1.390113494666340710e+00,-9.931015206800663145e+04,-4.188965992580106250e+13
4.050000000000000000e+01,1.390157471866605876e+00,-1.587448342846847081e+05,-2.699433122276367188e+13
4.100000000000000000e+01,1.390205139362344688e+00,-1.915510005166456103e+05,-1.102757080578970312e+13
4.150000000000000000e+01,1.390258229633932530e+00,-1.988870595713227231e+05,2.525177789781915039e+12
4.200000000000000000e+01,1.390318214923193407e+00,-1.873082189091008040e+05,1.089454160535805664e+13
4.250000000000000000e+01,1.390385558438244296e+00,-1.669959437038932811e+05,1.264711005758458594e+13
4.300000000000000000e+01,1.390459291383881801e+00,-1.492058747331355116e+05,7.971338764038914062e+12
4.350000000000000000e+01,1.390537000917894783e+00,-1.435585939481699606e+05,-1.426216873980804688e+12
4.400000000000000000e+01,1.390615213301307218e+00,-1.558132777206215542e+05,-1.277679552595991406e+13
4.450000000000000000e+01,1.390690063124109921e+00,-1.866295473621625861e+05,-2.293884332411252344e+13
4.500000000000000000e+01,1.390758075365785329e+00,-2.315747214976570394e+05,-2.915200434010404688e+13
4.550000000000000000e+01,1.390816866207770230e+00,-2.823342914551916183e+05,-2.967764927716723438e+13
4.600000000000000000e+01,1.390865594225804802e+00,-3.288042523326179362e+05,-2.418040555494110938e+13
4.650000000000000000e+01,1.390905058100544878e+00,-3.615487482400494046e+05,-1.377002140332373047e+13
4.700000000000000000e+01,1.390937423799548656e+00,-3.740372956398352981e+05,-7.040357710558793945e+11
4.750000000000000000e+01,1.390965652245070405e+00,-3.641443117835894809e+05,1.216986997711991406e+13
4.800000000000000000e+01,1.390992767200468272e+00,-3.345798193365428597e+05,2.209497607033985938e+13
4.850000000000000000e+01,1.391021137081747572e+00,-2.921778924140832387e+05,2.704828254355379688e+13
4.900000000000000000e+01,1.391051936785531629e+00,-2.462373652552271378e+05,2.619616578434565234e+13
4.950000000000000000e+01,1.391084909439633144e+00,-2.063252814174924279e+05,2.006139844013007031e+13
5.000000000000000000e+01,1.391118475107674612e+00,-1.800686243939116830e+05,1.036971118386827344e+13
5.050000000000000000e+01,1.391150151632402299e+00,-1.714497074688833382e+05,-3.805032831778046875e+11
5.100000000000000000e+01,1.391177181244008132e+00,-1.799907156609917001e+05,-9.518409451984718750e+12
5.150000000000000000e+01,1.391197211578401927e+00,-2.009966309866836818e+05,-1.482716170943439062e+13
5.200000000000000000e+01,1.391208870990991109e+00,-2.267756654790807224e+05,-1.505038987431955469e+13
5.250000000000000000e+01,1.391212106516998448e+00,-2.485311808962631039e+05,-1.016395763352540625e+13
5.300000000000000000e+01,1.391208210938663203e+00,-2.584701723965306883e+05,-1.355198808400925781e+12
5.350000000000000000e+01,1.391199539018518339e+00,-2.516330794777536357e+05,9.279296835575912109e+12
5.400000000000000000e+01,1.391188984741248635e+00,-2.270246970498836308e+05,1.924148487167822656e+13
5.450000000000000000e+01,1.391179344940568940e+00,-1.877966125754156383e+05,2.622333336127158203e+13
5.500000000000000000e+01,1.391172718121026497e+00,-1.404567597742401704e+05,2.864291442049015625e+13
5.550000000000000000e+01,1.391170075939582418e+00,-9.330837846331229957e+04,2.600142049915966016e+13
5.600000000000000000e+01,1.391171102092016110e+00,-5.449631632469113538e+04,1.898123348505058594e+13
5.650000000000000000e+01,1.391174329786098562e+00,-3.012319094000542464e+04,9.266888497679968750e+12
5.700000000000000000e+01,1.391177539660523932e+00,-2.287328712548327894e+04,-8.643482373174609375e+11
5.750000000000000000e+01,1.391178320986573791e+00,-3.145590961666720978e+04,-9.082794906459406250e+12
5.800000000000000000e+01,1.391174663586653981e+00,-5.098357656426040194e+04,-1.354950641999853906e+13
5.850000000000000000e+01,1.391165443703753724e+00,-7.418097456783050438e+04,-1.333596346309368750e+13
5.900000000000000000e+01,1.391150694316375613e+00,-9.312935949060361600e+04,-8.624957847824574219e+12
5.950000000000000000e+01,1.391131602175299298e+00,-1.011317445652174792e+05,-6.496979943231542969e+11
6.000000000000000711e+01,1.391110237763434343e+00,-9.426296232176772901e+04,8.610523519296506836e+12
6.050000000000000000e+01,1.391089085569862327e+00,-7.224873225214688864e+04,1.690367076426780469e+13
6.100000000000000000e+01,1.391070486577191678e+00,-3.847917513530122233e+04,2.223478824266862109e+13
6.150000000000000000e+01,1.391056122823688845e+00,8.336306991396037347e+02,2.332822089822928906e+13
6.199999999999999289e+01,1.391046661711402121e+00,3.814532909174656379e+04,1.991553183934371875e+13
6.250000000000000711e+01,1.391041638757575694e+00,6.635962329984403914e+04,1.278445274891769531e+13
6.300000000000000711e+01,1.391039601185448227e+00,8.047994773645231908e+04,3.580811895052171875e+12
6.350000000000000000e+01,1.391038474386780743e+00,7.874906522078342095e+04,-5.586881271411765625e+12
6.400000000000000000e+01,1.391036062810170559e+00,6.301798123914324970e+04,-1.264523185402114062e+13
6.450000000000000000e+01,1.391030567640742621e+00,3.826878822077882796e+04,-1.603874741915719531e+13
6.500000000000000000e+01,1.391021002025319975e+00,1.141409327976297573e+04,-1.508548004571599219e+13
6.550000000000000000e+01,1.391007410397676169e+00,-1.033770862717749333e+04,-1.012456355408919922e+13
6.600000000000000000e+01,1.390990845227861428e+00,-2.116499459054846375e+04,-2.424114131185566406e+12
6.650000000000000000e+01,1.390973111139176321e+00,-1.797089073764343993e+04,6.126037205813620117e+12
6.700000000000000000e+01,1.390956339639376482e+00,-1.069288910903550914e+03,1.346269023762198438e+13
6.750000000000000000e+01,1.390942495524808420e+00,2.593308816270026728e+04,1.783269881732926172e+13
6.800000000000000000e+01,1.390932929920015049e+00,5.702160856803261413e+04,1.819847497806046875e+13
6.850000000000000000e+01,1.390928082120286069e+00,8.521038510846266581e+04,1.447193497922493359e+13
6.900000000000000000e+01,1.390927396306760766e+00,1.041892102834386751e+05,7.524266171428312500e+12
6.950000000000000000e+01,1.390929468513986800e+00,1.097941631809006940e+05,-1.028201729301046875e+12
7.000000000000000000e+01,1.390932385882963418e+00,1.009608561299541907e+05,-9.209481421618695312e+12
7.050000000000000000e+01,1.390934176575653769e+00,7.994389762927558331e+04,-1.514888862993760156e+13
7.100000000000000000e+01,1.390933264655594748e+00,5.175970044960649102e+04,-1.751621391029163281e+13
7.150000000000000000e+01,1.390928824956899401e+00,2.299116356215896303e+04,-1.582613043147734375e+13
7.200000000000000000e+01,1.390920957869182573e+00,2.397186900252779367e+02,-1.054248581645032422e+13
7.250000000000000000e+01,1.390910646901027725e+00,-1.141088658733718330e+04,-2.960407794984769531e+12
7.300000000000000000e+01,1.390899512651621484e+00,-9.561328490593412425e+03,5.104020561355425781e+12
7.350000000000000000e+01,1.390889423591116003e+00,4.974122341782298463e+03,1.174236994894498633e+13
7.400000000000000000e+01,1.390882056106444553e+00,2.839302204533130862e+04,1.539981740232708203e+13
7.450000000000000000e+01,1.390878506447127627e+00,5.482490144888484065e+04,1.523437258520502148e+13
7.500000000000000000e+01,1.390879043496627609e+00,7.772491780265787384e+04,1.130643599629756641e+13
7.550000000000000000e+01,1.390883057240497989e+00,9.141144855221746548e+04,4.556067643751609375e+12
7.600000000000000000e+01,1.390889211601157083e+00,9.238760956835557590e+04,-3.424710256324312500e+12
7.650000000000000000e+01,1.390895762849017281e+00,8.014053343672763731e+04,-1.076948499101102344e+13
7.700000000000000000e+01,1.390900967091978968e+00,5.723699412011378445e+04,-1.577540665667603906e+13
7.750000000000000000e+01,1.390903480964484240e+00,2.869973381787414110e+04,-1.729889125741539844e+13
7.800000000000000000e+01,1.390902662773591869e+00,8.165457562403793190e+02,-1.501734579470050000e+13
7.850000000000000000e+01,1.390898705923364842e+00,-2.033522502571525183e+04,-9.497269863694406250e+12
7.900000000000000000e+01,1.390892576403860659e+00,-3.030248448574498616e+04,-2.054648760470000000e+12
7.950000000000000000e+01,1.390885772007020238e+00,-2.727964925150400813e+04,5.558073827334325195e+12
8.000000000000000000e+01,1.390879962007569581e+00,-1.250620767590891228e+04,1.156414472877944922e+13
8.050000000000000000e+01,1.390876592878411921e+00,1.004896712841024600e+04,1.457699717067310352e+13
8.100000000000000000e+01,1.390876552183356374e+00,3.463724701788197854e+04,1.392048596703466406e+13
8.150000000000000000e+01,1.390879967870298550e+00,5.508736652107366535e+04,9.780925369016070312e+12
8.200000000000000000e+01,1.390886187546865882e+00,6.625031165270839119e+04,3.156776742961625000e+12
8.250000000000000000e+01,1.390893939797933632e+00,6.519430097915911756e+04,-4.380678801096039062e+12
8.300000000000000000e+01,1.390901637230804733e+00,5.187315500991234148e+04,-1.105834883076771094e+13
8.350000000000000000e+01,1.390907748562539403e+00,2.911636498638233024e+04,-1.531646237518345312e+13
8.400000000000000000e+01,1.390911152077446422e+00,1.948477093961962510e+03,-1.617075147554589844e+13
8.450000000000000000e+01,1.390911388411468774e+00,-2.359843356254566243e+04,-1.343777172847371875e+13
8.500000000000000000e+01,1.390908755255775509e+00,-4.189869198947607219e+04,-7.771979758064617188e+12
8.550000000000000000e+01,1.390904224215123719e+00,-4.904227564018466364e+04,-5.073368734350839844e+11
8.600000000000000000e+01,1.390899201773003746e+00,-4.373506833553009346e+04,6.658318208956328125e+12
8.650000000000000000e+01,1.390895192346461640e+00,-2.758310306823828432e+04,1.206159062218472461e+13
8.700000000000000000e+01,1.390893443447531297e+00,-4.698607564228165757e+03,1.446122950480255469e+13
8.750000000000000000e+01,1.390894656053331735e+00,1.927591188651450284e+04,1.332491360294390430e+13
8.800000000000000000e+01,1.390898826943825384e+00,3.849424894234631938e+04,8.948878571426773438e+12
8.850000000000000000e+01,1.390905258052280269e+00,4.827211368157187098e+04,2.383534138263351562e+12
8.900000000000000000e+01,1.390912728385719221e+00,4.617303565513696230e+04,-4.816337121308742188e+12
8.950000000000000000e+01,1.390919786132025271e+00,3.256309273509358172e+04,-1.095740226235475000e+13
9.000000000000000000e+01,1.390925091020342119e+00,1.050848960743880161e+04,-1.460358384827968750e+13
9.050000000000000000e+01,1.390927726145946064e+00,-1.495601941715237626e+04,-1.490943698116903125e+13
9.100000000000000000e+01,1.390927406634771435e+00,-3.801349492033209390e+04,-1.181386462039292969e+13
9.150000000000000000e+01,1.390924537563301255e+00,-5.342679172562294843e+04,-6.049937474740046875e+12
9.200000000000000000e+01,1.390920109413531058e+00,-5.775777062025858322e+04,1.030391635240548828e+12
9.250000000000000000e+01,1.390915457525513155e+00,-5.016040399799600709e+04,7.774853309999215820e+12
9.300000000000000000e+01,1.390911943562307851e+00,-3.256517906965890506e+04,1.261777390725321289e+13
9.350000000000000000e+01,1.390910634619078490e+00,-9.214932660843322083e+03,1.444484520590669922e+13
9.400000000000000000e+01,1.390912055315284501e+00,1.433639432952066272e+04,1.285082357594719336e+13
9.450000000000000000e+01,1.390916070261461579e+00,3.252590659375263203e+04,8.230574609007976562e+12
9.500000000000000000e+01,1.390921923077017119e+00,4.107959892967372434e+04,1.683038876920523438e+12
9.550000000000000000e+01,1.390928421107122448e+00,3.800319756719183351e+04,-5.248546360414218750e+12
9.600000000000000000e+01,1.390934220888843775e+00,2.403642457309562087e+04,-1.093875424282453125e+13
9.650000000000000000e+01,1.390938146216879057e+00,2.467386446136526047e+03,-1.405946861304838281e+13
9.700000000000000000e+01,1.390939463688017463e+00,-2.164655850899895813e+04,-1.388826676460314062e+13
9.750000000000000000e+01,1.390938051332655689e+00,-4.266706371075469360e+04,-1.047421386543178125e+13
9.800000000000000000e+01,1.390934421682375355e+00,-5.569340110784606077e+04,-4.623134626955121094e+12
9.850000000000000000e+01,1.390929595196948920e+00,-5.770353425153787975e+04,2.293417557505582031e+12
9.900000000000000000e+01,1.390924855193803378e+00,-4.825242321565878956e+04,8.660292038621620117e+12
9.950000000000000000e+01,1.390921443019236481e+00,-2.956650541417644854e+04,1.299643343603609180e+13
1.000000000000000000e+02,1.390920265758873287e+00,-6.014598457718918326e+03,1.429990751865972070e+13
1.005000000000000000e+02,1.390921685232085370e+00,1.691908666156616891e+04,1.227992270574591992e+13
1.010000000000000000e+02,1.390925437319520785e+00,3.391846178200004215e+04,7.422122659922851562e+12
1.015000000000000000e+02,1.390930699589846942e+00,4.107526581665228878e+04,8.725162173867187500e+11
1.020000000000000000e+02,1.390936290121107310e+00,3.679593124236659060e+04,-5.832206989555515625e+12
1.025000000000000000e+02,1.390940949636681134e+00,2.216529892587290669e+04,-1.112449757080723438e+13
1.030000000000000000e+02,1.390943639805545473e+00,6.843096220516381436e+02,-1.377167789240770312e+13
1.035000000000000000e+02,1.390943787239278029e+00,-2.255497704299645920e+04,-1.316234038160476562e+13
1.040000000000000000e+02,1.390941416017499765e+00,-4.206282159524702729e+04,-9.446987057311437500e+12
1.045000000000000000e+02,1.390937138243043547e+00,-5.323433534076688375e+04,-3.500645962025492188e+12
1.050000000000000000e+02,1.390932005803782845e+00,-5.342187908198859805e+04,3.283285307800263672e+12
1.055000000000000000e+02,1.390927259230975155e+00,-4.254792460666623811e+04,9.319480550310300781e+12
1.060000000000000000e+02,1.390924033599040266e+00,-2.311670762016583103e+04,1.320103657846363867e+13
1.065000000000000000e+02,1.390923091191484495e+00,3.765138852136906280e+02,1.402728873381871289e+13
1.070000000000000000e+02,1.390924643933455496e+00,2.249930756654910147e+04,1.161272930431939648e+13
1.075000000000000000e+02,1.390928307034424716e+00,3.815203080657513783e+04,6.528564783635281250e+12
1.080000000000000000e+02,1.390933194056661160e+00,4.375709033644667943e+04,-3.237675599061718750e+10
1.085000000000000000e+02,1.390938130147189034e+00,3.809024573878408410e+04,-6.535419327827664062e+12
1.090000000000000000e+02,1.390941932358630284e+00,2.256092037457055631e+04,-1.146285829451805469e+13
1.095000000000000000e+02,1.390943690377226316e+00,8.774768850691447142e+02,-1.366795882596257031e+13
1.100000000000000000e+02,1.390942981200859796e+00,-2.182305227660165110e+04,-1.264164680361835156e+13
1.105000000000000000e+02,1.390939967240284902e+00,-4.017668858333379467e+04,-8.629968922159742188e+12
1.110000000000000000e+02,1.390935355124316875e+00,-4.984483475839734456e+04,-2.575281458723519531e+12
1.115000000000000000e+02,1.390930225561018529e+00,-4.852512956733867031e+04,4.104801888700539062e+12
1.120000000000000000e+02,1.390925775110845697e+00,-3.648552844361145981e+04,9.848932636464523438e+12
1.125000000000000000e+02,1.390923031461992698e+00,-1.649779263188721961e+04,1.331658226803523828e+13
1.130000000000000000e+02,1.390922609884952088e+00,6.813217930922992309e+03,1.370056303138260352e+13
1.135000000000000000e+02,1.390924568577009302e+00,2.805179629431485591e+04,1.091466143736115039e+13
1.140000000000000000e+02,1.390928396983172055e+00,4.231202992999226262e+04,5.612756072087933594e+12
1.145000000000000000e+02,1.390933139523912399e+00,4.632238757519405772e+04,-9.648059151820703125e+11
1.150000000000000000e+02,1.390937624991697596e+00,3.920731908416166698e+04,-7.281462032729578125e+12
1.155000000000000000e+02,1.390940746826021535e+00,2.268870563561992458e+04,-1.186338707115967188e+13
1.160000000000000000e+02,1.390941727469267253e+00,6.809287897628543078e+02,-1.364332801352539844e+13
1.165000000000000000e+02,1.390940303872097106e+00,-2.162521421679756895e+04,-1.220918940754625000e+13
1.170000000000000000e+02,1.390936790023457048e+00,-3.897549942745880981e+04,-7.899555996679820312e+12
1.175000000000000000e+02,1.390932001657516626e+00,-4.727896551821361209e+04,-1.724048662511210938e+12
1.180000000000000000e+02,1.390927061092462891e+00,-4.456215808954909880e+04,4.872791650422164062e+12
1.185000000000000000e+02,1.390923128702806988e+00,-3.142848083624060018e+04,1.034896228050302344e+13
1.190000000000000000e+02,1.390921125038375061e+00,-1.091571755628954816e+04,1.342505234377719141e+13
1.195000000000000000e+02,1.390921509906962727e+00,1.221476307450826425e+04,1.338286121122823633e+13
1.200000000000000142e+02,1.390924171262562403e+00,3.259096426255858023e+04,1.023287979941633594e+13
1.204999999999999858e+02,1.390928450662193061e+00,4.548537095866449818e+04,4.711562798634761719e+12
1.210000000000000000e+02,1.390933299548547275e+00,4.791909871412809298e+04,-1.890905315278562500e+12
1.214999999999999858e+02,1.390937529400978478e+00,3.935734039399949688e+04,-8.032056537025125000e+12
1.220000000000000000e+02,1.390940096301150675e+00,2.183390033709863201e+04,-1.227737298716002344e+13
1.225000000000000142e+02,1.390940352054137241e+00,-5.240889595203992712e+02,-1.363523358139731250e+13
1.230000000000000000e+02,1.390938201729482682e+00,-2.246023470560144051e+04,-1.178846202949053125e+13
1.235000000000000000e+02,1.390934129556209431e+00,-3.881673012889965321e+04,-7.168494480387937500e+12
1.239999999999999858e+02,1.390929086328905884e+00,-4.573945259706924844e+04,-8.548470339636054688e+11
1.245000000000000000e+02,1.390924264476714134e+00,-4.157900784557927545e+04,5.676746112870566406e+12
1.250000000000000142e+02,1.390920813878776086e+00,-2.727719467665080447e+04,1.089886151207347852e+13
1.255000000000000000e+02,1.390919565943959268e+00,-6.148305282402082412e+03,1.358923492808916016e+13
1.260000000000000142e+02,1.390920831907769273e+00,1.689409863378441150e+04,1.311659890841853516e+13
1.265000000000000000e+02,1.390924324015387681e+00,3.648471732021669595e+04,9.588662630145363281e+12
1.270000000000000000e+02,1.390929219276319406e+00,4.806052262403273198e+04,3.827538825741542969e+12
1.274999999999999858e+02,1.390934351619379949e+00,4.892832462074800424e+04,-2.821768073194855469e+12
1.280000000000000000e+02,1.390938487572193294e+00,3.889632397111735190e+04,-8.805184712255359375e+12
1.285000000000000000e+02,1.390940620359265134e+00,2.032174648972447903e+04,-1.272249884045582031e+13
1.290000000000000000e+02,1.390940212433658507e+00,-2.437118325067805017e+03,-1.365471702044789062e+13
1.295000000000000000e+02,1.390937328190752886e+00,-2.403715420283738786e+04,-1.137943180849022656e+13
1.300000000000000000e+02,1.390932624287874564e+00,-3.939820960763117182e+04,-6.423823211513953125e+12
1.305000000000000000e+02,1.390927198617351035e+00,-4.489138425464186003e+04,5.730824668718750000e+10
1.310000000000000000e+02,1.390922332631971070e+00,-3.919017160264084669e+04,6.550319946306167969e+12
1.315000000000000000e+02,1.390919187411108204e+00,-2.358500350162832547e+04,1.153585838006449609e+13
1.320000000000000000e+02,1.390918525413746387e+00,-1.686647991563121423e+03,1.384403885946625586e+13
1.325000000000000000e+02,1.390920524420856452e+00,2.141346352362065954e+04,1.292867730214654297e+13
1.330000000000000000e+02,1.390924728864324056e+00,4.033083153387114726e+04,8.996295827541867188e+12
1.335000000000000000e+02,1.390930151491372557e+00,5.064651836881947384e+04,2.959445401786136719e+12
1.340000000000000000e+02,1.390935502684481406e+00,4.994276711493224866e+04,-3.775083566836429688e+12
1.345000000000000000e+02,1.390939494178905278e+00,3.837312024814506731e+04,-9.633980344001656250e+12
1.350000000000000000e+02,1.390941145698789461e+00,1.863284174802699272e+04,-1.324473489022841406e+13
1.355000000000000000e+02,1.390940021606912991e+00,-4.664774258212062705e+03,-1.375688629966491406e+13
1.360000000000000000e+02,1.390936340530114057e+00,-2.606193360236397712e+04,-1.104213137647216406e+13
1.365000000000000000e+02,1.390930930491376616e+00,-4.053012833738559857e+04,-5.726310228542000000e+12
1.370000000000000000e+02,1.390925038482729859e+00,-4.464722448429559154e+04,9.546515948233281250e+11
1.375000000000000000e+02,1.390920038096125078e+00,-3.740261891678455868e+04,7.441748069062437500e+12
1.380000000000000000e+02,1.390917103552071765e+00,-2.044121915440355224e+04,1.221628437131734180e+13
1.385000000000000000e+02,1.390916927252383584e+00,2.312536050438191978e+03,1.415500952090616016e+13
1.390000000000000000e+02,1.390919548563796182e+00,2.556471943985806138e+04,1.279395588185905273e+13
1.395000000000000000e+02,1.390924335932799627e+00,4.388500334731696785e+04,8.439004865198958008e+12
1.400000000000000000e+02,1.390930128521603804e+00,5.297558274527046160e+04,2.096853448993140625e+12
1.405000000000000000e+02,1.390935505736680344e+00,5.067947482224112173e+04,-4.758011411771304688e+12
1.410000000000000000e+02,1.390939122240289816e+00,3.749177856707970204e+04,-1.052634981016159375e+13
1.415000000000000000e+02,1.390940029671973166e+00,1.645290657721788375e+04,-1.385741767835630469e+13
1.420000000000000000e+02,1.390937908413243385e+00,-7.553248541249751725e+03,-1.396539073951331250e+13
1.425000000000000000e+02,1.390933153036990833e+00,-2.893429190541332719e+04,-1.081494873424320312e+13
1.430000000000000000e+02,1.390926789022389531e+00,-4.269391760061459354e+04,-5.132270957121421875e+12
1.435000000000000000e+02,1.390920238039040413e+00,-4.560205910251713794e+04,1.761774371550125000e+12
1.440000000000000000e+02,1.390914985292904360e+00,-3.695675389741356048e+04,8.258017188097257812e+12
1.445000000000000000e+02,1.390912226467375667e+00,-1.875810538354447635e+04,1.283396978636030664e+13
1.450000000000000000e+02,1.390912577817510432e+00,4.748668979633273921e+03,1.441006310442322461e+13
1.455000000000000000e+02,1.390915919289248404e+00,2.805681265910130242e+04,1.260375951605697461e+13
1.460000000000000000e+02,1.390921410083658882e+00,4.568035796021469287e+04,7.821690629406525391e+12
1.465000000000000000e+02,1.390927675826892917e+00,5.343655612883318827e+04,1.167637925356164062e+12
1.470000000000000000e+02,1.390933125821677274e+00,4.942859394044524379e+04,-5.812811780281308594e+12
1.475000000000000000e+02,1.390936327363566871e+00,3.449774309186325263e+04,-1.149184198979729688e+13
1.480000000000000000e+02,1.390936349387147164e+00,1.203723358895314777e+04,-1.453958410835653906e+13
1.485000000000000000e+02,1.390932993494968128e+00,-1.279116440007129859e+04,-1.423619265232205469e+13
1.490000000000000000e+02,1.390926855666210216e+00,-3.425722868091237615e+04,-1.064268491154328125e+13
1.495000000000000000e+02,1.390919200996387994e+00,-4.740037652468858869e+04,-4.590045305375515625e+12
1.500000000000000000e+02,1.390911677699119720e+00,-4.919360925638377375e+04,2.511712873697359375e+12
1.505000000000000000e+02,1.390905935040406272e+00,-3.926034295318532531e+04,9.000808142421597656e+12
1.510000000000000000e+02,1.390903233717997178e+00,-1.997430115227825081e+04,1.335145291386347070e+13
1.515000000000000000e+02,1.390904140568263836e+00,4.083914717269505218e+03,1.453169320890909766e+13
1.520000000000000000e+02,1.390908381231637181e+00,2.718951148896109589e+04,1.224738029065250391e+13
1.525000000000000000e+02,1.390914888468568478e+00,4.380914540128671797e+04,7.014550161593986328e+12
1.530000000000000000e+02,1.390922038366609659e+00,4.989805907698189549e+04,4.241826320335546875e+10
1.535000000000000000e+02,1.390928022270428555e+00,4.385477408326481236e+04,-7.046503664010746094e+12
1.540000000000000000e+02,1.390931269378638868e+00,2.690814589915344914e+04,-1.259440871735927344e+13
1.545000000000000000e+02,1.390930821513970850e+00,2.843375145008611980e+03,-1.529633442782050000e+13
1.550000000000000000e+02,1.390926571065980388e+00,-2.287223849177524608e+04,-1.450771324384443750e+13
1.555000000000000000e+02,1.390919303679015506e+00,-4.436231340746991191e+04,-1.039899232039105469e+13
1.560000000000000000e+02,1.390910532089487894e+00,-5.671731723240548308e+04,-3.920289660703257812e+12
1.565000000000000000e+02,1.390902156327680217e+00,-5.715172842462616973e+04,3.416812976657484375e+12
1.570000000000000000e+02,1.390896026902464389e+00,-4.566991960031933559e+04,9.890447833447839844e+12
1.575000000000000000e+02,1.390893511730515897e+00,-2.508152130335151014e+04,1.397122675044503125e+13
1.580000000000000000e+02,1.390895168477484845e+00,-3.584298969569406381e+02,1.468250110822518945e+13
1.585000000000000000e+02,1.390900601023709715e+00,2.251999941503787340e+04,1.183328838443373047e+13
1.590000000000000000e+02,1.390908536930008044e+00,3.796592571266193409e+04,6.068330850073663086e+12
1.595000000000000000e+02,1.390917111567912867e+00,4.209941872320209950e+04,-1.277668473640472656e+12
1.600000000000000000e+02,1.390924295865225258e+00,3.367277672939730837e+04,-8.488695387736218750e+12
1.605000000000000000e+02,1.390928369876918813e+00,1.438323061672085532e+04,-1.386762711839431250e+13
1.610000000000000000e+02,1.390928331997226541e+00,-1.150354749478392660e+04,-1.613479785961578125e+13
1.615000000000000000e+02,1.390924146847179577e+00,-3.813574565926077048e+04,-1.473155885683105469e+13
1.620000000000000000e+02,1.390916771026912357e+00,-5.943764873368541885e+04,-9.957058093736117188e+12
1.625000000000000000e+02,1.390907946933692463e+00,-7.053524903289281065e+04,-2.904910243101367188e+12
1.630000000000000000e+02,1.390899809029866097e+00,-6.891128139874216868e+04,4.787066720838828125e+12
1.635000000000000000e+02,1.390894391670374430e+00,-5.501631481532399630e+04,1.131701122564332422e+13
1.640000000000000000e+02,1.390893152222705487e+00,-3.218768949474252076e+04,1.514105611597973242e+13
1.645000000000000000e+02,1.390896621600289373e+00,-5.889195833468626006e+03,1.533854160407732422e+13
1.650000000000000000e+02,1.390904266390110333e+00,1.755598080015028972e+04,1.183410035300467188e+13
1.655000000000000000e+02,1.390914598573281147e+00,3.244594389383599628e+04,5.423165063316229492e+12
1.660000000000000000e+02,1.390925511364043077e+00,3.504853111114419880e+04,-2.406801752297818359e+12
1.665000000000000000e+02,1.390934766250543575e+00,2.449971473634433642e+04,-9.819133454025933594e+12
1.670000000000000000e+02,1.390940519509710205e+00,3.037033743401978427e+03,-1.505582292501975781e+13
1.675000000000000000e+02,1.390941765199126046e+00,-2.449280707505855389e+04,-1.685088946130622656e+13
1.680000000000000000e+02,1.390938588983479107e+00,-5.174352560004359111e+04,-1.473232396993090625e+13
1.685000000000000000e+02,1.390932169581229116e+00,-7.234189036233523802e+04,-9.140901612193039062e+12
1.690000000000000000e+02,1.390924522655570650e+00,-8.138182235262004542e+04,-1.336257042954375000e+12
1.695000000000000000e+02,1.390918042343743055e+00,-7.658994410703661561e+04,6.889978983460406250e+12
1.700000000000000000e+02,1.390914944238199613e+00,-5.888583820050951181e+04,1.362883981180944141e+13
1.705000000000000000e+02,1.390916738877797432e+00,-3.219916010177490534e+04,1.730065841005514062e+13
1.710000000000000000e+02,1.390923860278397539e+00,-2.578532648521179908e+03,1.702924734877982812e+13
1.715000000000000000e+02,1.390935540173573459e+00,2.320630404875048407e+04,1.285502891178434180e+13
1.720000000000000000e+02,1.390949962783529115e+00,3.924656412975159037e+04,5.735415122428117188e+12
1.725000000000000000e+02,1.390964669736483250e+00,4.189164803569220385e+04,-2.669798725258328125e+12
1.730000000000000000e+02,1.390977125333010100e+00,3.063212935484821355e+04,-1.037983082135535156e+13
1.735000000000000000e+02,1.390985312719451583e+00,8.256344475417630747e+03,-1.555340058649035938e+13
1.740000000000000000e+02,1.390988221408417047e+00,-1.976361544493389010e+04,-1.692135319615906250e+13
1.745000000000000000e+02,1.390986108938753629e+00,-4.652093700140376313e+04,-1.409001983576337500e+13
1.750000000000000000e+02,1.390980469774553807e+00,-6.527276300760010781e+04,-7.643092354879218750e+12
1.755000000000000000e+02,1.390973711664990953e+00,-7.101839374299277551e+04,9.839842052498984375e+11
1.760000000000000000e+02,1.390968608321757838e+00,-6.168756438115359197e+04,9.830320560887750000e+12
1.765000000000000000e+02,1.390967651406143757e+00,-3.865630565900154761e+04,1.686259614678901562e+13
1.770000000000000000e+02,1.390972451437460622e+00,-6.461984984772904681e+03,2.045018517292526172e+13
1.775000000000000000e+02,1.390983329434802185e+00,2.822476767412643312e+04,1.975129103615578516e+13
1.780000000000000000e+02,1.390999199874897840e+00,5.813866852533155179e+04,1.491851461606036328e+13
1.785000000000000000e+02,1.391017779747595995e+00,7.711401174516821629e+04,7.073650995778619141e+12
1.790000000000000000e+02,1.391036082954471009e+00,8.153928653528007271e+04,-1.944817491449845703e+12
1.795000000000000000e+02,1.391051091488012981e+00,7.122897063678053382e+04,-1.000469889532832031e+13
1.800000000000000000e+02,1.391060450790771785e+00,4.950226624816955155e+04,-1.517625702088908594e+13
1.805000000000000000e+02,1.391063027262089191e+00,2.244194396018701809e+04,-1.618628975217384375e+13
1.810000000000000000e+02,1.391059194057853832e+00,-2.502148389017472709e+03,-1.272357520390431250e+13
1.815000000000000000e+02,1.391050771434166888e+00,-1.824544440601324823e+04,-5.522691504991437500e+12
1.820000000000000000e+02,1.391040626685175807e+00,-1.973531177418741208e+04,3.795955418009453125e+12
1.825000000000000000e+02,1.391032018319641184e+00,-5.161017554446818394e+03,1.309545405178784375e+13
1.830000000000000000e+02,1.391027830972181079e+00,2.358190780907814769e+04,2.021720688087748438e+13
1.835000000000000000e+02,1.391029876763585360e+00,6.129072151762543945e+04,2.348679712561737500e+13
1.840000000000000000e+02,1.391038427745641792e+00,1.006346023670297145e+05,2.211222753645183203e+13
1.845000000000000000e+02,1.391052094254072502e+00,1.338461850147586083e+05,1.637954662321573828e+13
1.850000000000000000e+02,1.391068086133685267e+00,1.545340185014168674e+05,7.597371997845884766e+12
1.855000000000000000e+02,1.391082805419918023e+00,1.591913244656691677e+05,-2.199617507493990234e+12
1.860000000000000000e+02,1.391092640565448901e+00,1.480428383387464855e+05,-1.072132681399078125e+13
1.865000000000000000e+02,1.391094782239234107e+00,1.250228552200905106e+05,-1.595852162205653906e+13
1.870000000000000000e+02,1.391087871416258670e+00,9.687911965263648017e+04,-1.665968645800686719e+13
1.875000000000000000e+02,1.391072325021241118e+00,7.160222526823422231e+04,-1.263589154627457031e+13
1.880000000000000000e+02,1.391050255778708333e+00,5.654098395965797681e+04,-4.819882999706507812e+12
1.885000000000000000e+02,1.391024995442933898e+00,5.664287215893156826e+04,4.937970041735578125e+12
1.890000000000000000e+02,1.391000323239991454e+00,7.323571145776253252e+04,1.429290581662804688e+13
1.895000000000000000e+02,1.390979572583735058e+00,1.036458499799470592e+05,2.095203257055775391e+13
1.900000000000000000e+02,1.390964821769454129e+00,1.417557362087295041e+05,2.321680905100321094e+13
1.905000000000000000e+02,1.390956359782377305e+00,1.793837354466077231e+05,2.039353207929504297e+13
1.910000000000000000e+02,1.390952558779483983e+00,2.081727764592863386e+05,1.297257626571666797e+13
1.915000000000000000e+02,1.390950193027622017e+00,2.215489465598201787e+05,2.530223588546044922e+12
1.920000000000000000e+02,1.390945140810257774e+00,2.162875489330452110e+05,-8.628112128280603516e+12
1.925000000000000000e+02,1.390933314944971633e+00,1.933096218869804579e+05,-1.800299388963519531e+13
1.930000000000000000e+02,1.390911610617817429e+00,1.575078033085407224e+05,-2.349082860728604688e+13
1.935000000000000000e+02,1.390878650314928189e+00,1.166264220606011659e+05,-2.389013817836534375e+13
1.940000000000000000e+02,1.390835147911588798e+00,7.944442364946348243e+04,-1.920329403855730469e+13
1.945000000000000000e+02,1.390783798825070416e+00,5.367883847541167052e+04,-1.065866996751817969e+13
1.950000000000000000e+02,1.390728711818228769e+00,4.410059451116683340e+04,-4.423849695046171875e+11
1.955000000000000000e+02,1.390674505809912143e+00,5.131438621224951203e+04,8.803071779831812500e+12
1.960000000000000000e+02,1.390625276701743740e+00,7.150682653389686311e+04,1.459969287723175391e+13
1.965000000000000000e+02,1.390583674952676096e+00,9.724422808263447951e+04,1.522960668908782812e+13
1.970000000000000000e+02,1.390550314807607934e+00,1.191538330254160537e+05,1.016332849049340625e+13
1.975000000000000000e+02,1.390523663902520024e+00,1.281083972460432269e+05,2.148900766422631836e+11
1.980000000000000000e+02,1.390500453067163855e+00,1.174057208308964327e+05,-1.261914698440519531e+13
1.985000000000000000e+02,1.390476525260823548e+00,8.442476208003106876e+04,-2.560533720452982031e+13
1.990000000000000000e+02,1.390447937876199580e+00,3.135331073697557804e+04,-3.590375560476368750e+13
1.995000000000000000e+02,1.390412069118868166e+00,-3.520577842952521314e+04,-4.123732663888302344e+13
2.000000000000000000e+02,1.390368472649919473e+00,-1.056805726190402347e+05,-4.044200465541669531e+13
2.005000000000000000e+02,1.390319277961594713e+00,-1.697076247097213927e+05,-3.376448093500432031e+13
2.010000000000000000e+02,1.390269035904295958e+00,-2.185391829927246145e+05,-2.283063328255129688e+13
2.015000000000000000e+02,1.390224036649783779e+00,-2.471110979877757782e+05,-1.028382895082062500e+13
2.020000000000000000e+02,1.390191251827803676e+00,-2.552683951012157777e+05,8.296321552544375000e+11
2.025000000000000000e+02,1.390177144365229767e+00,-2.478325759609552915e+05,7.788381447858558594e+12
2.030000000000000000e+02,1.390186626384023239e+00,-2.334622874960791669e+05,8.866588117017404297e+12
2.035000000000000000e+02,1.390222417485310613e+00,-2.225456173309916921e+05,3.785684646589148926e+12
2.040000000000000000e+02,1.390284968092831974e+00,-2.245995298623473209e+05,-6.166141432982593750e+12
2.045000000000000000e+02,1.390372984746473417e+00,-2.457810294332513877e+05,-1.838292948887806641e+13
2.050000000000000000e+02,1.390484455713026923e+00,-2.871014359291672590e+05,-2.950686160890385156e+13
2.055000000000000000e+02,1.390617958390872211e+00,-3.437796926068761386e+05,-3.618246969886594531e+13
2.060000000000000000e+02,1.390773962354914683e+00,-4.059076932204026962e+05,-3.582304096809063281e+13
2.065000000000000000e+02,1.390955839774058456e+00,-4.602915538175564725e+05,-2.720711637912735156e+13
2.070000000000000000e+02,1.391170359335275997e+00,-4.930506567707778304e+05,-1.076023994723320312e+13
2.075000000000000000e+02,1.391427556216030759e+00,-4.923686611112609389e+05,1.155066367327000000e+13
2.080000000000000000e+02,1.391740012420735972e+00,-4.507436238262425759e+05,3.669219038030620312e+13
2.085000000000000000e+02,1.392121716353867722e+00,-3.661916911910610506e+05,6.130235357977776562e+13
2.090000000000000000e+02,1.392586766893236572e+00,-2.420979528123063792e+05,8.252060731216678125e+13
2.095000000000000000e+02,1.393148223382707940e+00,-8.572419516612225561e+04,9.871445840750660938e+13
2.100000000000000000e+02,1.393817370915634513e+00,9.429870718484045938e+04,1.099296454992669688e+14
2.105000000000000000e+02,1.394603578047172165e+00,2.909238275290502352e+05,1.179562040455855625e+14
2.110000000000000000e+02,1.395514793657532282e+00,5.014107266498265672e+05,1.259952592274147969e+14
2.115000000000000000e+02,1.396558591608477951e+00,7.291986409905048786e+05,1.380078461982964688e+14
2.120000000000000000e+02,1.397743557586309748e+00,9.845171457066976000e+05,1.579028403402070000e+14
2.125000000000000000e+02,1.399080746947928944e+00,1.283623233519338537e+06,1.887570615375244688e+14
2.130000000000000000e+02,1.400584937956265819e+00,1.646876312039375538e+06,2.322483331618275625e+14
2.135000000000000000e+02,1.402275459220023945e+00,2.096125920880824560e+06,2.884258746367750000e+14
2.140000000000000000e+02,1.404176467747830781e+00,2.652027955743880011e+06,3.558570494204924375e+14
2.145000000000000000e+02,1.406316670216809506e+00,3.331892780834479257e+06,4.320970683962559375e+14
2.150000000000000000e+02,1.408728587747577032e+00,4.148510472143927123e+06,5.143517679051925000e+14
2.155000000000000000e+02,1.411447540584508165e+00,5.110138065817820840e+06,6.001615798629918750e+14
2.160000000000000000e+02,1.414510559642230492e+00,6.221538888953658752e+06,6.879369109187685000e+14
2.165000000000000000e+02,1.417955414650063917e+00,7.485709468511941843e+06,7.772196570107351250e+14
2.170000000000000000e+02,1.421819892644460737e+00,8.905777409168798476e+06,8.686198394965422500e+14
2.175000000000000000e+02,1.426141382988519668e+00,1.048653780294720083e+07,9.634600322534497500e+14
2.180000000000000000e+02,1.430956746282998848e+00,1.223521313894648105e+07,1.063230981716279375e+15
2.185000000000000000e+02,1.436302382672320244e+00,1.416123440449126065e+07,1.169001560960709750e+15
2.190000000000000000e+02,1.442214381904893372e+00,1.627508817766705342e+07,1.280926312296117250e+15
2.195000000000000000e+02,1.448728636226060518e+00,1.858649006174604222e+07,1.397957144053787750e+15
2.200000000000000000e+02,1.455197711926311532e+00,1.851380762671435624e+07,-1.482195101163180500e+15
2.205000000000000000e+02,1.460973893340531848e+00,1.605981057766955905e+07,-1.361954218736282500e+15
2.210000000000000000e+02,1.466092390609483598e+00,1.381217660359225608e+07,-1.243023094192098000e+15
2.215000000000000000e+02,1.470588527400741974e+00,1.176760747750602104e+07,-1.126604812128768000e+15
2.220000000000000000e+02,1.474498140089663734e+00,9.921023331413168460e+06,-1.013561185744543625e+15
2.225000000000000000e+02,1.477857997410152002e+00,8.266056927497456782e+06,-9.045224460126722500e+14
2.230000000000000000e+02,1.480706176704559507e+00,6.795387620203690603e+06,-7.999633486074597500e+14
2.235000000000000000e+02,1.483082345310490213e+00,5.500962217893427238e+06,-7.002581488366160000e+14
2.240000000000000000e+02,1.485027904798186027e+00,4.374132023771340959e+06,-6.057227737981477500e+14
2.245000000000000000e+02,1.486585963124893217e+00,3.405724256231106352e+06,-5.166487035868845000e+14
2.250000000000000000e+02,1.487801106975390697e+00,2.586060724707172718e+06,-4.333302202417370000e+14
2.255000000000000000e+02,1.488718955278374168e+00,1.904935303000811255e+06,-3.560849119673405000e+14
2.260000000000000000e+02,1.489385486492842192e+00,1.351562641872946871e+06,-2.852665022123925625e+14
2.265000000000000000e+02,1.489846147479458427e+00,9.145122268776189303e+05,-2.212690052588101875e+14
2.270000000000000000e+02,1.490144770398124763e+00,5.816431964088875102e+05,-1.645216895554910000e+14
2.275000000000000000e+02,1.490322344767407436e+00,3.400555051214078558e+05,-1.154751703180042344e+14
2.280000000000000000e+02,1.490415712166981654e+00,1.760715842616187292e+05,-7.457997142283775000e+13
2.285000000000000000e+02,1.490456267896246301e+00,7.525946983471089334e+04,-4.225990285350775000e+13
2.290000000000000000e+02,1.490468763903857408e+00,2.250363224621832342e+04,-1.888339789187904297e+13
2.295000000000000000e+02,1.490470307751918355e+00,2.123961408143692552e+03,-4.736364396118239258e+12
