0.0,0.167098,0.0
0.022408963585434174,0.167098,0.0
0.04481792717086835,0.167098,0.0
0.06722689075630252,0.167098,0.0
0.0896358543417367,0.167098,0.0
0.11204481792717087,0.167098,0.0
0.13445378151260504,0.167098,0.0
0.15686274509803924,0.167098,0.0
0.1792717086834734,0.167098,0.0
0.20168067226890757,0.167098,0.0
0.22408963585434175,0.167098,0.0
0.24649859943977592,0.167098,0.0
0.2689075630252101,0.167098,0.0
0.2913165266106443,0.167098,0.0
0.3137254901960785,0.167098,0.0
0.33613445378151263,0.167098,0.0
0.3585434173669468,0.167098,0.0
0.38095238095238093,0.167098,0.0
0.40336134453781514,0.167098,0.0
0.42577030812324934,0.167098,0.0
0.4481792717086835,0.167098,0.0
0.4705882352941177,0.167098,0.0
0.49299719887955185,0.167098,0.0
0.515406162464986,0.167098,0.0
0.5378151260504201,0.167098,0.0
0.5602240896358543,0.167098,0.0
0.5826330532212886,0.167098,0.0
0.6050420168067226,0.167098,0.0
0.627450980392157,0.167098,0.0
0.6498599439775911,0.167098,0.0
0.6722689075630253,0.167098,0.0
0.6946778711484595,0.167098,0.0
0.7170868347338936,0.167098,0.0
0.7394957983193278,0.167098,0.0
0.7619047619047619,0.167098,0.0
0.7843137254901961,0.167098,0.0
0.8067226890756303,0.167098,0.0
0.8291316526610645,0.167098,0.0
0.8515406162464987,0.167098,0.0
0.8739495798319328,0.167098,0.0
0.896358543417367,0.167098,0.0
0.9187675070028012,0.167098,0.0
0.9411764705882354,0.167098,0.0
0.9635854341736695,0.167098,0.0
0.9859943977591037,0.167098,0.0
1.0084033613445378,0.167098,0.0
1.030812324929972,0.167098,0.0
1.0532212885154062,0.167098,0.0
1.0756302521008403,0.167098,0.0
1.0980392156862746,0.167098,0.0
1.1204481792717087,0.167098,0.0
1.142857142857143,0.167098,0.0
1.165266106442577,0.167098,0.0
1.1876750700280112,0.167098,0.0
1.2100840336134453,0.167098,0.0
1.2324929971988796,0.167098,0.0
1.254901960784314,0.167098,0.0
1.277310924369748,0.167098,0.0
1.2997198879551821,0.167098,0.0
1.3221288515406162,0.167098,0.0
1.3445378151260505,0.167098,0.0
1.3669467787114846,0.167098,0.0
1.389355742296919,0.167098,0.0
1.4117647058823528,0.167098,0.0
1.4341736694677871,0.167098,0.0
1.4565826330532214,0.167098,0.0
1.4789915966386555,0.167098,0.0
1.5014005602240899,0.167098,0.0
1.5238095238095237,0.167098,0.0
1.546218487394958,0.167098,0.0
1.5686274509803921,0.167098,0.0
1.5910364145658265,0.167098,0.0
1.6134453781512605,0.167098,0.0
1.6358543417366946,0.167098,0.0
1.658263305322129,0.167098,0.0
1.680672268907563,0.167098,0.0
1.7030812324929974,0.167098,0.0
1.7254901960784315,0.167098,0.0
1.7478991596638656,0.167098,0.0
1.7703081232492996,0.167098,0.0
1.792717086834734,0.167098,0.0
1.8151260504201683,0.167098,0.0
1.8375350140056024,0.167098,0.0
1.8599439775910365,0.167098,0.0
1.8823529411764708,0.167098,0.0
1.9047619047619047,0.167098,0.0
1.927170868347339,0.167098,0.0
1.9495798319327733,0.167098,0.0
1.9719887955182074,0.167098,0.0
1.9943977591036417,0.167098,0.0
2.0168067226890756,0.167098,0.0
2.0392156862745097,0.167098,0.0
2.061624649859944,0.167098,0.0
2.0840336134453783,0.167098,0.0
2.1064425770308124,0.167098,0.0
2.1288515406162465,0.167098,0.0
2.1512605042016806,0.167098,0.0
2.173669467787115,0.167098,0.0
2.196078431372549,0.167098,0.0
2.2184873949579833,0.167098,0.0
2.2408963585434174,0.167098,0.0
2.2633053221288515,0.167098,0.0
2.285714285714286,0.167098,0.0
2.3081232492997197,0.167098,0.0
2.330532212885154,0.167098,0.0
2.3529411764705883,0.167098,0.0
2.3753501400560224,0.167098,0.0
2.397759103641457,0.167098,0.0
2.4201680672268906,0.167098,0.0
2.442577030812325,0.167098,0.0
2.4649859943977592,0.167098,0.0
2.4873949579831933,0.167098,0.0
2.509803921568628,0.167098,0.0
2.5322128851540615,0.167098,0.0
2.554621848739496,0.167098,0.0
2.57703081232493,0.167098,0.0
2.5994397759103642,0.167098,0.0
2.6218487394957983,0.167098,0.0
2.6442577030812324,0.167098,0.0
2.666666666666667,0.167098,0.0
2.689075630252101,0.167098,0.0
2.711484593837535,0.167098,0.0
2.7338935574229692,0.167098,0.0
2.7563025210084033,0.167098,0.0
2.778711484593838,0.167098,0.0
2.801120448179272,0.167098,0.0
2.8235294117647056,0.167098,0.0
2.84593837535014,0.167098,0.0
2.8683473389355743,0.167098,0.0
2.890756302521009,0.167098,0.0
2.913165266106443,0.167098,0.0
2.9355742296918765,0.167098,0.0
2.957983193277311,0.167098,0.0
2.980392156862745,0.167098,0.0
3.0028011204481797,0.167098,0.0
3.0252100840336134,0.167098,0.0
3.0476190476190474,0.167098,0.0
3.070028011204482,0.167098,0.0
3.092436974789916,0.167098,0.0
3.1148459383753506,0.167098,0.0
3.1372549019607843,0.167098,0.0
3.1596638655462184,0.167098,0.0
3.182072829131653,0.167098,0.0
3.204481792717087,0.167098,0.0
3.226890756302521,0.167098,0.0
3.249299719887955,0.167098,0.0
3.2717086834733893,0.167098,0.0
3.294117647058824,0.167098,0.0
3.316526610644258,0.167098,0.0
3.338935574229692,0.167098,0.0
3.361344537815126,0.167098,0.0
3.38375350140056,0.167098,0.0
3.4061624649859947,0.167098,0.0
3.428571428571429,0.167098,0.0
3.450980392156863,0.167098,0.0
3.473389355742297,0.167098,0.0
3.495798319327731,0.167098,0.0
3.5182072829131656,0.167098,0.0
3.5406162464985993,0.167098,0.0
3.563025210084034,0.167098,0.0
3.585434173669468,0.167098,0.0
3.607843137254902,0.167098,0.0
3.6302521008403366,0.167098,0.0
3.65266106442577,0.167098,0.0
3.6750700280112047,0.167098,0.0
3.697478991596639,0.167098,0.0
3.719887955182073,0.167098,0.0
3.742296918767507,0.167098,0.0
3.7647058823529416,0.167098,0.0
3.7871148459383757,0.167098,0.0
3.8095238095238093,0.167098,0.0
3.831932773109244,0.167098,0.0
3.854341736694678,0.167098,0.0
3.8767507002801125,0.167098,0.0
3.8991596638655466,0.167098,0.0
3.9215686274509802,0.167098,0.0
3.9439775910364148,0.167098,0.0
3.966386554621849,0.167098,0.0
3.9887955182072834,0.167098,0.0
4.011204481792717,0.167098,0.0
4.033613445378151,0.167098,0.0
4.056022408963586,0.167098,0.0
4.078431372549019,0.167098,0.0
4.100840336134453,0.167098,0.0
4.123249299719888,0.167098,0.0
4.1456582633053225,0.167098,0.0
4.168067226890757,0.167098,0.0
4.190476190476191,0.167098,0.0
4.212885154061625,0.167098,0.0
4.235294117647059,0.167098,0.0
4.257703081232493,0.167098,0.0
4.280112044817928,0.167098,0.0
4.302521008403361,0.167098,0.0
4.324929971988795,0.167098,0.0
4.34733893557423,0.167098,0.0
4.369747899159664,0.167098,0.0
4.392156862745098,0.167098,0.0
4.4145658263305325,0.167098,0.0
4.436974789915967,0.167098,0.0
4.459383753501401,0.167098,0.0
4.481792717086835,0.167098,0.0
4.50420168067227,0.167098,0.0
4.526610644257703,0.167098,0.0
4.549019607843137,0.167098,0.0
4.571428571428572,0.167098,0.0
4.593837535014006,0.167098,0.0
4.616246498599439,0.167098,0.0
4.638655462184874,0.167098,0.0
4.661064425770308,0.167098,0.0
4.6834733893557425,0.167098,0.0
4.705882352941177,0.167098,0.0
4.728291316526611,0.167098,0.0
4.750700280112045,0.167098,0.0
4.773109243697479,0.167098,0.0
4.795518207282914,0.167098,0.0
4.817927170868348,0.167098,0.0
4.840336134453781,0.167098,0.0
4.862745098039216,0.167098,0.0
4.88515406162465,0.167098,0.0
4.907563025210084,0.167098,0.0
4.9299719887955185,0.167098,0.0
4.9523809523809526,0.167098,0.0
4.974789915966387,0.167098,0.0
4.997198879551821,0.167098,0.0
5.019607843137256,0.167098,0.0
5.04201680672269,0.167098,0.0
5.064425770308123,0.167098,0.0
5.086834733893558,0.167098,0.0
5.109243697478992,0.167098,0.0
5.131652661064425,0.167098,0.0
5.15406162464986,0.167098,0.0
5.176470588235294,0.167098,0.0
5.1988795518207285,0.167098,0.0
5.221288515406163,0.167098,0.0
5.243697478991597,0.167098,0.0
5.266106442577032,0.167098,0.0
5.288515406162465,0.167098,0.0
5.3109243697479,0.167098,0.0
5.333333333333334,0.167098,0.0
5.355742296918767,0.167098,0.0
5.378151260504202,0.167098,0.0
5.400560224089636,0.167098,0.0
5.42296918767507,0.167098,0.0
5.445378151260504,0.167098,0.0
5.4677871148459385,0.167098,0.0
5.4901960784313735,0.167098,0.0
5.512605042016807,0.167098,0.0
5.535014005602241,0.167098,0.0
5.557422969187676,0.167098,0.0
5.579831932773109,0.167098,0.0
5.602240896358544,0.167098,0.0
5.624649859943978,0.167098,0.0
5.647058823529411,0.167098,0.0
5.669467787114846,0.167098,0.0
5.69187675070028,0.167098,0.0
5.714285714285715,0.167098,0.0
5.7366946778711485,0.167098,0.0
5.759103641456583,0.167098,0.0
5.781512605042018,0.167098,0.0
5.803921568627451,0.167098,0.0
5.826330532212886,0.167098,0.0
5.84873949579832,0.167098,0.0
5.871148459383753,0.167098,0.0
5.893557422969188,0.167098,0.0
5.915966386554622,0.167098,0.0
5.938375350140057,0.167098,0.0
5.96078431372549,0.167098,0.0
5.983193277310924,0.167098,0.0
6.005602240896359,0.167098,0.0
6.028011204481793,0.167098,0.0
6.050420168067227,0.167098,0.0
6.072829131652662,0.167098,0.0
6.095238095238095,0.167098,0.0
6.11764705882353,0.167098,0.0
6.140056022408964,0.167098,0.0
6.162464985994398,0.167098,0.0
6.184873949579832,0.167098,0.0
6.207282913165266,0.167098,0.0
6.229691876750701,0.167098,0.0
6.2521008403361344,0.167098,0.0
6.2745098039215685,0.167098,0.0
6.2969187675070035,0.167098,0.0
6.319327731092437,0.167098,0.0
6.341736694677872,0.167098,0.0
6.364145658263306,0.167098,0.0
6.38655462184874,0.167098,0.0
6.408963585434174,0.167098,0.0
6.431372549019608,0.167098,0.0
6.453781512605042,0.167098,0.0
6.476190476190476,0.167098,0.0
6.49859943977591,0.167098,0.0
6.521008403361345,0.167098,0.0
6.543417366946779,0.167098,0.0
6.565826330532213,0.167098,0.0
6.588235294117648,0.167098,0.0
6.610644257703082,0.167098,0.0
6.633053221288516,0.167098,0.0
6.65546218487395,0.167098,0.0
6.677871148459384,0.167098,0.0
6.700280112044818,0.167098,0.0
6.722689075630252,0.167098,0.0
6.745098039215687,0.167098,0.0
6.76750700280112,0.167098,0.0
6.7899159663865545,0.167098,0.0
6.8123249299719895,0.167098,0.0
6.834733893557424,0.167098,0.0
6.857142857142858,0.167098,0.0
6.879551820728292,0.167098,0.0
6.901960784313726,0.167098,0.0
6.92436974789916,0.167098,0.0
6.946778711484594,0.167098,0.0
6.969187675070028,0.167098,0.0
6.991596638655462,0.167098,0.0
7.014005602240896,0.167098,0.0
7.036414565826331,0.167098,0.0
7.058823529411765,0.167098,0.0
7.081232492997199,0.167098,0.0
7.103641456582634,0.167098,0.0
7.126050420168068,0.167098,0.0
7.148459383753502,0.167098,0.0
7.170868347338936,0.167098,0.0
7.19327731092437,0.167098,0.0
7.215686274509804,0.167098,0.0
7.238095238095238,0.167098,0.0
7.260504201680673,0.167098,0.0
7.282913165266107,0.167098,0.0
7.30532212885154,0.167098,0.0
7.327731092436975,0.167098,0.0
7.3501400560224095,0.167098,0.0
7.372549019607844,0.167098,0.0
7.394957983193278,0.167098,0.0
7.417366946778712,0.167098,0.0
7.439775910364146,0.167098,0.0
7.462184873949581,0.167098,0.0
7.484593837535014,0.167098,0.0
7.507002801120449,0.167098,0.0
7.529411764705883,0.167098,0.0
7.551820728291316,0.167098,0.0
7.574229691876751,0.167098,0.0
7.596638655462185,0.167098,0.0
7.619047619047619,0.167098,0.0
7.641456582633054,0.167098,0.0
7.663865546218488,0.167098,0.0
7.686274509803921,0.167098,0.0
7.708683473389356,0.167098,0.0
7.731092436974791,0.167098,0.0
7.753501400560225,0.167098,0.0
7.775910364145658,0.167098,0.0
7.798319327731093,0.167098,0.0
7.820728291316527,0.167098,0.0
7.8431372549019605,0.167098,0.0
7.865546218487395,0.167098,0.0
7.8879551820728295,0.167098,0.0
7.910364145658263,0.167098,0.0
7.932773109243698,0.167098,0.0
7.955182072829133,0.167098,0.0
7.977591036414567,0.167098,0.0
8.0,0.167098,0.0
8.022408963585434,0.167098,0.0
8.04481792717087,0.167098,0.0
8.067226890756302,0.167098,0.0
8.089635854341736,0.167098,0.0
8.112044817927172,0.167098,0.0
8.134453781512605,0.167098,0.0
8.156862745098039,0.167098,0.0
8.179271708683475,0.167098,0.0
8.201680672268907,0.167098,0.0
8.224089635854341,0.167098,0.0
8.246498599439777,0.167098,0.0
8.268907563025211,0.167098,0.0
8.291316526610645,0.167098,0.0
8.313725490196079,0.167098,0.0
8.336134453781513,0.167098,0.0
8.358543417366947,0.167098,0.0
8.380952380952381,0.167098,0.0
8.403361344537815,0.167098,0.0
8.42577030812325,0.167098,0.0
8.448179271708684,0.167098,0.0
8.470588235294118,0.167098,0.0
8.492997198879554,0.167098,0.0
8.515406162464986,0.167098,0.0
8.53781512605042,0.167098,0.0
8.560224089635856,0.167098,0.0
8.582633053221288,0.167098,0.0
8.605042016806722,0.167098,0.0
8.627450980392158,0.167098,0.0
8.64985994397759,0.167098,0.0
8.672268907563025,0.167098,0.0
8.69467787114846,0.167098,0.0
8.717086834733893,0.167098,0.0
8.739495798319329,0.167098,0.0
8.761904761904763,0.167098,0.0
8.784313725490197,0.167098,0.0
8.806722689075631,0.167098,0.0
8.829131652661065,0.167098,0.0
8.8515406162465,0.167098,0.0
8.873949579831933,0.167098,0.0
8.896358543417367,0.167098,0.0
8.918767507002801,0.167098,0.0
8.941176470588236,0.167098,0.0
8.96358543417367,0.167098,0.0
8.985994397759104,0.167098,0.0
9.00840336134454,0.167098,0.0
9.030812324929972,0.167098,0.0
9.053221288515406,0.167098,0.0
9.075630252100842,0.167098,0.0
9.098039215686274,0.167098,0.0
9.120448179271708,0.167098,0.0
9.142857142857144,0.167098,0.0
9.165266106442576,0.167098,0.0
9.187675070028012,0.167098,0.0
9.210084033613446,0.167098,0.0
9.232492997198879,0.167098,0.0
9.254901960784315,0.167098,0.0
9.277310924369749,0.167098,0.0
9.299719887955183,0.167098,0.0
9.322128851540617,0.167098,0.0
9.344537815126051,0.167098,0.0
9.366946778711485,0.167098,0.0
9.38935574229692,0.167098,0.0
9.411764705882353,0.167098,0.0
9.434173669467787,0.167098,0.0
9.456582633053221,0.167098,0.0
9.478991596638656,0.167098,0.0
9.50140056022409,0.167098,0.0
9.523809523809526,0.167098,0.0
9.546218487394958,0.167098,0.0
9.568627450980392,0.167098,0.0
9.591036414565828,0.167098,0.0
9.61344537815126,0.167098,0.0
9.635854341736696,0.167098,0.0
9.65826330532213,0.167098,0.0
9.680672268907562,0.167098,0.0
9.703081232492998,0.167098,0.0
9.725490196078432,0.167098,0.0
9.747899159663865,0.167098,0.0
9.7703081232493,0.167098,0.0
9.792717086834735,0.167098,0.0
9.815126050420169,0.167098,0.0
9.837535014005603,0.167098,0.0
9.859943977591037,0.167098,0.0
9.882352941176471,0.167098,0.0
9.904761904761905,0.167098,0.0
9.92717086834734,0.167098,0.0
9.949579831932773,0.167098,0.0
9.971988795518207,0.167098,0.0
9.994397759103641,0.167098,0.0
10.016806722689076,0.167098,0.0
10.039215686274511,0.167098,0.0
10.061624649859944,0.167098,0.0
10.08403361344538,0.167098,0.0
10.106442577030814,0.167098,0.0
10.128851540616246,0.167098,0.0
10.151260504201682,0.167098,0.0
10.173669467787116,0.167098,0.0
10.196078431372548,0.167098,0.0
10.218487394957984,0.167098,0.0
10.240896358543418,0.167098,0.0
10.26330532212885,0.167098,0.0
10.285714285714286,0.167098,0.0
10.30812324929972,0.167098,0.0
10.330532212885155,0.167098,0.0
10.352941176470589,0.167098,0.0
10.375350140056023,0.167098,0.0
10.397759103641457,0.167098,0.0
10.420168067226891,0.167098,0.0
10.442577030812325,0.167098,0.0
10.46498599439776,0.167098,0.0
10.487394957983193,0.167098,0.0
10.509803921568627,0.167098,0.0
10.532212885154063,0.167098,0.0
10.554621848739496,0.167098,0.0
10.57703081232493,0.167098,0.0
10.599439775910366,0.167098,0.0
10.6218487394958,0.167098,0.0
10.644257703081232,0.167098,0.0
10.666666666666668,0.167098,0.0
10.689075630252102,0.167098,0.0
10.711484593837534,0.167098,0.0
10.73389355742297,0.167098,0.0
10.756302521008404,0.167098,0.0
10.778711484593837,0.167098,0.0
10.801120448179272,0.167098,0.0
10.823529411764707,0.167098,0.0
10.84593837535014,0.167098,0.0
10.868347338935575,0.167098,0.0
10.890756302521009,0.167098,0.0
10.913165266106443,0.167098,0.0
10.935574229691877,0.167098,0.0
10.957983193277311,0.167098,0.0
10.980392156862747,0.167098,0.0
11.00280112044818,0.167098,0.0
11.025210084033613,0.167098,0.0
11.04761904761905,0.167098,0.0
11.070028011204482,0.167098,0.0
11.092436974789916,0.167098,0.0
11.114845938375352,0.167098,0.0
11.137254901960786,0.167098,0.0
11.159663865546218,0.167098,0.0
11.182072829131654,0.167098,0.0
11.204481792717088,0.167098,0.0
11.22689075630252,0.167098,0.0
11.249299719887956,0.167098,0.0
11.27170868347339,0.167098,0.0
11.294117647058822,0.167098,0.0
11.316526610644258,0.167098,0.0
11.338935574229692,0.167098,0.0
11.361344537815127,0.167098,0.0
11.38375350140056,0.167098,0.0
11.406162464985995,0.167098,0.0
11.42857142857143,0.167098,0.0
11.450980392156863,0.167098,0.0
11.473389355742297,0.167098,0.0
11.495798319327733,0.167098,0.0
11.518207282913165,0.167098,0.0
11.5406162464986,0.167098,0.0
11.563025210084035,0.167098,0.0
11.585434173669467,0.167098,0.0
11.607843137254902,0.167098,0.0
11.630252100840337,0.167098,0.0
11.652661064425772,0.167098,0.0
11.675070028011204,0.167098,0.0
11.69747899159664,0.167098,0.0
11.719887955182074,0.167098,0.0
11.742296918767506,0.167098,0.0
11.764705882352942,0.167098,0.0
11.787114845938376,0.167098,0.0
11.80952380952381,0.167098,0.0
11.831932773109244,0.167098,0.0
11.854341736694678,0.167098,0.0
11.876750700280114,0.167098,0.0
11.899159663865547,0.167098,0.0
11.92156862745098,0.167098,0.0
11.943977591036417,0.167098,0.0
11.966386554621849,0.167098,0.0
11.988795518207283,0.167098,0.0
12.011204481792719,0.167098,0.0
12.033613445378151,0.167098,0.0
12.056022408963585,0.167098,0.0
12.078431372549021,0.167098,0.0
12.100840336134453,0.167098,0.0
12.123249299719888,0.167098,0.0
12.145658263305323,0.167098,0.0
12.168067226890757,0.167098,0.0
12.19047619047619,0.167098,0.0
12.212885154061626,0.167098,0.0
12.23529411764706,0.167098,0.0
12.257703081232494,0.167098,0.0
12.280112044817928,0.167098,0.0
12.302521008403362,0.167098,0.0
12.324929971988796,0.167098,0.0
12.34733893557423,0.167098,0.0
12.369747899159664,0.167098,0.0
12.3921568627451,0.167098,0.0
12.414565826330533,0.167098,0.0
12.436974789915967,0.167098,0.0
12.459383753501402,0.167098,0.0
12.481792717086835,0.167098,0.0
12.504201680672269,0.167098,0.0
12.526610644257705,0.167098,0.0
12.549019607843137,0.167098,0.0
12.571428571428571,0.167098,0.0
12.593837535014007,0.167098,0.0
12.61624649859944,0.167098,0.0
12.638655462184873,0.167098,0.0
12.66106442577031,0.167098,0.0
12.683473389355743,0.167098,0.0
12.705882352941178,0.167098,0.0
12.728291316526612,0.167098,0.0
12.750700280112046,0.167098,0.0
12.77310924369748,0.167098,0.0
12.795518207282914,0.167098,0.0
12.817927170868348,0.167098,0.0
12.840336134453782,0.167098,0.0
12.862745098039216,0.167098,0.0
12.88515406162465,0.167098,0.0
12.907563025210084,0.167098,0.0
12.929971988795518,0.167098,0.0
12.952380952380953,0.167098,0.0
12.974789915966388,0.167098,0.0
12.99719887955182,0.167098,0.0
13.019607843137255,0.167098,0.0
13.04201680672269,0.167098,0.0
13.064425770308123,0.167098,0.0
13.086834733893557,0.167098,0.0
13.109243697478993,0.167098,0.0
13.131652661064425,0.167098,0.0
13.154061624649861,0.167098,0.0
13.176470588235295,0.167098,0.0
13.19887955182073,0.167098,0.0
13.221288515406163,0.167098,0.0
13.243697478991598,0.167098,0.0
13.266106442577032,0.167098,0.0
13.288515406162466,0.167098,0.0
13.3109243697479,0.167098,0.0
13.333333333333334,0.167098,0.0
13.355742296918768,0.167098,0.0
13.378151260504202,0.167098,0.0
13.400560224089636,0.167098,0.0
13.42296918767507,0.167098,0.0
13.445378151260504,0.167098,0.0
13.467787114845938,0.167098,0.0
13.490196078431374,0.167098,0.0
13.512605042016807,0.167098,0.0
13.53501400560224,0.167098,0.0
13.557422969187677,0.167098,0.0
13.579831932773109,0.167098,0.0
13.602240896358545,0.167098,0.0
13.624649859943979,0.167098,0.0
13.647058823529411,0.167098,0.0
13.669467787114847,0.167098,0.0
13.691876750700281,0.167098,0.0
13.714285714285715,0.167098,0.0
13.73669467787115,0.167098,0.0
13.759103641456583,0.167098,0.0
13.781512605042018,0.167098,0.0
13.803921568627452,0.167098,0.0
13.826330532212886,0.167098,0.0
13.84873949579832,0.167098,0.0
13.871148459383754,0.167098,0.0
13.893557422969188,0.167098,0.0
13.915966386554622,0.167098,0.0
13.938375350140056,0.167098,0.0
13.96078431372549,0.167098,0.0
13.983193277310924,0.167098,0.0
14.00560224089636,0.167098,0.0
14.028011204481793,0.167098,0.0
14.050420168067228,0.167098,0.0
14.072829131652663,0.167098,0.0
14.095238095238095,0.167098,0.0
14.11764705882353,0.167098,0.0
14.140056022408965,0.167098,0.0
14.162464985994397,0.167098,0.0
14.184873949579833,0.167098,0.0
14.207282913165267,0.167098,0.0
14.229691876750701,0.167098,0.0
14.252100840336135,0.167098,0.0
14.27450980392157,0.167098,0.0
14.296918767507004,0.167098,0.0
14.319327731092438,0.167098,0.0
14.341736694677872,0.167098,0.0
14.364145658263306,0.167098,0.0
14.38655462184874,0.167098,0.0
14.408963585434174,0.167098,0.0
14.431372549019608,0.167098,0.0
14.453781512605042,0.167098,0.0
14.476190476190476,0.167098,0.0
14.498599439775912,0.167098,0.0
14.521008403361346,0.167098,0.0
14.543417366946779,0.167098,0.0
14.565826330532214,0.167098,0.0
14.588235294117649,0.167098,0.0
14.61064425770308,0.167098,0.0
14.633053221288517,0.167098,0.0
14.65546218487395,0.167098,0.0
14.677871148459383,0.167098,0.0
14.700280112044819,0.167098,0.0
14.722689075630253,0.167098,0.0
14.745098039215687,0.167098,0.0
14.767507002801121,0.167098,0.0
14.789915966386555,0.167098,0.0
14.81232492997199,0.167098,0.0
14.834733893557424,0.167098,0.0
14.857142857142858,0.167098,0.0
14.879551820728292,0.167098,0.0
14.901960784313728,0.167098,0.0
14.924369747899162,0.167098,0.0
14.946778711484594,0.167098,0.0
14.969187675070028,0.167098,0.0
14.991596638655462,0.167098,0.0
15.014005602240898,0.167098,0.0
15.036414565826332,0.167098,0.0
15.058823529411766,0.167098,0.0
15.081232492997199,0.167098,0.0
15.103641456582633,0.167098,0.0
15.126050420168067,0.167098,0.0
15.148459383753503,0.167098,0.0
15.170868347338937,0.167098,0.0
15.19327731092437,0.167098,0.0
15.215686274509807,0.167098,0.0
15.238095238095237,0.167098,0.0
15.260504201680671,0.167098,0.0
15.282913165266107,0.167098,0.0
15.305322128851541,0.167098,0.0
15.327731092436975,0.167098,0.0
15.350140056022411,0.167098,0.0
15.372549019607842,0.167098,0.0
15.394957983193278,0.167098,0.0
15.417366946778712,0.167098,0.0
15.439775910364146,0.167098,0.0
15.462184873949582,0.167098,0.0
15.484593837535016,0.167098,0.0
15.50700280112045,0.167098,0.0
15.529411764705882,0.167098,0.0
15.551820728291316,0.167098,0.0
15.57422969187675,0.167098,0.0
15.596638655462186,0.167098,0.0
15.61904761904762,0.167098,0.0
15.641456582633054,0.167098,0.0
15.66386554621849,0.167098,0.0
15.686274509803921,0.167098,0.0
15.708683473389355,0.167098,0.0
15.73109243697479,0.167098,0.0
15.753501400560225,0.167098,0.0
15.775910364145659,0.167098,0.0
15.798319327731095,0.167098,0.0
15.820728291316525,0.167098,0.0
15.843137254901961,0.167098,0.0
15.865546218487395,0.167098,0.0
15.88795518207283,0.167098,0.0
15.910364145658265,0.167098,0.0
15.9327731092437,0.167098,0.0
15.955182072829134,0.167098,0.0
15.977591036414566,0.167098,0.0
16.0,0.167098,0.0
16.022408963585434,0.167098,0.0
16.044817927170868,0.167098,0.0
16.067226890756302,0.167098,0.0
16.08963585434174,0.167098,0.0
16.11204481792717,0.167098,0.0
16.134453781512605,0.167098,0.0
16.15686274509804,0.167098,0.0
16.179271708683473,0.167098,0.0
16.20168067226891,0.167098,0.0
16.224089635854344,0.167098,0.0
16.24649859943978,0.167098,0.0
16.26890756302521,0.167098,0.0
16.291316526610643,0.167098,0.0
16.313725490196077,0.167098,0.0
16.336134453781515,0.167098,0.0
16.35854341736695,0.167098,0.0
16.380952380952383,0.167098,0.0
16.403361344537814,0.167098,0.0
16.425770308123248,0.167098,0.0
16.448179271708682,0.167098,0.0
16.47058823529412,0.167098,0.0
16.492997198879554,0.167098,0.0
16.515406162464988,0.167098,0.0
16.537815126050422,0.167098,0.0
16.560224089635852,0.167098,0.0
16.58263305322129,0.167098,0.0
16.605042016806724,0.167098,0.0
16.627450980392158,0.167098,0.0
16.649859943977592,0.167098,0.0
16.672268907563026,0.167098,0.0
16.69467787114846,0.167098,0.0
16.717086834733895,0.167098,0.0
16.73949579831933,0.167098,0.0
16.761904761904763,0.167098,0.0
16.784313725490197,0.167098,0.0
16.80672268907563,0.167098,0.0
16.829131652661065,0.167098,0.0
16.8515406162465,0.167098,0.0
16.873949579831933,0.167098,0.0
16.896358543417367,0.167098,0.0
16.9187675070028,0.167098,0.0
16.941176470588236,0.167098,0.0
16.96358543417367,0.167098,0.0
16.985994397759107,0.167098,0.0
17.008403361344538,0.167098,0.0
17.030812324929972,0.167098,0.0
17.053221288515406,0.167098,0.0
17.07563025210084,0.167098,0.0
17.098039215686278,0.167098,0.0
17.120448179271712,0.167098,0.0
17.142857142857142,0.167098,0.0
17.165266106442576,0.167098,0.0
17.18767507002801,0.167098,0.0
17.210084033613445,0.167098,0.0
17.232492997198882,0.167098,0.0
17.254901960784316,0.167098,0.0
17.27731092436975,0.167098,0.0
17.29971988795518,0.167098,0.0
17.322128851540615,0.167098,0.0
17.34453781512605,0.167098,0.0
17.366946778711487,0.167098,0.0
17.38935574229692,0.167098,0.0
17.411764705882355,0.167098,0.0
17.434173669467786,0.167098,0.0
17.45658263305322,0.167098,0.0
17.478991596638657,0.167098,0.0
17.50140056022409,0.167098,0.0
17.523809523809526,0.167098,0.0
17.54621848739496,0.167098,0.0
17.568627450980394,0.167098,0.0
17.591036414565824,0.167098,0.0
17.613445378151262,0.167098,0.0
17.635854341736696,0.167098,0.0
17.65826330532213,0.167098,0.0
17.680672268907564,0.167098,0.0
17.703081232493,0.167098,0.0
17.72549019607843,0.167098,0.0
17.747899159663866,0.167098,0.0
17.7703081232493,0.167098,0.0
17.792717086834735,0.167098,0.0
17.81512605042017,0.167098,0.0
17.837535014005603,0.167098,0.0
17.859943977591037,0.167098,0.0
17.88235294117647,0.167098,0.0
17.904761904761905,0.167098,0.0
17.92717086834734,0.167098,0.0
17.949579831932773,0.167098,0.0
17.971988795518207,0.167098,0.0
17.994397759103645,0.167098,0.0
18.01680672268908,0.167098,0.0
18.03921568627451,0.167098,0.0
18.061624649859944,0.167098,0.0
18.084033613445378,0.167098,0.0
18.106442577030812,0.167098,0.0
18.12885154061625,0.167098,0.0
18.151260504201684,0.167098,0.0
18.173669467787114,0.167098,0.0
18.19607843137255,0.167098,0.0
18.218487394957982,0.167098,0.0
18.240896358543417,0.167098,0.0
18.263305322128854,0.167098,0.0
18.28571428571429,0.167098,0.0
18.308123249299722,0.167098,0.0
18.330532212885153,0.167098,0.0
18.352941176470587,0.167098,0.0
18.375350140056025,0.167098,0.0
18.39775910364146,0.167098,0.0
18.420168067226893,0.167098,0.0
18.442577030812327,0.167098,0.0
18.464985994397757,0.167098,0.0
18.48739495798319,0.167098,0.0
18.50980392156863,0.167098,0.0
18.532212885154063,0.167098,0.0
18.554621848739497,0.167098,0.0
18.57703081232493,0.167098,0.0
18.599439775910366,0.167098,0.0
18.621848739495796,0.167098,0.0
18.644257703081234,0.167098,0.0
18.666666666666668,0.167098,0.0
18.689075630252102,0.167098,0.0
18.711484593837536,0.167098,0.0
18.73389355742297,0.167098,0.0
18.756302521008404,0.167098,0.0
18.77871148459384,0.167098,0.0
18.801120448179272,0.167098,0.0
18.823529411764707,0.167098,0.0
18.84593837535014,0.167098,0.0
18.868347338935575,0.167098,0.0
18.890756302521012,0.167098,0.0
18.913165266106443,0.167098,0.0
18.935574229691877,0.167098,0.0
18.95798319327731,0.167098,0.0
18.980392156862745,0.167098,0.0
19.00280112044818,0.167098,0.0
19.025210084033617,0.167098,0.0
19.04761904761905,0.167098,0.0
19.07002801120448,0.167098,0.0
19.092436974789916,0.167098,0.0
19.11484593837535,0.167098,0.0
19.137254901960784,0.167098,0.0
19.15966386554622,0.167098,0.0
19.182072829131656,0.167098,0.0
19.204481792717086,0.167098,0.0
19.22689075630252,0.167098,0.0
19.249299719887954,0.167098,0.0
19.271708683473392,0.167098,0.0
19.294117647058826,0.167098,0.0
19.31652661064426,0.167098,0.0
19.338935574229694,0.167098,0.0
19.361344537815125,0.167098,0.0
19.38375350140056,0.167098,0.0
19.406162464985997,0.167098,0.0
19.42857142857143,0.167098,0.0
19.450980392156865,0.167098,0.0
19.4733893557423,0.167098,0.0
19.49579831932773,0.167098,0.0
19.518207282913163,0.167098,0.0
19.5406162464986,0.167098,0.0
19.563025210084035,0.167098,0.0
19.58543417366947,0.167098,0.0
19.607843137254903,0.167098,0.0
19.630252100840337,0.167098,0.0
19.65266106442577,0.167098,0.0
19.675070028011206,0.167098,0.0
19.69747899159664,0.167098,0.0
19.719887955182074,0.167098,0.0
19.742296918767508,0.167098,0.0
19.764705882352942,0.167098,0.0
19.787114845938376,0.167098,0.0
19.80952380952381,0.167098,0.0
19.831932773109244,0.167098,0.0
19.85434173669468,0.167098,0.0
19.876750700280112,0.167098,0.0
19.899159663865547,0.167098,0.0
19.921568627450984,0.167098,0.0
19.943977591036415,0.167098,0.0
19.96638655462185,0.167098,0.0
19.988795518207283,0.0,0.0
20.011204481792717,0.0,0.0
20.03361344537815,0.0,0.0
20.05602240896359,0.0,0.0
20.078431372549023,0.0,0.0
20.100840336134453,0.0,0.0
20.123249299719888,0.0,0.0
20.14565826330532,0.0,0.0
20.16806722689076,0.0,0.0
20.190476190476193,0.0,0.0
20.212885154061627,0.0,0.0
20.235294117647058,0.0,0.0
20.257703081232492,0.0,0.0
20.280112044817926,0.0,0.0
20.302521008403364,0.0,0.0
20.324929971988798,0.0,0.0
20.347338935574232,0.0,0.0
20.369747899159666,0.0,0.0
20.392156862745097,0.0,0.0
20.41456582633053,0.0,0.0
20.43697478991597,0.0,0.0
20.459383753501402,0.0,0.0
20.481792717086837,0.0,0.0
20.50420168067227,0.0,0.0
20.5266106442577,0.0,0.0
20.54901960784314,0.0,0.0
20.571428571428573,0.0,0.0
20.593837535014007,0.0,0.0
20.61624649859944,0.0,0.0
20.638655462184875,0.0,0.0
20.66106442577031,0.0,0.0
20.683473389355743,0.0,0.0
20.705882352941178,0.0,0.0
20.72829131652661,0.0,0.0
20.750700280112046,0.0,0.0
20.77310924369748,0.0,0.0
20.795518207282914,0.0,0.0
20.817927170868348,0.0,0.0
20.840336134453782,0.0,0.0
20.862745098039216,0.0,0.0
20.88515406162465,0.0,0.0
20.907563025210084,0.0,0.0
20.92997198879552,0.0,0.0
20.952380952380956,0.0,0.0
20.974789915966387,0.0,0.0
20.99719887955182,0.0,0.0
21.019607843137255,0.0,0.0
21.04201680672269,0.0,0.0
21.064425770308127,0.0,0.0
21.08683473389356,0.0,0.0
21.10924369747899,0.0,0.0
21.131652661064425,0.0,0.0
21.15406162464986,0.0,0.0
21.176470588235293,0.0,0.0
21.19887955182073,0.0,0.0
21.221288515406165,0.0,0.0
21.2436974789916,0.0,0.0
21.26610644257703,0.0,0.0
21.288515406162464,0.0,0.0
21.310924369747898,0.0,0.0
21.333333333333336,0.0,0.0
21.35574229691877,0.0,0.0
21.378151260504204,0.0,0.0
21.400560224089638,0.0,0.0
21.42296918767507,0.0,0.0
21.445378151260506,0.0,0.0
21.46778711484594,0.0,0.0
21.490196078431374,0.0,0.0
21.51260504201681,0.0,0.0
21.535014005602243,0.0,0.0
21.557422969187673,0.0,0.0
21.57983193277311,0.0,0.0
21.602240896358545,0.0,0.0
21.62464985994398,0.0,0.0
21.647058823529413,0.0,0.0
21.669467787114847,0.0,0.0
21.69187675070028,0.0,0.0
21.714285714285715,0.0,0.0
21.73669467787115,0.0,0.0
21.759103641456583,0.0,0.0
21.781512605042018,0.0,0.0
21.80392156862745,0.0,0.0
21.826330532212886,0.0,0.0
21.84873949579832,0.0,0.0
21.871148459383754,0.0,0.0
21.893557422969188,0.0,0.0
21.915966386554622,0.0,0.0
21.938375350140056,0.0,0.0
21.960784313725494,0.0,0.0
21.983193277310928,0.0,0.0
22.00560224089636,0.0,0.0
22.028011204481793,0.0,0.0
22.050420168067227,0.0,0.0
22.07282913165266,0.0,0.0
22.0952380952381,0.0,0.0
22.117647058823533,0.0,0.0
22.140056022408963,0.0,0.0
22.162464985994397,0.0,0.0
22.18487394957983,0.0,0.0
22.207282913165265,0.0,0.0
22.229691876750703,0.0,0.0
22.252100840336137,0.0,0.0
22.27450980392157,0.0,0.0
22.296918767507,0.0,0.0
22.319327731092436,0.0,0.0
22.341736694677873,0.0,0.0
22.364145658263308,0.0,0.0
22.38655462184874,0.0,0.0
22.408963585434176,0.0,0.0
22.43137254901961,0.0,0.0
22.45378151260504,0.0,0.0
22.476190476190478,0.0,0.0
22.498599439775912,0.0,0.0
22.521008403361346,0.0,0.0
22.54341736694678,0.0,0.0
22.565826330532214,0.0,0.0
22.588235294117645,0.0,0.0
22.610644257703083,0.0,0.0
22.633053221288517,0.0,0.0
22.65546218487395,0.0,0.0
22.677871148459385,0.0,0.0
22.70028011204482,0.0,0.0
22.722689075630253,0.0,0.0
22.745098039215687,0.0,0.0
22.76750700280112,0.0,0.0
22.789915966386555,0.0,0.0
22.81232492997199,0.0,0.0
22.834733893557424,0.0,0.0
22.85714285714286,0.0,0.0
22.87955182072829,0.0,0.0
22.901960784313726,0.0,0.0
22.92436974789916,0.0,0.0
22.946778711484594,0.0,0.0
22.969187675070028,0.0,0.0
22.991596638655466,0.0,0.0
23.0140056022409,0.0,0.0
23.03641456582633,0.0,0.0
23.058823529411764,0.0,0.0
23.0812324929972,0.0,0.0
23.103641456582633,0.0,0.0
23.12605042016807,0.0,0.0
23.148459383753504,0.0,0.0
23.170868347338935,0.0,0.0
23.19327731092437,0.0,0.0
23.215686274509803,0.0,0.0
23.23809523809524,0.0,0.0
23.260504201680675,0.0,0.0
23.28291316526611,0.0,0.0
23.305322128851543,0.0,0.0
23.327731092436974,0.0,0.0
23.350140056022408,0.0,0.0
23.372549019607845,0.0,0.0
23.39495798319328,0.0,0.0
23.417366946778714,0.0,0.0
23.439775910364148,0.0,0.0
23.462184873949578,0.0,0.0
23.484593837535012,0.0,0.0
23.50700280112045,0.0,0.0
23.529411764705884,0.0,0.0
23.551820728291318,0.0,0.0
23.574229691876752,0.0,0.0
23.596638655462186,0.0,0.0
23.61904761904762,0.0,0.0
23.641456582633054,0.0,0.0
23.66386554621849,0.0,0.0
23.686274509803923,0.0,0.0
23.708683473389357,0.0,0.0
23.73109243697479,0.0,0.0
23.75350140056023,0.0,0.0
23.77591036414566,0.0,0.0
23.798319327731093,0.0,0.0
23.820728291316527,0.0,0.0
23.84313725490196,0.0,0.0
23.865546218487395,0.0,0.0
23.887955182072833,0.0,0.0
23.910364145658264,0.0,0.0
23.932773109243698,0.0,0.0
23.955182072829132,0.0,0.0
23.977591036414566,0.0,0.0
24.0,0.0,0.0
24.022408963585438,0.0,0.0
24.04481792717087,0.0,0.0
24.067226890756302,0.0,0.0
24.089635854341736,0.0,0.0
24.11204481792717,0.0,0.0
24.134453781512608,0.0,0.0
24.156862745098042,0.0,0.0
24.179271708683476,0.0,0.0
24.201680672268907,0.0,0.0
24.22408963585434,0.0,0.0
24.246498599439775,0.0,0.0
24.268907563025213,0.0,0.0
24.291316526610647,0.0,0.0
24.31372549019608,0.0,0.0
24.336134453781515,0.0,0.0
24.358543417366946,0.0,0.0
24.38095238095238,0.0,0.0
24.403361344537817,0.0,0.0
24.42577030812325,0.0,0.0
24.448179271708685,0.0,0.0
24.47058823529412,0.0,0.0
24.49299719887955,0.0,0.0
24.515406162464988,0.0,0.0
24.537815126050422,0.0,0.0
24.560224089635856,0.0,0.0
24.58263305322129,0.0,0.0
24.605042016806724,0.0,0.0
24.627450980392158,0.0,0.0
24.649859943977592,0.0,0.0
24.672268907563026,0.0,0.0
24.69467787114846,0.0,0.0
24.717086834733895,0.0,0.0
24.73949579831933,0.0,0.0
24.761904761904763,0.0,0.0
24.7843137254902,0.0,0.0
24.80672268907563,0.0,0.0
24.829131652661065,0.0,0.0
24.8515406162465,0.0,0.0
24.873949579831933,0.0,0.0
24.896358543417367,0.0,0.0
24.918767507002805,0.0,0.0
24.941176470588236,0.0,0.0
24.96358543417367,0.0,0.0
24.985994397759104,0.0,0.0
25.008403361344538,0.0,0.0
25.030812324929975,0.0,0.0
25.05322128851541,0.0,0.0
25.075630252100844,0.0,0.0
25.098039215686274,0.0,0.0
25.12044817927171,0.0,0.0
25.142857142857142,0.0,0.0
25.16526610644258,0.0,0.0
25.187675070028014,0.0,0.0
25.210084033613448,0.0,0.0
25.23249299719888,0.0,0.0
25.254901960784313,0.0,0.0
25.277310924369747,0.0,0.0
25.299719887955185,0.0,0.0
25.32212885154062,0.0,0.0
25.344537815126053,0.0,0.0
25.366946778711487,0.0,0.0
25.389355742296917,0.0,0.0
25.411764705882355,0.0,0.0
25.43417366946779,0.0,0.0
25.456582633053223,0.0,0.0
25.478991596638657,0.0,0.0
25.50140056022409,0.0,0.0
25.523809523809522,0.0,0.0
25.54621848739496,0.0,0.0
25.568627450980394,0.0,0.0
25.591036414565828,0.0,0.0
25.613445378151262,0.0,0.0
25.635854341736696,0.0,0.0
25.65826330532213,0.0,0.0
25.680672268907564,0.0,0.0
25.703081232493,0.0,0.0
25.725490196078432,0.0,0.0
25.747899159663866,0.0,0.0
25.7703081232493,0.0,0.0
25.792717086834735,0.0,0.0
25.81512605042017,0.0,0.0
25.837535014005603,0.0,0.0
25.859943977591037,0.0,0.0
25.88235294117647,0.0,0.0
25.904761904761905,0.0,0.0
25.927170868347343,0.0,0.0
25.949579831932777,0.0,0.0
25.971988795518207,0.0,0.0
25.99439775910364,0.167098,0.0
26.016806722689076,0.167098,0.0
26.03921568627451,0.167098,0.0
26.061624649859947,0.167098,0.0
26.08403361344538,0.167098,0.0
26.106442577030815,0.167098,0.0
26.128851540616246,0.167098,0.0
26.15126050420168,0.167098,0.0
26.173669467787114,0.167098,0.0
26.196078431372552,0.167098,0.0
26.218487394957986,0.167098,0.0
26.24089635854342,0.167098,0.0
26.26330532212885,0.167098,0.0
26.285714285714285,0.167098,0.0
26.308123249299722,0.167098,0.0
26.330532212885156,0.167098,0.0
26.35294117647059,0.167098,0.0
26.375350140056025,0.167098,0.0
26.39775910364146,0.167098,0.0
26.42016806722689,0.167098,0.0
26.442577030812327,0.167098,0.0
26.46498599439776,0.167098,0.0
26.487394957983195,0.167098,0.0
26.50980392156863,0.167098,0.0
26.532212885154063,0.167098,0.0
26.554621848739494,0.167098,0.0
26.57703081232493,0.167098,0.0
26.599439775910366,0.167098,0.0
26.6218487394958,0.167098,0.0
26.644257703081234,0.167098,0.0
26.666666666666668,0.167098,0.0
26.689075630252102,0.167098,0.0
26.711484593837536,0.167098,0.0
26.73389355742297,0.167098,0.0
26.756302521008404,0.167098,0.0
26.77871148459384,0.167098,0.0
26.801120448179272,0.167098,0.0
26.82352941176471,0.167098,0.0
26.84593837535014,0.167098,0.0
26.868347338935575,0.167098,0.0
26.89075630252101,0.167098,0.0
26.913165266106443,0.167098,0.0
26.935574229691877,0.167098,0.0
26.957983193277315,0.167098,0.0
26.98039215686275,0.167098,0.0
27.00280112044818,0.167098,0.0
27.025210084033613,0.167098,0.0
27.047619047619047,0.167098,0.0
27.07002801120448,0.167098,0.0
27.09243697478992,0.167098,0.0
27.114845938375353,0.167098,0.0
27.137254901960787,0.167098,0.0
27.159663865546218,0.167098,0.0
27.182072829131652,0.167098,0.0
27.20448179271709,0.167098,0.0
27.226890756302524,0.167098,0.0
27.249299719887958,0.167098,0.0
27.271708683473392,0.167098,0.0
27.294117647058822,0.167098,0.0
27.316526610644257,0.167098,0.0
27.338935574229694,0.167098,0.0
27.36134453781513,0.167098,0.0
27.383753501400562,0.167098,0.0
27.406162464985997,0.167098,0.0
27.42857142857143,0.167098,0.0
27.45098039215686,0.167098,0.0
27.4733893557423,0.167098,0.0
27.495798319327733,0.167098,0.0
27.518207282913167,0.167098,0.0
27.5406162464986,0.167098,0.0
27.563025210084035,0.167098,0.0
27.58543417366947,0.167098,0.0
27.607843137254903,0.167098,0.0
27.630252100840337,0.167098,0.0
27.65266106442577,0.167098,0.0
27.675070028011206,0.167098,0.0
27.69747899159664,0.167098,0.0
27.719887955182077,0.167098,0.0
27.742296918767508,0.167098,0.0
27.764705882352942,0.167098,0.0
27.787114845938376,0.167098,0.0
27.80952380952381,0.167098,0.0
27.831932773109244,0.167098,0.0
27.854341736694682,0.167098,0.0
27.876750700280112,0.167098,0.0
27.899159663865547,0.167098,0.0
27.92156862745098,0.167098,0.0
27.943977591036415,0.167098,0.0
27.96638655462185,0.167098,0.0
27.988795518207287,0.167098,0.0
28.01120448179272,0.167098,0.0
28.03361344537815,0.167098,0.0
28.056022408963585,0.167098,0.0
28.07843137254902,0.167098,0.0
28.100840336134457,0.167098,0.0
28.12324929971989,0.167098,0.0
28.145658263305325,0.167098,0.0
28.16806722689076,0.167098,0.0
28.19047619047619,0.167098,0.0
28.212885154061624,0.167098,0.0
28.23529411764706,0.167098,0.0
28.257703081232496,0.167098,0.0
28.28011204481793,0.167098,0.0
28.302521008403364,0.167098,0.0
28.324929971988794,0.167098,0.0
28.34733893557423,0.167098,0.0
28.369747899159666,0.167098,0.0
28.3921568627451,0.167098,0.0
28.414565826330534,0.167098,0.0
28.43697478991597,0.167098,0.0
28.459383753501402,0.167098,0.0
28.481792717086837,0.167098,0.0
28.50420168067227,0.167098,0.0
28.526610644257705,0.167098,0.0
28.54901960784314,0.167098,0.0
28.571428571428573,0.167098,0.0
28.593837535014007,0.167098,0.0
28.61624649859944,0.167098,0.0
28.638655462184875,0.167098,0.0
28.66106442577031,0.167098,0.0
28.683473389355743,0.167098,0.0
28.705882352941178,0.167098,0.0
28.72829131652661,0.167098,0.0
28.75070028011205,0.167098,0.0
28.77310924369748,0.167098,0.0
28.795518207282914,0.167098,0.0
28.817927170868348,0.167098,0.0
28.840336134453782,0.167098,0.0
28.862745098039216,0.167098,0.0
28.885154061624654,0.167098,0.0
28.907563025210084,0.167098,0.0
28.92997198879552,0.167098,0.0
28.952380952380953,0.167098,0.0
28.974789915966387,0.167098,0.0
28.997198879551824,0.167098,0.0
29.01960784313726,0.167098,0.0
29.042016806722692,0.167098,0.0
29.064425770308123,0.167098,0.0
29.086834733893557,0.167098,0.0
29.10924369747899,0.167098,0.0
29.13165266106443,0.167098,0.0
29.154061624649863,0.167098,0.0
29.176470588235297,0.167098,0.0
29.198879551820728,0.167098,0.0
29.22128851540616,0.167098,0.0
29.243697478991596,0.167098,0.0
29.266106442577033,0.167098,0.0
29.288515406162468,0.167098,0.0
29.3109243697479,0.167098,0.0
29.333333333333336,0.167098,0.0
29.355742296918766,0.167098,0.0
29.378151260504204,0.167098,0.0
29.400560224089638,0.167098,0.0
29.422969187675072,0.167098,0.0
29.445378151260506,0.167098,0.0
29.46778711484594,0.167098,0.0
29.490196078431374,0.167098,0.0
29.51260504201681,0.167098,0.0
29.535014005602243,0.167098,0.0
29.557422969187677,0.167098,0.0
29.57983193277311,0.167098,0.0
29.602240896358545,0.167098,0.0
29.62464985994398,0.167098,0.0
29.647058823529413,0.167098,0.0
29.669467787114847,0.167098,0.0
29.69187675070028,0.167098,0.0
29.714285714285715,0.167098,0.0
29.73669467787115,0.167098,0.0
29.759103641456583,0.167098,0.0
29.78151260504202,0.167098,0.0
29.803921568627455,0.167098,0.0
29.826330532212886,0.167098,0.0
29.848739495798323,0.167098,0.0
29.871148459383754,0.167098,0.0
29.893557422969188,0.167098,0.0
29.915966386554626,0.167098,0.0
29.938375350140056,0.167098,0.0
29.960784313725494,0.167098,0.0
29.983193277310924,0.167098,0.0
30.005602240896362,0.0,0.0
30.028011204481796,0.0,0.0
30.050420168067227,0.0,0.0
30.072829131652664,0.0,0.0
30.095238095238095,0.0,0.0
30.117647058823533,0.0,0.0
30.140056022408963,0.0,0.0
30.162464985994397,0.0,0.0
30.184873949579835,0.0,0.0
30.207282913165265,0.0,0.0
30.229691876750703,0.0,0.0
30.252100840336134,0.0,0.0
30.27450980392157,0.0,0.0
30.296918767507005,0.0,0.0
30.319327731092436,0.0,0.0
30.341736694677873,0.0,0.0
30.364145658263304,0.0,0.0
30.38655462184874,0.0,0.0
30.408963585434176,0.0,0.0
30.431372549019613,0.0,0.0
30.453781512605044,0.0,0.0
30.476190476190474,0.0,0.0
30.498599439775912,0.0,0.0
30.521008403361343,0.0,0.0
30.543417366946784,0.0,0.0
30.565826330532214,0.0,0.0
30.588235294117652,0.0,0.0
30.610644257703083,0.0,0.0
30.633053221288513,0.0,0.0
30.65546218487395,0.0,0.0
30.677871148459385,0.0,0.0
30.700280112044823,0.0,0.0
30.722689075630253,0.0,0.0
30.745098039215684,0.0,0.0
30.76750700280112,0.0,0.0
30.789915966386555,0.0,0.0
30.812324929971993,0.0,0.0
30.834733893557424,0.0,0.0
30.85714285714286,0.0,0.0
30.87955182072829,0.0,0.0
30.901960784313722,0.0,0.0
30.924369747899163,0.0,0.0
30.946778711484594,0.0,0.0
30.96918767507003,0.0,0.0
30.991596638655462,0.0,0.0
31.0140056022409,0.0,0.0
31.03641456582633,0.0,0.0
31.058823529411764,0.0,0.0
31.081232492997202,0.0,0.0
31.103641456582633,0.0,0.0
31.12605042016807,0.0,0.0
31.1484593837535,0.0,0.0
31.17086834733894,0.0,0.0
31.193277310924373,0.0,0.0
31.215686274509803,0.0,0.0
31.23809523809524,0.0,0.0
31.26050420168067,0.0,0.0
31.28291316526611,0.0,0.0
31.305322128851543,0.0,0.0
31.32773109243698,0.0,0.0
31.35014005602241,0.0,0.0
31.372549019607842,0.0,0.0
31.39495798319328,0.0,0.0
31.41736694677871,0.0,0.0
31.43977591036415,0.0,0.0
31.46218487394958,0.0,0.0
31.484593837535012,0.0,0.0
31.50700280112045,0.0,0.0
31.52941176470588,0.0,0.0
31.551820728291318,0.0,0.0
31.574229691876752,0.0,0.0
31.59663865546219,0.0,0.0
31.61904761904762,0.0,0.0
31.64145658263305,0.0,0.0
31.66386554621849,0.0,0.0
31.686274509803923,0.0,0.0
31.70868347338936,0.0,0.0
31.73109243697479,0.0,0.0
31.75350140056023,0.0,0.0
31.77591036414566,0.0,0.0
31.79831932773109,0.0,0.0
31.82072829131653,0.0,0.0
31.84313725490196,0.0,0.0
31.8655462184874,0.0,0.0
31.88795518207283,0.0,0.0
31.910364145658267,0.0,0.0
31.932773109243698,0.0,0.0
31.955182072829132,0.0,0.0
31.97759103641457,0.0,0.0
32.0,0.0,0.0
32.02240896358544,0.0,0.0
32.04481792717087,0.0,0.0
32.0672268907563,0.0,0.0
32.089635854341736,0.0,0.0
32.11204481792717,0.0,0.0
32.134453781512605,0.0,0.0
32.15686274509804,0.0,0.0
32.17927170868348,0.0,0.0
32.20168067226891,0.0,0.0
32.22408963585434,0.0,0.0
32.246498599439775,0.0,0.0
32.26890756302521,0.0,0.0
32.29131652661065,0.0,0.0
32.31372549019608,0.0,0.0
32.33613445378152,0.0,0.0
32.358543417366946,0.0,0.0
32.38095238095238,0.0,0.0
32.40336134453782,0.0,0.0
32.42577030812325,0.0,0.0
32.44817927170869,0.0,0.0
32.470588235294116,0.0,0.0
32.49299719887956,0.0,0.0
32.515406162464984,0.0,0.0
32.53781512605042,0.0,0.0
32.56022408963586,0.0,0.0
32.582633053221286,0.0,0.0
32.60504201680673,0.0,0.0
32.627450980392155,0.0,0.0
32.649859943977596,0.0,0.0
32.67226890756303,0.0,0.0
32.69467787114846,0.0,0.0
32.7170868347339,0.0,0.0
32.739495798319325,0.0,0.0
32.761904761904766,0.0,0.0
32.7843137254902,0.0,0.0
32.80672268907563,0.0,0.0
32.82913165266107,0.0,0.0
32.851540616246496,0.0,0.0
32.87394957983194,0.0,0.0
32.896358543417364,0.0,0.0
32.918767507002805,0.0,0.0
32.94117647058824,0.0,0.0
32.963585434173666,0.0,0.0
32.98599439775911,0.0,0.0
33.008403361344534,0.0,0.0
33.030812324929975,0.0,0.0
33.05322128851541,0.0,0.0
33.075630252100844,0.0,0.0
33.09803921568628,0.0,0.0
33.120448179271705,0.0,0.0
33.142857142857146,0.0,0.0
33.16526610644258,0.0,0.0
33.187675070028014,0.0,0.0
33.21008403361345,0.0,0.0
33.23249299719888,0.0,0.0
33.254901960784316,0.0,0.0
33.27731092436974,0.0,0.0
33.299719887955185,0.0,0.0
33.32212885154062,0.0,0.0
33.34453781512605,0.0,0.0
33.36694677871149,0.0,0.0
33.38935574229692,0.0,0.0
33.411764705882355,0.0,0.0
33.43417366946779,0.0,0.0
33.45658263305322,0.0,0.0
33.47899159663866,0.0,0.0
33.50140056022409,0.0,0.0
33.523809523809526,0.0,0.0
33.54621848739496,0.0,0.0
33.568627450980394,0.0,0.0
33.59103641456583,0.0,0.0
33.61344537815126,0.0,0.0
33.635854341736696,0.0,0.0
33.65826330532213,0.0,0.0
33.680672268907564,0.0,0.0
33.703081232493,0.0,0.0
33.72549019607843,0.0,0.0
33.747899159663866,0.0,0.0
33.7703081232493,0.0,0.0
33.792717086834735,0.0,0.0
33.815126050420176,0.0,0.0
33.8375350140056,0.0,0.0
33.85994397759104,0.0,0.0
33.88235294117647,0.0,0.0
33.904761904761905,0.0,0.0
33.92717086834734,0.0,0.0
33.94957983193277,0.0,0.0
33.971988795518214,0.0,0.0
33.99439775910364,0.0,0.0
34.016806722689076,0.0,0.0
34.03921568627451,0.0,0.0
34.061624649859944,0.0,0.0
34.084033613445385,0.0,0.0
34.10644257703081,0.0,0.0
34.128851540616246,0.0,0.0
34.15126050420168,0.0,0.0
34.173669467787114,0.0,0.0
34.196078431372555,0.0,0.0
34.21848739495798,0.0,0.0
34.240896358543424,0.0,0.0
34.26330532212885,0.0,0.0
34.285714285714285,0.0,0.0
34.30812324929972,0.0,0.0
34.33053221288515,0.0,0.0
34.352941176470594,0.0,0.0
34.37535014005602,0.0,0.0
34.39775910364146,0.0,0.0
34.42016806722689,0.0,0.0
34.44257703081232,0.0,0.0
34.464985994397765,0.0,0.0
34.48739495798319,0.0,0.0
34.50980392156863,0.0,0.0
34.53221288515406,0.0,0.0
34.5546218487395,0.0,0.0
34.577030812324935,0.0,0.0
34.59943977591036,0.0,0.0
34.6218487394958,0.0,0.0
34.64425770308123,0.0,0.0
34.66666666666667,0.0,0.0
34.6890756302521,0.0,0.0
34.71148459383754,0.0,0.0
34.733893557422974,0.0,0.0
34.7563025210084,0.0,0.0
34.77871148459384,0.0,0.0
34.80112044817927,0.0,0.0
34.82352941176471,0.0,0.0
34.845938375350144,0.0,0.0
34.86834733893557,0.0,0.0
34.89075630252101,0.0,0.0
34.91316526610644,0.0,0.0
34.93557422969188,0.0,0.0
34.957983193277315,0.0,0.0
34.98039215686275,0.0,0.0
35.00280112044818,0.0,0.0
35.02521008403361,0.0,0.0
35.04761904761905,0.0,0.0
35.07002801120448,0.0,0.0
35.09243697478992,0.0,0.0
35.11484593837535,0.0,0.0
35.13725490196079,0.0,0.0
35.15966386554622,0.0,0.0
35.18207282913165,0.0,0.0
35.20448179271709,0.0,0.0
35.226890756302524,0.0,0.0
35.24929971988796,0.0,0.0
35.27170868347339,0.0,0.0
35.294117647058826,0.0,0.0
35.31652661064426,0.0,0.0
35.338935574229694,0.0,0.0
35.36134453781513,0.0,0.0
35.38375350140056,0.0,0.0
35.406162464986,0.0,0.0
35.42857142857143,0.0,0.0
35.45098039215686,0.0,0.0
35.4733893557423,0.0,0.0
35.49579831932773,0.0,0.0
35.51820728291317,0.0,0.0
35.5406162464986,0.0,0.0
35.563025210084035,0.0,0.0
35.58543417366947,0.0,0.0
35.6078431372549,0.0,0.0
35.63025210084034,0.0,0.0
35.65266106442577,0.0,0.0
35.675070028011206,0.0,0.0
35.69747899159664,0.0,0.0
35.719887955182074,0.0,0.0
35.74229691876751,0.0,0.0
35.76470588235294,0.0,0.0
35.787114845938376,0.0,0.0
35.80952380952381,0.0,0.0
35.831932773109244,0.0,0.0
35.85434173669468,0.0,0.0
35.87675070028012,0.0,0.0
35.89915966386555,0.0,0.0
35.92156862745098,0.0,0.0
35.943977591036415,0.0,0.0
35.96638655462185,0.0,0.0
35.98879551820729,0.0,0.0
36.01120448179272,0.167098,0.0
36.03361344537816,0.167098,0.0
36.056022408963585,0.167098,0.0
36.07843137254902,0.167098,0.0
36.10084033613445,0.167098,0.0
36.12324929971989,0.167098,0.0
36.14565826330533,0.167098,0.0
36.168067226890756,0.167098,0.0
36.19047619047619,0.167098,0.0
36.212885154061624,0.167098,0.0
36.23529411764706,0.167098,0.0
36.2577030812325,0.167098,0.0
36.280112044817926,0.167098,0.0
36.30252100840337,0.167098,0.0
36.324929971988794,0.167098,0.0
36.34733893557423,0.167098,0.0
36.36974789915967,0.167098,0.0
36.3921568627451,0.167098,0.0
36.41456582633054,0.167098,0.0
36.436974789915965,0.167098,0.0
36.459383753501406,0.167098,0.0
36.48179271708683,0.167098,0.0
36.50420168067227,0.167098,0.0
36.52661064425771,0.167098,0.0
36.549019607843135,0.167098,0.0
36.57142857142858,0.167098,0.0
36.593837535014,0.167098,0.0
36.616246498599445,0.167098,0.0
36.63865546218488,0.167098,0.0
36.661064425770306,0.167098,0.0
36.68347338935575,0.167098,0.0
36.705882352941174,0.167098,0.0
36.728291316526615,0.167098,0.0
36.75070028011205,0.167098,0.0
36.77310924369748,0.167098,0.0
36.79551820728292,0.167098,0.0
36.817927170868344,0.167098,0.0
36.840336134453786,0.167098,0.0
36.86274509803921,0.167098,0.0
36.885154061624654,0.167098,0.0
36.90756302521009,0.167098,0.0
36.929971988795515,0.167098,0.0
36.952380952380956,0.167098,0.0
36.97478991596638,0.167098,0.0
36.997198879551824,0.167098,0.0
37.01960784313726,0.167098,0.0
37.04201680672269,0.167098,0.0
37.06442577030813,0.167098,0.0
37.086834733893554,0.167098,0.0
37.109243697478995,0.167098,0.0
37.13165266106443,0.167098,0.0
37.15406162464986,0.167098,0.0
37.1764705882353,0.167098,0.0
37.19887955182073,0.167098,0.0
37.221288515406165,0.167098,0.0
37.24369747899159,0.167098,0.0
37.26610644257703,0.167098,0.0
37.28851540616247,0.167098,0.0
37.3109243697479,0.167098,0.0
37.333333333333336,0.167098,0.0
37.35574229691877,0.167098,0.0
37.378151260504204,0.167098,0.0
37.40056022408964,0.167098,0.0
37.42296918767507,0.167098,0.0
37.445378151260506,0.167098,0.0
37.46778711484594,0.167098,0.0
37.490196078431374,0.167098,0.0
37.51260504201681,0.167098,0.0
37.53501400560224,0.167098,0.0
37.55742296918768,0.167098,0.0
37.57983193277311,0.167098,0.0
37.602240896358545,0.167098,0.0
37.62464985994398,0.167098,0.0
37.64705882352941,0.167098,0.0
37.66946778711485,0.167098,0.0
37.69187675070028,0.167098,0.0
37.714285714285715,0.167098,0.0
37.73669467787115,0.167098,0.0
37.75910364145658,0.167098,0.0
37.781512605042025,0.167098,0.0
37.80392156862745,0.167098,0.0
37.826330532212886,0.167098,0.0
37.84873949579832,0.167098,0.0
37.871148459383754,0.167098,0.0
37.89355742296919,0.167098,0.0
37.91596638655462,0.167098,0.0
37.93837535014006,0.167098,0.0
37.96078431372549,0.167098,0.0
37.983193277310924,0.167098,0.0
38.00560224089636,0.167098,0.0
38.02801120448179,0.167098,0.0
38.050420168067234,0.167098,0.0
38.07282913165266,0.167098,0.0
38.0952380952381,0.167098,0.0
38.11764705882353,0.167098,0.0
38.14005602240896,0.167098,0.0
38.162464985994404,0.167098,0.0
38.18487394957983,0.167098,0.0
38.20728291316527,0.167098,0.0
38.2296918767507,0.167098,0.0
38.252100840336134,0.167098,0.0
38.27450980392157,0.167098,0.0
38.296918767507,0.167098,0.0
38.31932773109244,0.167098,0.0
38.34173669467787,0.167098,0.0
38.36414565826331,0.167098,0.0
38.38655462184874,0.167098,0.0
38.40896358543417,0.167098,0.0
38.43137254901961,0.167098,0.0
38.45378151260504,0.167098,0.0
38.47619047619048,0.167098,0.0
38.49859943977591,0.167098,0.0
38.52100840336135,0.167098,0.0
38.543417366946784,0.167098,0.0
38.56582633053221,0.167098,0.0
38.58823529411765,0.167098,0.0
38.61064425770308,0.167098,0.0
38.63305322128852,0.167098,0.0
38.65546218487395,0.167098,0.0
38.67787114845939,0.167098,0.0
38.70028011204482,0.167098,0.0
38.72268907563025,0.167098,0.0
38.74509803921569,0.167098,0.0
38.76750700280112,0.167098,0.0
38.78991596638656,0.167098,0.0
38.81232492997199,0.167098,0.0
38.83473389355742,0.167098,0.0
38.85714285714286,0.167098,0.0
38.87955182072829,0.167098,0.0
38.90196078431373,0.167098,0.0
38.92436974789916,0.167098,0.0
38.9467787114846,0.167098,0.0
38.96918767507003,0.167098,0.0
38.99159663865546,0.167098,0.0
39.0140056022409,0.167098,0.0
39.03641456582633,0.167098,0.0
39.05882352941177,0.167098,0.0
39.0812324929972,0.167098,0.0
39.103641456582636,0.167098,0.0
39.12605042016807,0.167098,0.0
39.1484593837535,0.167098,0.0
39.17086834733894,0.167098,0.0
39.19327731092437,0.167098,0.0
39.21568627450981,0.167098,0.0
39.23809523809524,0.167098,0.0
39.260504201680675,0.167098,0.0
39.28291316526611,0.167098,0.0
39.30532212885154,0.167098,0.0
39.32773109243698,0.167098,0.0
39.35014005602241,0.167098,0.0
39.372549019607845,0.167098,0.0
39.39495798319328,0.167098,0.0
39.417366946778714,0.167098,0.0
39.43977591036415,0.167098,0.0
39.46218487394958,0.167098,0.0
39.484593837535016,0.167098,0.0
39.50700280112045,0.167098,0.0
39.529411764705884,0.167098,0.0
39.55182072829132,0.167098,0.0
39.57422969187675,0.167098,0.0
39.596638655462186,0.167098,0.0
39.61904761904762,0.167098,0.0
39.641456582633054,0.167098,0.0
39.66386554621849,0.167098,0.0
39.68627450980392,0.167098,0.0
39.70868347338936,0.167098,0.0
39.73109243697479,0.167098,0.0
39.753501400560225,0.167098,0.0
39.77591036414566,0.167098,0.0
39.79831932773109,0.167098,0.0
39.82072829131653,0.167098,0.0
39.84313725490197,0.167098,0.0
39.865546218487395,0.167098,0.0
39.88795518207283,0.167098,0.0
39.910364145658264,0.167098,0.0
39.9327731092437,0.167098,0.0
39.95518207282914,0.167098,0.0
39.977591036414566,0.167098,0.0
40.00000000000001,0.167098,0.0
40.022408963585434,0.167098,0.0
40.04481792717087,0.167098,0.0
40.0672268907563,0.167098,0.0
40.089635854341736,0.167098,0.0
40.11204481792718,0.167098,0.0
40.134453781512605,0.167098,0.0
40.156862745098046,0.167098,0.0
40.17927170868347,0.167098,0.0
40.20168067226891,0.167098,0.0
40.22408963585435,0.167098,0.0
40.246498599439775,0.167098,0.0
40.268907563025216,0.167098,0.0
40.29131652661064,0.167098,0.0
40.31372549019608,0.167098,0.0
40.33613445378152,0.167098,0.0
40.358543417366946,0.167098,0.0
40.38095238095239,0.167098,0.0
40.403361344537814,0.167098,0.0
40.425770308123255,0.167098,0.0
40.44817927170868,0.167098,0.0
40.470588235294116,0.167098,0.0
40.49299719887956,0.167098,0.0
40.515406162464984,0.167098,0.0
40.537815126050425,0.167098,0.0
40.56022408963585,0.167098,0.0
40.58263305322129,0.167098,0.0
40.60504201680673,0.167098,0.0
40.627450980392155,0.167098,0.0
40.649859943977596,0.167098,0.0
40.67226890756302,0.167098,0.0
40.694677871148464,0.167098,0.0
40.7170868347339,0.167098,0.0
40.73949579831933,0.167098,0.0
40.761904761904766,0.167098,0.0
40.78431372549019,0.167098,0.0
40.806722689075634,0.167098,0.0
40.82913165266106,0.167098,0.0
40.8515406162465,0.167098,0.0
40.87394957983194,0.167098,0.0
40.896358543417364,0.167098,0.0
40.918767507002805,0.167098,0.0
40.94117647058823,0.167098,0.0
40.96358543417367,0.167098,0.0
40.98599439775911,0.167098,0.0
41.00840336134454,0.167098,0.0
41.030812324929975,0.167098,0.0
41.0532212885154,0.167098,0.0
41.075630252100844,0.167098,0.0
41.09803921568628,0.167098,0.0
41.12044817927171,0.167098,0.0
41.142857142857146,0.167098,0.0
41.16526610644258,0.167098,0.0
41.187675070028014,0.167098,0.0
41.21008403361344,0.167098,0.0
41.23249299719888,0.167098,0.0
41.254901960784316,0.167098,0.0
41.27731092436975,0.167098,0.0
41.299719887955185,0.167098,0.0
41.32212885154062,0.167098,0.0
41.34453781512605,0.167098,0.0
41.36694677871149,0.167098,0.0
41.38935574229692,0.167098,0.0
41.411764705882355,0.167098,0.0
41.43417366946779,0.167098,0.0
41.45658263305322,0.167098,0.0
41.47899159663866,0.167098,0.0
41.50140056022409,0.167098,0.0
41.523809523809526,0.167098,0.0
41.54621848739496,0.167098,0.0
41.568627450980394,0.167098,0.0
41.59103641456583,0.167098,0.0
41.61344537815126,0.167098,0.0
41.635854341736696,0.167098,0.0
41.65826330532213,0.167098,0.0
41.680672268907564,0.167098,0.0
41.703081232493,0.167098,0.0
41.72549019607843,0.167098,0.0
41.74789915966387,0.167098,0.0
41.7703081232493,0.167098,0.0
41.792717086834735,0.167098,0.0
41.81512605042017,0.167098,0.0
41.8375350140056,0.167098,0.0
41.85994397759104,0.167098,0.0
41.88235294117647,0.167098,0.0
41.90476190476191,0.167098,0.0
41.92717086834734,0.167098,0.0
41.94957983193277,0.167098,0.0
41.97198879551821,0.167098,0.0
41.99439775910364,0.167098,0.0
42.01680672268908,0.167098,0.0
42.03921568627451,0.167098,0.0
42.06162464985995,0.167098,0.0
42.08403361344538,0.167098,0.0
42.10644257703081,0.167098,0.0
42.12885154061625,0.167098,0.0
42.15126050420168,0.167098,0.0
42.17366946778712,0.167098,0.0
42.19607843137255,0.167098,0.0
42.21848739495798,0.167098,0.0
42.24089635854342,0.167098,0.0
42.26330532212885,0.167098,0.0
42.28571428571429,0.167098,0.0
42.30812324929972,0.167098,0.0
42.33053221288516,0.167098,0.0
42.35294117647059,0.167098,0.0
42.37535014005602,0.167098,0.0
42.39775910364146,0.167098,0.0
42.42016806722689,0.167098,0.0
42.44257703081233,0.167098,0.0
42.46498599439776,0.167098,0.0
42.4873949579832,0.167098,0.0
42.50980392156863,0.167098,0.0
42.53221288515406,0.167098,0.0
42.5546218487395,0.167098,0.0
42.57703081232493,0.167098,0.0
42.59943977591037,0.167098,0.0
42.621848739495796,0.167098,0.0
42.64425770308124,0.167098,0.0
42.66666666666667,0.167098,0.0
42.6890756302521,0.167098,0.0
42.71148459383754,0.167098,0.0
42.73389355742297,0.167098,0.0
42.75630252100841,0.167098,0.0
42.77871148459384,0.167098,0.0
42.801120448179276,0.167098,0.0
42.82352941176471,0.167098,0.0
42.84593837535014,0.167098,0.0
42.86834733893558,0.167098,0.0
42.89075630252101,0.167098,0.0
42.913165266106446,0.167098,0.0
42.93557422969188,0.167098,0.0
42.95798319327731,0.167098,0.0
42.98039215686275,0.167098,0.0
43.002801120448176,0.167098,0.0
43.02521008403362,0.167098,0.0
43.04761904761905,0.167098,0.0
43.070028011204485,0.167098,0.0
43.09243697478992,0.167098,0.0
43.114845938375346,0.167098,0.0
43.13725490196079,0.167098,0.0
43.15966386554622,0.167098,0.0
43.182072829131656,0.167098,0.0
43.20448179271709,0.167098,0.0
43.226890756302524,0.167098,0.0
43.24929971988796,0.167098,0.0
43.27170868347339,0.167098,0.0
43.294117647058826,0.167098,0.0
43.31652661064426,0.167098,0.0
43.338935574229694,0.167098,0.0
43.36134453781513,0.167098,0.0
43.38375350140056,0.167098,0.0
43.406162464986,0.167098,0.0
43.42857142857143,0.167098,0.0
43.450980392156865,0.167098,0.0
43.4733893557423,0.167098,0.0
43.49579831932773,0.167098,0.0
43.51820728291317,0.167098,0.0
43.5406162464986,0.167098,0.0
43.563025210084035,0.167098,0.0
43.58543417366947,0.167098,0.0
43.6078431372549,0.167098,0.0
43.63025210084034,0.167098,0.0
43.65266106442577,0.167098,0.0
43.675070028011206,0.167098,0.0
43.69747899159664,0.167098,0.0
43.719887955182074,0.167098,0.0
43.74229691876751,0.167098,0.0
43.76470588235294,0.167098,0.0
43.787114845938376,0.167098,0.0
43.80952380952382,0.167098,0.0
43.831932773109244,0.167098,0.0
43.85434173669468,0.167098,0.0
43.87675070028011,0.167098,0.0
43.89915966386555,0.167098,0.0
43.92156862745099,0.167098,0.0
43.943977591036415,0.167098,0.0
43.966386554621856,0.167098,0.0
43.98879551820728,0.167098,0.0
44.01120448179272,0.167098,0.0
44.03361344537815,0.167098,0.0
44.056022408963585,0.167098,0.0
44.078431372549026,0.167098,0.0
44.10084033613445,0.167098,0.0
44.123249299719895,0.167098,0.0
44.14565826330532,0.167098,0.0
44.168067226890756,0.167098,0.0
44.1904761904762,0.167098,0.0
44.212885154061624,0.167098,0.0
44.235294117647065,0.167098,0.0
44.25770308123249,0.167098,0.0
44.280112044817926,0.167098,0.0
44.30252100840337,0.167098,0.0
44.324929971988794,0.167098,0.0
44.347338935574236,0.167098,0.0
44.36974789915966,0.167098,0.0
44.392156862745104,0.167098,0.0
44.41456582633053,0.167098,0.0
44.436974789915965,0.167098,0.0
44.459383753501406,0.167098,0.0
44.48179271708683,0.167098,0.0
44.504201680672274,0.167098,0.0
44.5266106442577,0.167098,0.0
44.54901960784314,0.167098,0.0
44.57142857142858,0.167098,0.0
44.593837535014,0.167098,0.0
44.616246498599445,0.167098,0.0
44.63865546218487,0.167098,0.0
44.66106442577031,0.167098,0.0
44.68347338935575,0.167098,0.0
44.70588235294118,0.167098,0.0
44.728291316526615,0.167098,0.0
44.75070028011204,0.167098,0.0
44.77310924369748,0.167098,0.0
44.79551820728291,0.167098,0.0
44.81792717086835,0.167098,0.0
44.840336134453786,0.167098,0.0
44.86274509803922,0.167098,0.0
44.885154061624654,0.167098,0.0
44.90756302521008,0.167098,0.0
44.92997198879552,0.167098,0.0
44.952380952380956,0.167098,0.0
44.97478991596639,0.167098,0.0
44.997198879551824,0.167098,0.0
45.01960784313725,0.167098,0.0
45.04201680672269,0.167098,0.0
45.06442577030813,0.167098,0.0
45.08683473389356,0.167098,0.0
45.109243697478995,0.167098,0.0
45.13165266106443,0.167098,0.0
45.15406162464986,0.167098,0.0
45.17647058823529,0.167098,0.0
45.19887955182073,0.167098,0.0
45.221288515406165,0.167098,0.0
45.2436974789916,0.167098,0.0
45.26610644257703,0.167098,0.0
45.28851540616247,0.167098,0.0
45.3109243697479,0.167098,0.0
45.333333333333336,0.167098,0.0
45.35574229691877,0.167098,0.0
45.378151260504204,0.167098,0.0
45.40056022408964,0.167098,0.0
45.42296918767507,0.167098,0.0
45.445378151260506,0.167098,0.0
45.46778711484594,0.167098,0.0
45.490196078431374,0.167098,0.0
45.51260504201681,0.167098,0.0
45.53501400560224,0.167098,0.0
45.55742296918768,0.167098,0.0
45.57983193277311,0.167098,0.0
45.602240896358545,0.167098,0.0
45.62464985994398,0.167098,0.0
45.64705882352941,0.167098,0.0
45.66946778711485,0.167098,0.0
45.69187675070028,0.167098,0.0
45.71428571428572,0.167098,0.0
45.73669467787115,0.167098,0.0
45.75910364145658,0.167098,0.0
45.78151260504202,0.167098,0.0
45.80392156862745,0.167098,0.0
45.826330532212886,0.167098,0.0
45.84873949579832,0.167098,0.0
45.87114845938376,0.167098,0.0
45.89355742296919,0.167098,0.0
45.91596638655462,0.167098,0.0
45.938375350140056,0.167098,0.0
45.96078431372549,0.167098,0.0
45.98319327731093,0.167098,0.0
46.00560224089636,0.167098,0.0
46.0280112044818,0.167098,0.0
46.05042016806723,0.167098,0.0
46.07282913165266,0.167098,0.0
46.0952380952381,0.167098,0.0
46.11764705882353,0.167098,0.0
46.14005602240897,0.167098,0.0
46.1624649859944,0.167098,0.0
46.18487394957984,0.167098,0.0
46.207282913165265,0.167098,0.0
46.2296918767507,0.167098,0.0
46.25210084033614,0.167098,0.0
46.27450980392157,0.167098,0.0
46.29691876750701,0.167098,0.0
46.319327731092436,0.167098,0.0
46.34173669467787,0.167098,0.0
46.36414565826331,0.167098,0.0
46.38655462184874,0.167098,0.0
46.40896358543418,0.167098,0.0
46.431372549019606,0.167098,0.0
46.45378151260505,0.167098,0.0
46.47619047619048,0.167098,0.0
46.49859943977591,0.167098,0.0
46.52100840336135,0.167098,0.0
46.54341736694678,0.167098,0.0
46.56582633053222,0.167098,0.0
46.588235294117645,0.167098,0.0
46.610644257703086,0.167098,0.0
46.63305322128852,0.167098,0.0
46.65546218487395,0.167098,0.0
46.67787114845939,0.167098,0.0
46.700280112044815,0.167098,0.0
46.72268907563026,0.167098,0.0
46.74509803921569,0.167098,0.0
46.767507002801125,0.167098,0.0
46.78991596638656,0.167098,0.0
46.812324929971986,0.167098,0.0
46.83473389355743,0.167098,0.0
46.85714285714286,0.167098,0.0
46.879551820728295,0.167098,0.0
46.90196078431373,0.167098,0.0
46.924369747899156,0.167098,0.0
46.9467787114846,0.167098,0.0
46.969187675070025,0.167098,0.0
46.991596638655466,0.167098,0.0
47.0140056022409,0.167098,0.0
47.036414565826334,0.167098,0.0
47.05882352941177,0.167098,0.0
47.081232492997195,0.167098,0.0
47.103641456582636,0.167098,0.0
47.12605042016807,0.167098,0.0
47.148459383753504,0.167098,0.0
47.17086834733894,0.167098,0.0
47.19327731092437,0.167098,0.0
47.21568627450981,0.167098,0.0
47.23809523809524,0.167098,0.0
47.260504201680675,0.167098,0.0
47.28291316526611,0.167098,0.0
47.30532212885154,0.167098,0.0
47.32773109243698,0.167098,0.0
47.35014005602241,0.167098,0.0
47.372549019607845,0.167098,0.0
47.39495798319328,0.167098,0.0
47.417366946778714,0.167098,0.0
47.43977591036415,0.167098,0.0
47.46218487394958,0.167098,0.0
47.484593837535016,0.167098,0.0
47.50700280112046,0.167098,0.0
47.529411764705884,0.167098,0.0
47.55182072829132,0.167098,0.0
47.57422969187675,0.167098,0.0
47.596638655462186,0.167098,0.0
47.61904761904762,0.167098,0.0
47.641456582633054,0.167098,0.0
47.66386554621849,0.167098,0.0
47.68627450980392,0.167098,0.0
47.70868347338936,0.167098,0.0
47.73109243697479,0.167098,0.0
47.753501400560225,0.167098,0.0
47.775910364145666,0.167098,0.0
47.79831932773109,0.167098,0.0
47.82072829131653,0.167098,0.0
47.84313725490196,0.167098,0.0
47.865546218487395,0.167098,0.0
47.88795518207284,0.167098,0.0
47.910364145658264,0.167098,0.0
47.932773109243705,0.167098,0.0
47.95518207282913,0.167098,0.0
47.977591036414566,0.167098,0.0
48.0,0.167098,0.0
48.022408963585434,0.167098,0.0
48.044817927170875,0.167098,0.0
48.0672268907563,0.167098,0.0
48.08963585434174,0.167098,0.0
48.11204481792717,0.167098,0.0
48.134453781512605,0.167098,0.0
48.156862745098046,0.167098,0.0
48.17927170868347,0.167098,0.0
48.201680672268914,0.167098,0.0
48.22408963585434,0.167098,0.0
48.24649859943978,0.167098,0.0
48.268907563025216,0.167098,0.0
48.29131652661064,0.167098,0.0
48.313725490196084,0.167098,0.0
48.33613445378151,0.167098,0.0
48.35854341736695,0.167098,0.0
48.38095238095238,0.167098,0.0
48.403361344537814,0.167098,0.0
48.425770308123255,0.167098,0.0
48.44817927170868,0.167098,0.0
48.47058823529412,0.167098,0.0
48.49299719887955,0.167098,0.0
48.51540616246499,0.167098,0.0
48.537815126050425,0.167098,0.0
48.56022408963585,0.167098,0.0
48.58263305322129,0.167098,0.0
48.60504201680672,0.167098,0.0
48.62745098039216,0.167098,0.0
48.649859943977596,0.167098,0.0
48.67226890756303,0.167098,0.0
48.694677871148464,0.167098,0.0
48.71708683473389,0.167098,0.0
48.73949579831933,0.167098,0.0
48.76190476190476,0.167098,0.0
48.7843137254902,0.167098,0.0
48.806722689075634,0.167098,0.0
48.82913165266107,0.167098,0.0
48.8515406162465,0.167098,0.0
48.87394957983193,0.167098,0.0
48.89635854341737,0.167098,0.0
48.918767507002805,0.167098,0.0
48.94117647058824,0.167098,0.0
48.96358543417367,0.167098,0.0
48.9859943977591,0.167098,0.0
49.00840336134454,0.167098,0.0
49.030812324929975,0.167098,0.0
49.05322128851541,0.167098,0.0
49.075630252100844,0.167098,0.0
49.09803921568628,0.167098,0.0
49.12044817927171,0.167098,0.0
49.14285714285714,0.167098,0.0
49.16526610644258,0.167098,0.0
49.187675070028014,0.167098,0.0
49.21008403361345,0.167098,0.0
49.23249299719888,0.167098,0.0
49.254901960784316,0.167098,0.0
49.27731092436975,0.167098,0.0
49.299719887955185,0.167098,0.0
49.32212885154062,0.167098,0.0
49.34453781512605,0.167098,0.0
49.36694677871149,0.167098,0.0
49.38935574229692,0.167098,0.0
49.411764705882355,0.167098,0.0
49.43417366946779,0.167098,0.0
49.45658263305322,0.167098,0.0
49.47899159663866,0.167098,0.0
49.50140056022409,0.167098,0.0
49.523809523809526,0.167098,0.0
49.54621848739496,0.167098,0.0
49.5686274509804,0.167098,0.0
49.59103641456583,0.167098,0.0
49.61344537815126,0.167098,0.0
49.635854341736696,0.167098,0.0
49.65826330532213,0.167098,0.0
49.68067226890757,0.167098,0.0
49.703081232493,0.167098,0.0
49.72549019607843,0.167098,0.0
49.747899159663866,0.167098,0.0
49.7703081232493,0.167098,0.0
49.792717086834735,0.167098,0.0
49.81512605042017,0.167098,0.0
49.83753501400561,0.167098,0.0
49.85994397759104,0.167098,0.0
49.88235294117647,0.167098,0.0
49.904761904761905,0.167098,0.0
49.92717086834734,0.167098,0.0
49.94957983193278,0.167098,0.0
49.97198879551821,0.167098,0.0
49.99439775910365,0.167098,0.0
50.016806722689076,0.167098,0.0
50.03921568627451,0.167098,0.0
50.06162464985995,0.167098,0.0
50.08403361344538,0.167098,0.0
50.10644257703082,0.167098,0.0
50.128851540616246,0.167098,0.0
50.15126050420169,0.167098,0.0
50.173669467787114,0.167098,0.0
50.19607843137255,0.167098,0.0
50.21848739495799,0.167098,0.0
50.24089635854342,0.167098,0.0
50.26330532212886,0.167098,0.0
50.285714285714285,0.167098,0.0
50.30812324929972,0.167098,0.0
50.33053221288516,0.167098,0.0
50.35294117647059,0.167098,0.0
50.37535014005603,0.167098,0.0
50.397759103641455,0.167098,0.0
50.420168067226896,0.167098,0.0
50.44257703081233,0.167098,0.0
50.46498599439776,0.167098,0.0
50.4873949579832,0.167098,0.0
50.509803921568626,0.167098,0.0
50.53221288515407,0.167098,0.0
50.554621848739494,0.167098,0.0
50.577030812324935,0.167098,0.0
50.59943977591037,0.167098,0.0
50.621848739495796,0.167098,0.0
50.64425770308124,0.167098,0.0
50.666666666666664,0.167098,0.0
50.689075630252105,0.167098,0.0
50.71148459383754,0.167098,0.0
50.733893557422974,0.167098,0.0
50.75630252100841,0.167098,0.0
50.778711484593835,0.167098,0.0
50.801120448179276,0.167098,0.0
50.82352941176471,0.167098,0.0
50.845938375350144,0.167098,0.0
50.86834733893558,0.167098,0.0
50.89075630252101,0.167098,0.0
50.913165266106446,0.167098,0.0
50.93557422969187,0.167098,0.0
50.957983193277315,0.167098,0.0
50.98039215686275,0.167098,0.0
51.00280112044818,0.167098,0.0
51.02521008403362,0.167098,0.0
51.047619047619044,0.167098,0.0
51.070028011204485,0.167098,0.0
51.09243697478992,0.167098,0.0
51.11484593837535,0.167098,0.0
51.13725490196079,0.167098,0.0
51.15966386554622,0.167098,0.0
51.182072829131656,0.167098,0.0
51.20448179271709,0.167098,0.0
51.226890756302524,0.167098,0.0
51.24929971988796,0.167098,0.0
51.27170868347339,0.167098,0.0
51.294117647058826,0.167098,0.0
51.31652661064426,0.167098,0.0
51.338935574229694,0.167098,0.0
51.36134453781513,0.167098,0.0
51.38375350140056,0.167098,0.0
51.406162464986,0.167098,0.0
51.42857142857143,0.167098,0.0
51.450980392156865,0.167098,0.0
51.473389355742306,0.167098,0.0
51.49579831932773,0.167098,0.0
51.51820728291317,0.167098,0.0
51.5406162464986,0.167098,0.0
51.563025210084035,0.167098,0.0
51.58543417366947,0.167098,0.0
51.6078431372549,0.167098,0.0
51.63025210084034,0.167098,0.0
51.65266106442577,0.167098,0.0
51.675070028011206,0.167098,0.0
51.69747899159664,0.167098,0.0
51.719887955182074,0.167098,0.0
51.742296918767515,0.167098,0.0
51.76470588235294,0.167098,0.0
51.787114845938376,0.167098,0.0
51.80952380952381,0.167098,0.0
51.831932773109244,0.167098,0.0
51.854341736694685,0.167098,0.0
51.87675070028011,0.167098,0.0
51.899159663865554,0.167098,0.0
51.92156862745098,0.167098,0.0
51.943977591036415,0.167098,0.0
51.96638655462185,0.167098,0.0
51.98879551820728,0.167098,0.0
52.011204481792724,0.167098,0.0
52.03361344537815,0.167098,0.0
52.05602240896359,0.167098,0.0
52.07843137254902,0.167098,0.0
52.10084033613445,0.167098,0.0
52.123249299719895,0.167098,0.0
52.14565826330532,0.167098,0.0
52.16806722689076,0.167098,0.0
52.19047619047619,0.167098,0.0
52.21288515406163,0.167098,0.0
52.235294117647065,0.167098,0.0
52.25770308123249,0.167098,0.0
52.28011204481793,0.167098,0.0
52.30252100840336,0.167098,0.0
52.3249299719888,0.167098,0.0
52.34733893557423,0.167098,0.0
52.36974789915966,0.167098,0.0
52.392156862745104,0.167098,0.0
52.41456582633053,0.167098,0.0
52.43697478991597,0.167098,0.0
52.4593837535014,0.167098,0.0
52.48179271708684,0.167098,0.0
52.504201680672274,0.167098,0.0
52.5266106442577,0.167098,0.0
52.54901960784314,0.167098,0.0
52.57142857142857,0.167098,0.0
52.59383753501401,0.167098,0.0
52.616246498599445,0.167098,0.0
52.63865546218488,0.167098,0.0
52.66106442577031,0.167098,0.0
52.68347338935574,0.167098,0.0
52.70588235294118,0.167098,0.0
52.72829131652661,0.167098,0.0
52.75070028011205,0.167098,0.0
52.77310924369748,0.167098,0.0
52.79551820728292,0.167098,0.0
52.81792717086835,0.167098,0.0
52.84033613445378,0.167098,0.0
52.86274509803922,0.167098,0.0
52.885154061624654,0.167098,0.0
52.90756302521009,0.167098,0.0
52.92997198879552,0.167098,0.0
52.952380952380956,0.167098,0.0
52.97478991596639,0.167098,0.0
52.997198879551824,0.167098,0.0
53.01960784313726,0.167098,0.0
53.04201680672269,0.167098,0.0
53.06442577030813,0.167098,0.0
53.08683473389356,0.167098,0.0
53.10924369747899,0.167098,0.0
53.13165266106443,0.167098,0.0
53.15406162464986,0.167098,0.0
53.1764705882353,0.167098,0.0
53.19887955182073,0.167098,0.0
53.221288515406165,0.167098,0.0
53.2436974789916,0.167098,0.0
53.26610644257703,0.167098,0.0
53.28851540616247,0.167098,0.0
53.3109243697479,0.167098,0.0
53.333333333333336,0.167098,0.0
53.35574229691877,0.167098,0.0
53.378151260504204,0.167098,0.0
53.40056022408964,0.167098,0.0
53.42296918767507,0.167098,0.0
53.445378151260506,0.167098,0.0
53.46778711484594,0.167098,0.0
53.490196078431374,0.167098,0.0
53.51260504201681,0.167098,0.0
53.53501400560225,0.167098,0.0
53.55742296918768,0.167098,0.0
53.57983193277311,0.167098,0.0
53.602240896358545,0.167098,0.0
53.62464985994398,0.167098,0.0
53.64705882352942,0.167098,0.0
53.66946778711485,0.167098,0.0
53.69187675070028,0.167098,0.0
53.714285714285715,0.167098,0.0
53.73669467787115,0.167098,0.0
53.75910364145658,0.167098,0.0
53.78151260504202,0.167098,0.0
53.80392156862746,0.167098,0.0
53.826330532212886,0.167098,0.0
53.84873949579832,0.167098,0.0
53.871148459383754,0.167098,0.0
53.89355742296919,0.167098,0.0
53.91596638655463,0.167098,0.0
53.938375350140056,0.167098,0.0
53.9607843137255,0.167098,0.0
53.983193277310924,0.167098,0.0
54.00560224089636,0.167098,0.0
54.0280112044818,0.167098,0.0
54.05042016806723,0.167098,0.0
54.07282913165267,0.167098,0.0
54.095238095238095,0.167098,0.0
54.117647058823536,0.167098,0.0
54.14005602240896,0.167098,0.0
54.1624649859944,0.167098,0.0
54.18487394957984,0.167098,0.0
54.207282913165265,0.167098,0.0
54.22969187675071,0.167098,0.0
54.252100840336134,0.167098,0.0
54.274509803921575,0.167098,0.0
54.29691876750701,0.167098,0.0
54.319327731092436,0.167098,0.0
54.34173669467788,0.167098,0.0
54.364145658263304,0.167098,0.0
54.386554621848745,0.167098,0.0
54.40896358543418,0.167098,0.0
54.431372549019606,0.167098,0.0
54.45378151260505,0.167098,0.0
54.476190476190474,0.167098,0.0
54.498599439775916,0.167098,0.0
54.52100840336134,0.167098,0.0
54.543417366946784,0.167098,0.0
54.56582633053222,0.167098,0.0
54.588235294117645,0.167098,0.0
54.610644257703086,0.167098,0.0
54.63305322128851,0.167098,0.0
54.655462184873954,0.167098,0.0
54.67787114845939,0.167098,0.0
54.70028011204482,0.167098,0.0
54.72268907563026,0.167098,0.0
54.745098039215684,0.167098,0.0
54.767507002801125,0.167098,0.0
54.78991596638656,0.167098,0.0
54.81232492997199,0.167098,0.0
54.83473389355743,0.167098,0.0
54.85714285714286,0.167098,0.0
54.879551820728295,0.167098,0.0
54.90196078431372,0.167098,0.0
54.92436974789916,0.167098,0.0
54.9467787114846,0.167098,0.0
54.96918767507003,0.167098,0.0
54.991596638655466,0.167098,0.0
55.01400560224089,0.167098,0.0
55.036414565826334,0.167098,0.0
55.05882352941177,0.167098,0.0
55.0812324929972,0.167098,0.0
55.103641456582636,0.167098,0.0
55.12605042016807,0.167098,0.0
55.148459383753504,0.167098,0.0
55.17086834733894,0.167098,0.0
55.19327731092437,0.167098,0.0
55.21568627450981,0.167098,0.0
55.23809523809524,0.167098,0.0
55.260504201680675,0.167098,0.0
55.28291316526611,0.167098,0.0
55.30532212885154,0.167098,0.0
55.32773109243698,0.167098,0.0
55.35014005602241,0.167098,0.0
55.372549019607845,0.167098,0.0
55.39495798319328,0.167098,0.0
55.417366946778714,0.167098,0.0
55.439775910364155,0.167098,0.0
55.46218487394958,0.167098,0.0
55.484593837535016,0.167098,0.0
55.50700280112045,0.167098,0.0
55.529411764705884,0.167098,0.0
55.55182072829132,0.167098,0.0
55.57422969187675,0.167098,0.0
55.59663865546219,0.167098,0.0
55.61904761904762,0.167098,0.0
55.641456582633054,0.167098,0.0
55.66386554621849,0.167098,0.0
55.68627450980392,0.167098,0.0
55.708683473389364,0.167098,0.0
55.73109243697479,0.167098,0.0
55.753501400560225,0.167098,0.0
55.77591036414566,0.167098,0.0
55.79831932773109,0.167098,0.0
55.820728291316534,0.167098,0.0
55.84313725490196,0.167098,0.0
55.8655462184874,0.167098,0.0
55.88795518207283,0.167098,0.0
55.910364145658264,0.167098,0.0
55.9327731092437,0.167098,0.0
55.95518207282913,0.167098,0.0
55.97759103641457,0.167098,0.0
56.0,0.167098,0.0
