0.0,0.0491,0.0577
0.0222310440651052,0.0491,0.0577
0.0444620881302104,0.0491,0.0577
0.0666931321953156,0.0491,0.0577
0.0889241762604208,0.0491,0.0577
0.11115522032552602,0.0491,0.0577
0.1333862643906312,0.0491,0.0577
0.1556173084557364,0.0491,0.0577
0.1778483525208416,0.0491,0.0577
0.2000793965859468,0.0491,0.0577
0.22231044065105204,0.0491,0.0577
0.24454148471615722,0.0491,0.0577
0.2667725287812624,0.0491,0.0577
0.28900357284636763,0.0491,0.0577
0.3112346169114728,0.0491,0.0577
0.33346566097657804,0.0491,0.0577
0.3556967050416832,0.0491,0.0577
0.37792774910678845,0.0491,0.0577
0.4001587931718936,0.0491,0.0577
0.42238983723699886,0.0491,0.0577
0.4446208813021041,0.0491,0.0577
0.4668519253672092,0.0491,0.0577
0.48908296943231444,0.0491,0.0577
0.5113140134974197,0.0491,0.0577
0.5335450575625248,0.0491,0.0577
0.55577610162763,0.0491,0.0577
0.5780071456927353,0.0491,0.0577
0.6002381897578405,0.0491,0.0577
0.6224692338229456,0.0491,0.0577
0.6447002778880508,0.0491,0.0577
0.6669313219531561,0.0491,0.0577
0.6891623660182613,0.0491,0.0577
0.7113934100833664,0.0491,0.0577
0.7336244541484717,0.0491,0.0577
0.7558554982135769,0.0491,0.0577
0.7780865422786821,0.0491,0.0577
0.8003175863437872,0.0491,0.0577
0.8225486304088925,0.0491,0.0577
0.8447796744739977,0.0491,0.0577
0.8670107185391029,0.0491,0.0577
0.8892417626042082,0.0491,0.0577
0.9114728066693133,0.0491,0.0577
0.9337038507344184,0.0491,0.0577
0.9559348947995236,0.0491,0.0577
0.9781659388646289,0.0491,0.0576
1.0003969829297341,0.0491,0.0576
1.0226280269948393,0.0491,0.0576
1.0448590710599444,0.0491,0.0576
1.0670901151250496,0.0491,0.0576
1.0893211591901548,0.0491,0.0576
1.11155220325526,0.0491,0.0576
1.1337832473203653,0.0491,0.0576
1.1560142913854705,0.0491,0.0576
1.1782453354505757,0.0491,0.0576
1.200476379515681,0.0491,0.0576
1.2227074235807862,0.0491,0.0576
1.2449384676458912,0.0491,0.0576
1.2671695117109965,0.0491,0.0576
1.2894005557761017,0.0491,0.0576
1.311631599841207,0.0491,0.0576
1.3338626439063122,0.0491,0.0576
1.3560936879714174,0.0491,0.0576
1.3783247320365226,0.0491,0.0576
1.4005557761016278,0.0491,0.0576
1.4227868201667329,0.0491,0.0576
1.445017864231838,0.0491,0.0576
1.4672489082969433,0.0491,0.0576
1.4894799523620486,0.0491,0.0576
1.5117109964271538,0.0491,0.0576
1.533942040492259,0.0491,0.0576
1.5561730845573643,0.0491,0.0576
1.5784041286224695,0.0491,0.0576
1.6006351726875745,0.0491,0.0576
1.6228662167526797,0.0491,0.0576
1.645097260817785,0.0491,0.0576
1.6673283048828902,0.0491,0.0576
1.6895593489479954,0.0491,0.0576
1.7117903930131007,0.0491,0.0576
1.7340214370782059,0.0491,0.0576
1.7562524811433111,0.0491,0.0576
1.7784835252084163,0.0491,0.0576
1.8007145692735214,0.0491,0.0576
1.8229456133386266,0.0491,0.0576
1.8451766574037318,0.0491,0.0576
1.8674077014688368,0.0491,0.0576
1.8896387455339423,0.0490,0.0576
1.9118697895990473,0.0490,0.0576
1.9341008336641528,0.0490,0.0576
1.9563318777292578,0.0490,0.0576
1.978562921794363,0.0490,0.0576
2.0007939658594682,0.0490,0.0576
2.0230250099245737,0.0490,0.0576
2.0452560539896787,0.0490,0.0575
2.0674870980547837,0.0490,0.0575
2.0897181421198887,0.0490,0.0575
2.111949186184994,0.0490,0.0575
2.134180230250099,0.0490,0.0575
2.1564112743152046,0.0490,0.0575
2.1786423183803096,0.0490,0.0575
2.200873362445415,0.0490,0.0575
2.22310440651052,0.0490,0.0575
2.2453354505756256,0.0490,0.0575
2.2675664946407306,0.0490,0.0575
2.289797538705836,0.0490,0.0575
2.312028582770941,0.0490,0.0575
2.3342596268360465,0.0490,0.0575
2.3564906709011515,0.0490,0.0575
2.378721714966257,0.0490,0.0575
2.400952759031362,0.0490,0.0575
2.4231838030964674,0.0490,0.0575
2.4454148471615724,0.0490,0.0575
2.4676458912266774,0.0490,0.0575
2.4898769352917824,0.0490,0.0575
2.512107979356888,0.0490,0.0575
2.534339023421993,0.0490,0.0575
2.5565700674870984,0.0490,0.0575
2.5788011115522034,0.0490,0.0575
2.601032155617309,0.0490,0.0575
2.623263199682414,0.0490,0.0575
2.6454942437475193,0.0490,0.0575
2.6677252878126243,0.0490,0.0575
2.6899563318777298,0.0490,0.0575
2.7121873759428348,0.0490,0.0575
2.73441842000794,0.0490,0.0575
2.7566494640730452,0.0490,0.0575
2.7788805081381507,0.0490,0.0575
2.8011115522032557,0.0490,0.0575
2.8233425962683607,0.0490,0.0574
2.8455736403334657,0.0490,0.0574
2.8678046843985707,0.0490,0.0574
2.890035728463676,0.0490,0.0574
2.912266772528781,0.0490,0.0574
2.9344978165938866,0.0490,0.0574
2.9567288606589917,0.0490,0.0574
2.978959904724097,0.0490,0.0574
3.001190948789202,0.0490,0.0574
3.0234219928543076,0.0489,0.0574
3.0456530369194126,0.0489,0.0574
3.067884080984518,0.0489,0.0574
3.090115125049623,0.0489,0.0574
3.1123461691147285,0.0489,0.0574
3.1345772131798335,0.0489,0.0574
3.156808257244939,0.0489,0.0574
3.179039301310044,0.0489,0.0574
3.201270345375149,0.0489,0.0574
3.223501389440254,0.0489,0.0574
3.2457324335053594,0.0489,0.0574
3.2679634775704645,0.0489,0.0574
3.29019452163557,0.0489,0.0574
3.312425565700675,0.0489,0.0574
3.3346566097657804,0.0489,0.0574
3.3568876538308854,0.0489,0.0574
3.379118697895991,0.0489,0.0574
3.401349741961096,0.0489,0.0573
3.4235807860262013,0.0489,0.0573
3.4458118300913063,0.0489,0.0573
3.4680428741564118,0.0489,0.0573
3.490273918221517,0.0489,0.0573
3.5125049622866222,0.0489,0.0573
3.5347360063517272,0.0489,0.0573
3.5569670504168327,0.0489,0.0573
3.5791980944819377,0.0489,0.0573
3.6014291385470427,0.0489,0.0573
3.6236601826121477,0.0489,0.0573
3.645891226677253,0.0489,0.0573
3.668122270742358,0.0489,0.0573
3.6903533148074636,0.0489,0.0573
3.7125843588725687,0.0489,0.0573
3.7348154029376737,0.0489,0.0573
3.7570464470027796,0.0489,0.0573
3.7792774910678846,0.0488,0.0573
3.8015085351329896,0.0488,0.0573
3.8237395791980946,0.0488,0.0573
3.8459706232632005,0.0488,0.0572
3.8682016673283055,0.0488,0.0572
3.8904327113934105,0.0488,0.0572
3.9126637554585155,0.0488,0.0572
3.934894799523621,0.0488,0.0572
3.957125843588726,0.0488,0.0572
3.979356887653831,0.0488,0.0572
4.0015879317189365,0.0488,0.0572
4.023818975784042,0.0488,0.0572
4.046050019849147,0.0488,0.0572
4.068281063914252,0.0488,0.0572
4.090512107979357,0.0488,0.0572
4.112743152044463,0.0488,0.0572
4.134974196109567,0.0488,0.0572
4.157205240174672,0.0488,0.0572
4.179436284239777,0.0488,0.0572
4.201667328304883,0.0488,0.0572
4.223898372369988,0.0488,0.0571
4.246129416435093,0.0488,0.0571
4.268360460500198,0.0488,0.0571
4.290591504565303,0.0488,0.0571
4.312822548630409,0.0488,0.0571
4.335053592695514,0.0487,0.0571
4.357284636760619,0.0487,0.0571
4.379515680825724,0.0487,0.0571
4.40174672489083,0.0487,0.0571
4.423977768955935,0.0487,0.0571
4.44620881302104,0.0487,0.0571
4.468439857086145,0.0487,0.0571
4.490670901151251,0.0487,0.0571
4.512901945216356,0.0487,0.0571
4.535132989281461,0.0487,0.0570
4.557364033346566,0.0487,0.0570
4.579595077411672,0.0487,0.0570
4.601826121476777,0.0487,0.0570
4.624057165541882,0.0487,0.0570
4.646288209606987,0.0487,0.0570
4.668519253672093,0.0487,0.0570
4.690750297737198,0.0487,0.0570
4.712981341802303,0.0487,0.0570
4.735212385867408,0.0487,0.0570
4.757443429932514,0.0486,0.0570
4.779674473997619,0.0486,0.0570
4.801905518062724,0.0486,0.0570
4.824136562127829,0.0486,0.0569
4.846367606192935,0.0486,0.0569
4.86859865025804,0.0486,0.0569
4.890829694323145,0.0486,0.0569
4.913060738388249,0.0486,0.0569
4.935291782453355,0.0486,0.0569
4.95752282651846,0.0486,0.0569
4.979753870583565,0.0486,0.0569
5.00198491464867,0.0486,0.0569
5.024215958713776,0.0486,0.0569
5.046447002778881,0.0486,0.0569
5.068678046843986,0.0486,0.0568
5.090909090909091,0.0486,0.0568
5.113140134974197,0.0485,0.0568
5.135371179039302,0.0485,0.0568
5.157602223104407,0.0485,0.0568
5.179833267169512,0.0485,0.0568
5.202064311234618,0.0485,0.0568
5.224295355299723,0.0485,0.0568
5.246526399364828,0.0485,0.0568
5.268757443429933,0.0485,0.0568
5.290988487495039,0.0485,0.0567
5.313219531560144,0.0485,0.0567
5.335450575625249,0.0485,0.0567
5.357681619690354,0.0485,0.0567
5.3799126637554595,0.0485,0.0567
5.4021437078205645,0.0484,0.0567
5.4243747518856695,0.0484,0.0567
5.4466057959507745,0.0484,0.0567
5.46883684001588,0.0484,0.0566
5.4910678840809855,0.0484,0.0566
5.5132989281460905,0.0484,0.0566
5.5355299722111955,0.0484,0.0566
5.557761016276301,0.0484,0.0566
5.579992060341406,0.0484,0.0566
5.602223104406511,0.0484,0.0566
5.624454148471616,0.0484,0.0566
5.646685192536721,0.0484,0.0566
5.668916236601826,0.0483,0.0565
5.691147280666931,0.0483,0.0565
5.713378324732036,0.0483,0.0565
5.7356093687971414,0.0483,0.0565
5.757840412862247,0.0483,0.0565
5.780071456927352,0.0483,0.0565
5.802302500992457,0.0483,0.0565
5.824533545057562,0.0483,0.0564
5.846764589122668,0.0483,0.0564
5.868995633187773,0.0483,0.0564
5.891226677252878,0.0483,0.0564
5.913457721317983,0.0482,0.0564
5.935688765383089,0.0482,0.0564
5.957919809448194,0.0482,0.0564
5.980150853513299,0.0482,0.0563
6.002381897578404,0.0482,0.0563
6.02461294164351,0.0482,0.0563
6.046843985708615,0.0482,0.0563
6.06907502977372,0.0482,0.0563
6.091306073838825,0.0482,0.0563
6.113537117903931,0.0481,0.0562
6.135768161969036,0.0481,0.0562
6.157999206034141,0.0481,0.0562
6.180230250099246,0.0481,0.0562
6.202461294164352,0.0481,0.0562
6.224692338229457,0.0481,0.0562
6.246923382294562,0.0481,0.0561
6.269154426359667,0.0481,0.0561
6.291385470424773,0.0480,0.0561
6.313616514489878,0.0480,0.0561
6.335847558554983,0.0480,0.0561
6.358078602620088,0.0480,0.0561
6.380309646685193,0.0480,0.0560
6.402540690750298,0.0480,0.0560
6.424771734815403,0.0480,0.0560
6.447002778880508,0.0480,0.0560
6.469233822945614,0.0479,0.0560
6.491464867010719,0.0479,0.0559
6.513695911075824,0.0479,0.0559
6.535926955140929,0.0479,0.0559
6.558157999206035,0.0479,0.0559
6.58038904327114,0.0479,0.0559
6.602620087336245,0.0479,0.0558
6.62485113140135,0.0478,0.0558
6.647082175466456,0.0478,0.0558
6.669313219531561,0.0478,0.0558
6.691544263596666,0.0478,0.0558
6.713775307661771,0.0478,0.0557
6.736006351726877,0.0478,0.0557
6.758237395791982,0.0478,0.0557
6.780468439857087,0.0477,0.0557
6.802699483922192,0.0477,0.0557
6.824930527987298,0.0477,0.0556
6.847161572052403,0.0477,0.0556
6.869392616117508,0.0477,0.0556
6.891623660182613,0.0477,0.0556
6.9138547042477185,0.0476,0.0555
6.9360857483128235,0.0476,0.0555
6.9583167923779286,0.0476,0.0555
6.980547836443034,0.0476,0.0555
7.0027788805081395,0.0476,0.0554
7.0250099245732445,0.0475,0.0554
7.0472409686383495,0.0475,0.0554
7.0694720127034545,0.0475,0.0554
7.09170305676856,0.0475,0.0553
7.113934100833665,0.0475,0.0553
7.13616514489877,0.0475,0.0553
7.158396188963875,0.0474,0.0553
7.1806272330289795,0.0474,0.0552
7.202858277094085,0.0474,0.0552
7.2250893211591904,0.0474,0.0552
7.2473203652242955,0.0474,0.0551
7.2695514092894005,0.0473,0.0551
7.291782453354506,0.0473,0.0551
7.314013497419611,0.0473,0.0551
7.336244541484716,0.0473,0.0550
7.358475585549821,0.0472,0.0550
7.380706629614927,0.0472,0.0550
7.402937673680032,0.0472,0.0549
7.425168717745137,0.0472,0.0549
7.447399761810242,0.0472,0.0549
7.469630805875347,0.0471,0.0548
7.491861849940452,0.0471,0.0548
7.514092894005559,0.0471,0.0548
7.536323938070664,0.0471,0.0548
7.558554982135769,0.0470,0.0547
7.580786026200874,0.0470,0.0547
7.603017070265979,0.0470,0.0547
7.625248114331084,0.0470,0.0546
7.647479158396189,0.0469,0.0546
7.669710202461294,0.0469,0.0546
7.691941246526401,0.0469,0.0545
7.714172290591506,0.0469,0.0545
7.736403334656611,0.0468,0.0544
7.758634378721716,0.0468,0.0544
7.780865422786821,0.0468,0.0544
7.803096466851926,0.0468,0.0543
7.825327510917031,0.0467,0.0543
7.847558554982136,0.0467,0.0543
7.869789599047242,0.0467,0.0542
7.892020643112347,0.0467,0.0542
7.914251687177452,0.0466,0.0541
7.936482731242557,0.0466,0.0541
7.958713775307662,0.0466,0.0541
7.980944819372767,0.0465,0.0540
8.003175863437873,0.0465,0.0540
8.025406907502978,0.0465,0.0539
8.047637951568085,0.0465,0.0539
8.06986899563319,0.0464,0.0539
8.092100039698295,0.0464,0.0538
8.1143310837634,0.0464,0.0538
8.136562127828505,0.0463,0.0537
8.15879317189361,0.0463,0.0537
8.181024215958715,0.0463,0.0536
8.20325526002382,0.0462,0.0536
8.225486304088927,0.0462,0.0536
8.24771734815403,0.0462,0.0535
8.269948392219135,0.0461,0.0535
8.29217943628424,0.0461,0.0534
8.314410480349345,0.0461,0.0534
8.33664152441445,0.0460,0.0533
8.358872568479555,0.0460,0.0533
8.38110361254466,0.0460,0.0532
8.403334656609767,0.0459,0.0532
8.425565700674872,0.0459,0.0531
8.447796744739977,0.0458,0.0531
8.470027788805082,0.0458,0.0530
8.492258832870187,0.0458,0.0530
8.514489876935292,0.0457,0.0529
8.536720921000397,0.0457,0.0529
8.558951965065502,0.0456,0.0528
8.581183009130607,0.0456,0.0528
8.603414053195714,0.0456,0.0527
8.625645097260819,0.0455,0.0527
8.647876141325924,0.0455,0.0526
8.670107185391029,0.0454,0.0525
8.692338229456134,0.0454,0.0525
8.714569273521239,0.0454,0.0524
8.736800317586344,0.0453,0.0524
8.759031361651449,0.0453,0.0523
8.781262405716555,0.0452,0.0523
8.80349344978166,0.0452,0.0522
8.825724493846765,0.0451,0.0521
8.84795553791187,0.0451,0.0521
8.870186581976975,0.0450,0.0520
8.89241762604208,0.0450,0.0519
8.914648670107185,0.0450,0.0519
8.93687971417229,0.0449,0.0518
8.959110758237397,0.0449,0.0518
8.981341802302502,0.0448,0.0517
9.003572846367607,0.0448,0.0516
9.025803890432712,0.0447,0.0516
9.048034934497817,0.0447,0.0515
9.070265978562922,0.0446,0.0514
9.092497022628027,0.0446,0.0514
9.114728066693132,0.0445,0.0513
9.136959110758239,0.0445,0.0512
9.159190154823344,0.0444,0.0511
9.181421198888449,0.0443,0.0511
9.203652242953554,0.0443,0.0510
9.22588328701866,0.0442,0.0509
9.248114331083764,0.0442,0.0508
9.27034537514887,0.0441,0.0508
9.292576419213974,0.0441,0.0507
9.314807463279081,0.0440,0.0506
9.337038507344186,0.0439,0.0505
9.359269551409291,0.0439,0.0505
9.381500595474396,0.0438,0.0504
9.403731639539501,0.0438,0.0503
9.425962683604606,0.0437,0.0502
9.448193727669711,0.0436,0.0501
9.470424771734816,0.0436,0.0501
9.492655815799923,0.0435,0.0500
9.514886859865028,0.0435,0.0499
9.537117903930133,0.0434,0.0498
9.559348947995238,0.0433,0.0497
9.581579992060343,0.0433,0.0496
9.603811036125448,0.0432,0.0495
9.626042080190553,0.0431,0.0494
9.648273124255658,0.0431,0.0494
9.670504168320765,0.0430,0.0493
9.69273521238587,0.0429,0.0492
9.714966256450975,0.0428,0.0491
9.73719730051608,0.0428,0.0490
9.759428344581185,0.0427,0.0489
9.78165938864629,0.0426,0.0488
9.803890432711395,0.0426,0.0487
9.826121476776498,0.0425,0.0486
9.848352520841605,0.0424,0.0485
9.87058356490671,0.0423,0.0484
9.892814608971815,0.0422,0.0483
9.91504565303692,0.0422,0.0482
9.937276697102025,0.0421,0.0481
9.95950774116713,0.0420,0.0480
9.981738785232235,0.0419,0.0479
10.00396982929734,0.0418,0.0478
10.026200873362445,0.0418,0.0477
10.048431917427552,0.0417,0.0475
10.070662961492657,0.0416,0.0474
10.092894005557762,0.0415,0.0473
10.115125049622867,0.0414,0.0472
10.137356093687972,0.0413,0.0471
10.159587137753077,0.0412,0.0470
10.181818181818182,0.0412,0.0469
10.204049225883287,0.0411,0.0467
10.226280269948393,0.0410,0.0466
10.248511314013498,0.0409,0.0465
10.270742358078603,0.0408,0.0464
10.292973402143708,0.0407,0.0462
10.315204446208813,0.0406,0.0461
10.337435490273919,0.0405,0.0460
10.359666534339024,0.0404,0.0459
10.381897578404129,0.0403,0.0457
10.404128622469235,0.0402,0.0456
10.42635966653434,0.0401,0.0455
10.448590710599445,0.0400,0.0453
10.47082175466455,0.0399,0.0452
10.493052798729655,0.0398,0.0451
10.51528384279476,0.0397,0.0449
10.537514886859865,0.0396,0.0448
10.55974593092497,0.0395,0.0446
10.581976974990077,0.0393,0.0445
10.604208019055182,0.0392,0.0444
10.626439063120287,0.0391,0.0442
10.648670107185392,0.0390,0.0441
10.670901151250497,0.0389,0.0439
10.693132195315602,0.0388,0.0438
10.715363239380707,0.0387,0.0436
10.737594283445812,0.0385,0.0435
10.759825327510919,0.0384,0.0433
10.782056371576024,0.0383,0.0431
10.804287415641129,0.0382,0.0430
10.826518459706234,0.0380,0.0428
10.848749503771339,0.0379,0.0427
10.870980547836444,0.0378,0.0425
10.893211591901549,0.0377,0.0423
10.915442635966654,0.0375,0.0422
10.93767368003176,0.0374,0.0420
10.959904724096866,0.0373,0.0418
10.982135768161971,0.0371,0.0416
11.004366812227076,0.0370,0.0415
11.026597856292181,0.0369,0.0413
11.048828900357286,0.0367,0.0411
11.071059944422391,0.0366,0.0409
11.093290988487496,0.0364,0.0407
11.115522032552603,0.0363,0.0405
11.137753076617708,0.0361,0.0404
11.159984120682813,0.0360,0.0402
11.182215164747918,0.0358,0.0400
11.204446208813023,0.0357,0.0398
11.226677252878128,0.0355,0.0396
11.248908296943233,0.0354,0.0394
11.271139341008338,0.0352,0.0392
11.293370385073443,0.0351,0.0390
11.315601429138548,0.0349,0.0388
11.337832473203653,0.0348,0.0386
11.360063517268758,0.0346,0.0384
11.382294561333863,0.0344,0.0382
11.404525605398968,0.0343,0.0379
11.426756649464073,0.0341,0.0377
11.448987693529178,0.0339,0.0375
11.471218737594283,0.0337,0.0373
11.49344978165939,0.0336,0.0371
11.515680825724495,0.0334,0.0368
11.5379118697896,0.0332,0.0366
11.560142913854705,0.0330,0.0364
11.58237395791981,0.0328,0.0361
11.604605001984915,0.0327,0.0359
11.62683604605002,0.0325,0.0357
11.649067090115125,0.0323,0.0354
11.671298134180232,0.0321,0.0352
11.693529178245337,0.0319,0.0349
11.715760222310442,0.0317,0.0347
11.737991266375547,0.0315,0.0344
11.760222310440652,0.0313,0.0342
11.782453354505757,0.0311,0.0339
11.804684398570862,0.0309,0.0337
11.826915442635967,0.0307,0.0334
11.849146486701073,0.0305,0.0331
11.871377530766178,0.0303,0.0329
11.893608574831283,0.0300,0.0326
11.915839618896388,0.0298,0.0323
11.938070662961493,0.0296,0.0320
11.960301707026598,0.0294,0.0317
11.982532751091703,0.0292,0.0315
12.004763795156808,0.0289,0.0312
12.026994839221915,0.0287,0.0309
12.04922588328702,0.0285,0.0306
12.071456927352125,0.0282,0.0303
12.09368797141723,0.0280,0.0300
12.115919015482335,0.0278,0.0297
12.13815005954744,0.0275,0.0294
12.160381103612545,0.0273,0.0291
12.18261214767765,0.0270,0.0288
12.204843191742757,0.0268,0.0284
12.227074235807862,0.0265,0.0281
12.249305279872967,0.0263,0.0278
12.271536323938072,0.0260,0.0275
12.293767368003177,0.0257,0.0271
12.315998412068282,0.0255,0.0268
12.338229456133387,0.0252,0.0265
12.360460500198492,0.0249,0.0261
12.382691544263599,0.0246,0.0258
12.404922588328704,0.0244,0.0254
12.427153632393809,0.0241,0.0251
12.449384676458914,0.0238,0.0247
12.471615720524019,0.0235,0.0243
12.493846764589124,0.0232,0.0240
12.516077808654229,0.0229,0.0236
12.538308852719334,0.0226,0.0232
12.56053989678444,0.0223,0.0229
12.582770940849546,0.0220,0.0225
12.60500198491465,0.0217,0.0221
12.627233028979756,0.0214,0.0217
12.64946407304486,0.0211,0.0213
12.671695117109966,0.0208,0.0209
12.69392616117507,0.0204,0.0205
12.716157205240176,0.0201,0.0201
12.738388249305283,0.0198,0.0197
12.760619293370386,0.0195,0.0193
12.782850337435491,0.0191,0.0188
12.805081381500596,0.0188,0.0184
12.827312425565701,0.0184,0.0180
12.849543469630806,0.0181,0.0176
12.871774513695911,0.0177,0.0171
12.894005557761016,0.0174,0.0167
12.916236601826121,0.0170,0.0162
12.938467645891228,0.0166,0.0158
12.960698689956333,0.0163,0.0153
12.982929734021438,0.0159,0.0148
13.005160778086543,0.0155,0.0144
13.027391822151648,0.0151,0.0139
13.049622866216753,0.0148,0.0134
13.071853910281858,0.0144,0.0129
13.094084954346963,0.0140,0.0124
13.11631599841207,0.0136,0.0119
13.138547042477175,0.0132,0.0114
13.16077808654228,0.0127,0.0109
13.183009130607385,0.0123,0.0104
13.20524017467249,0.0119,0.0099
13.227471218737595,0.0115,0.0094
13.2497022628027,0.0111,0.0089
13.271933306867805,0.0106,0.0083
13.294164350932911,0.0102,0.0078
13.316395394998016,0.0098,0.0072
13.338626439063122,0.0093,0.0067
13.360857483128227,0.0088,0.0061
13.383088527193332,0.0084,0.0056
13.405319571258437,0.0079,0.0050
13.427550615323542,0.0075,0.0044
13.449781659388647,0.0070,0.0038
13.472012703453753,0.0065,0.0032
13.494243747518858,0.0060,0.0026
13.516474791583963,0.0055,0.0020
13.538705835649068,0.0050,0.0014
13.560936879714173,0.0045,0.0008
13.583167923779278,0.0040,0.0002
13.605398967844383,0.0035,-0.0004
13.627630011909488,0.0030,-0.0011
13.649861055974595,0.0025,-0.0017
13.6720921000397,0.0019,-0.0024
13.694323144104805,0.0014,-0.0030
13.71655418816991,0.0009,-0.0037
13.738785232235015,0.0003,-0.0044
13.76101627630012,-0.0002,-0.0051
13.783247320365225,-0.0008,-0.0057
13.80547836443033,-0.0014,-0.0064
13.827709408495437,-0.0020,-0.0071
13.849940452560542,-0.0025,-0.0078
13.872171496625647,-0.0031,-0.0086
13.894402540690752,-0.0037,-0.0093
13.916633584755857,-0.0043,-0.0100
13.938864628820962,-0.0049,-0.0108
13.961095672886067,-0.0055,-0.0115
13.983326716951172,-0.0062,-0.0123
14.005557761016279,-0.0068,-0.0130
14.027788805081384,-0.0074,-0.0138
14.050019849146489,-0.0081,-0.0146
14.072250893211594,-0.0087,-0.0154
14.094481937276699,-0.0094,-0.0162
14.116712981341804,-0.0100,-0.0170
14.138944025406909,-0.0107,-0.0178
14.161175069472014,-0.0114,-0.0186
14.18340611353712,-0.0121,-0.0195
14.205637157602226,-0.0128,-0.0203
14.22786820166733,-0.0135,-0.0212
14.250099245732436,-0.0142,-0.0220
14.27233028979754,-0.0149,-0.0229
14.294561333862646,-0.0157,-0.0238
14.31679237792775,-0.0164,-0.0247
14.339023421992854,-0.0171,-0.0256
14.361254466057959,-0.0179,-0.0265
14.383485510123066,-0.0187,-0.0274
14.40571655418817,-0.0194,-0.0284
14.427947598253276,-0.0202,-0.0293
14.450178642318381,-0.0210,-0.0303
14.472409686383486,-0.0218,-0.0312
14.494640730448591,-0.0226,-0.0322
14.516871774513696,-0.0234,-0.0332
14.539102818578801,-0.0242,-0.0342
14.561333862643908,-0.0251,-0.0352
14.583564906709013,-0.0259,-0.0362
14.605795950774118,-0.0268,-0.0372
14.628026994839223,-0.0276,-0.0383
14.650258038904328,-0.0285,-0.0393
14.672489082969433,-0.0294,-0.0404
14.694720127034538,-0.0303,-0.0415
14.716951171099643,-0.0312,-0.0425
14.73918221516475,-0.0321,-0.0436
14.761413259229855,-0.0330,-0.0448
14.78364430329496,-0.0340,-0.0459
14.805875347360065,-0.0349,-0.0470
14.82810639142517,-0.0359,-0.0482
14.850337435490275,-0.0368,-0.0493
14.87256847955538,-0.0378,-0.0505
14.894799523620485,-0.0388,-0.0517
14.91703056768559,-0.0398,-0.0529
14.939261611750695,-0.0408,-0.0541
14.9614926558158,-0.0418,-0.0553
14.983723699880905,-0.0429,-0.0565
15.005954743946013,-0.0439,-0.0578
15.028185788011118,-0.0450,-0.0591
15.050416832076223,-0.0460,-0.0603
15.072647876141328,-0.0471,-0.0616
15.094878920206433,-0.0482,-0.0629
15.117109964271538,-0.0493,-0.0643
15.139341008336643,-0.0504,-0.0656
15.161572052401748,-0.0516,-0.0670
15.183803096466853,-0.0527,-0.0683
15.206034140531958,-0.0539,-0.0697
15.228265184597063,-0.0551,-0.0711
15.250496228662168,-0.0562,-0.0725
15.272727272727273,-0.0574,-0.0739
15.294958316792378,-0.0587,-0.0754
15.317189360857483,-0.0599,-0.0768
15.339420404922588,-0.0611,-0.0783
15.361651448987697,-0.0624,-0.0798
15.383882493052802,-0.0636,-0.0813
15.406113537117907,-0.0649,-0.0828
15.428344581183012,-0.0662,-0.0844
15.450575625248117,-0.0675,-0.0859
15.472806669313222,-0.0689,-0.0875
15.495037713378327,-0.0702,-0.0891
15.517268757443432,-0.0716,-0.0907
15.539499801508537,-0.0729,-0.0923
15.561730845573642,-0.0743,-0.0940
15.583961889638747,-0.0757,-0.0956
15.606192933703852,-0.0771,-0.0973
15.628423977768957,-0.0786,-0.0990
15.650655021834062,-0.0800,-0.1007
15.672886065899167,-0.0815,-0.1024
15.695117109964272,-0.0830,-0.1042
15.717348154029377,-0.0845,-0.1060
15.739579198094484,-0.0860,-0.1078
15.761810242159589,-0.0876,-0.1096
15.784041286224694,-0.0891,-0.1114
15.806272330289799,-0.0907,-0.1133
15.828503374354904,-0.0923,-0.1151
15.850734418420009,-0.0939,-0.1170
15.872965462485114,-0.0955,-0.1189
15.895196506550219,-0.0972,-0.1209
15.917427550615324,-0.0988,-0.1228
15.939658594680429,-0.1005,-0.1248
15.961889638745534,-0.1022,-0.1268
15.984120682810639,-0.1039,-0.1288
16.006351726875746,-0.1057,-0.1309
16.02858277094085,-0.1074,-0.1329
16.050813815005956,-0.1092,-0.1350
16.07304485907106,-0.1110,-0.1371
16.09527590313617,-0.1128,-0.1393
16.117506947201274,-0.1147,-0.1414
16.13973799126638,-0.1165,-0.1436
16.161969035331484,-0.1184,-0.1458
16.18420007939659,-0.1203,-0.1480
16.206431123461694,-0.1223,-0.1503
16.2286621675268,-0.1242,-0.1526
16.250893211591904,-0.1262,-0.1549
16.27312425565701,-0.1282,-0.1572
16.295355299722114,-0.1302,-0.1596
16.31758634378722,-0.1322,-0.1619
16.339817387852325,-0.1343,-0.1643
16.36204843191743,-0.1364,-0.1668
16.384279475982535,-0.1385,-0.1692
16.40651052004764,-0.1406,-0.1717
16.428741564112745,-0.1428,-0.1742
16.450972608177853,-0.1450,-0.1768
16.473203652242955,-0.1472,-0.1793
16.49543469630806,-0.1494,-0.1819
16.517665740373165,-0.1517,-0.1846
16.53989678443827,-0.1539,-0.1872
16.562127828503375,-0.1562,-0.1899
16.58435887256848,-0.1586,-0.1926
16.606589916633585,-0.1609,-0.1953
16.62882096069869,-0.1633,-0.1981
16.651052004763795,-0.1658,-0.2009
16.6732830488289,-0.1682,-0.2037
16.695514092894005,-0.1707,-0.2066
16.71774513695911,-0.1732,-0.2095
16.739976181024215,-0.1757,-0.2124
16.76220722508932,-0.1783,-0.2154
16.784438269154425,-0.1808,-0.2184
16.806669313219533,-0.1835,-0.2214
16.82890035728464,-0.1861,-0.2245
16.851131401349743,-0.1888,-0.2275
16.87336244541485,-0.1915,-0.2307
16.895593489479953,-0.1942,-0.2338
16.91782453354506,-0.1970,-0.2370
16.940055577610163,-0.1998,-0.2403
16.96228662167527,-0.2026,-0.2435
16.984517665740373,-0.2055,-0.2468
17.00674870980548,-0.2084,-0.2501
17.028979753870583,-0.2113,-0.2535
17.05121079793569,-0.2143,-0.2569
17.073441842000793,-0.2173,-0.2604
17.0956728860659,-0.2203,-0.2639
17.117903930131003,-0.2234,-0.2674
17.14013497419611,-0.2265,-0.2709
17.162366018261213,-0.2296,-0.2745
17.184597062326322,-0.2328,-0.2782
17.206828106391427,-0.2360,-0.2819
17.229059150456532,-0.2392,-0.2856
17.251290194521637,-0.2425,-0.2893
17.273521238586742,-0.2458,-0.2931
17.295752282651847,-0.2492,-0.2970
17.317983326716952,-0.2526,-0.3009
17.340214370782057,-0.2560,-0.3048
17.362445414847162,-0.2595,-0.3088
17.384676458912267,-0.2630,-0.3128
17.406907502977372,-0.2665,-0.3168
17.429138547042477,-0.2701,-0.3209
17.451369591107582,-0.2738,-0.3251
17.473600635172687,-0.2774,-0.3293
17.495831679237792,-0.2811,-0.3335
17.518062723302897,-0.2849,-0.3378
17.540293767368006,-0.2887,-0.3421
17.56252481143311,-0.2925,-0.3465
17.584755855498216,-0.2964,-0.3509
17.60698689956332,-0.3004,-0.3554
17.629217943628426,-0.3043,-0.3599
17.65144898769353,-0.3083,-0.3645
17.673680031758636,-0.3124,-0.3691
17.69591107582374,-0.3165,-0.3738
17.718142119888846,-0.3207,-0.3785
17.74037316395395,-0.3249,-0.3833
17.762604208019056,-0.3291,-0.3881
17.78483525208416,-0.3334,-0.3930
17.807066296149266,-0.3378,-0.3979
17.82929734021437,-0.3422,-0.4029
17.851528384279476,-0.3467,-0.4080
17.87375942834458,-0.3512,-0.4131
17.89599047240969,-0.3557,-0.4182
17.918221516474794,-0.3603,-0.4234
17.9404525605399,-0.3650,-0.4287
17.962683604605004,-0.3697,-0.4340
17.98491464867011,-0.3744,-0.4394
18.007145692735214,-0.3793,-0.4449
18.02937673680032,-0.3841,-0.4504
18.051607780865425,-0.3891,-0.4559
18.07383882493053,-0.3940,-0.4616
18.096069868995635,-0.3991,-0.4673
18.11830091306074,-0.4042,-0.4730
18.140531957125845,-0.4093,-0.4788
18.16276300119095,-0.4146,-0.4847
18.184994045256055,-0.4198,-0.4906
18.20722508932116,-0.4252,-0.4966
18.229456133386265,-0.4306,-0.5027
18.251687177451373,-0.4360,-0.5088
18.273918221516478,-0.4415,-0.5150
18.296149265581583,-0.4471,-0.5213
18.318380309646688,-0.4528,-0.5277
18.340611353711793,-0.4585,-0.5341
18.362842397776898,-0.4642,-0.5405
18.385073441842003,-0.4701,-0.5471
18.407304485907108,-0.4760,-0.5537
18.429535529972213,-0.4820,-0.5604
18.45176657403732,-0.4880,-0.5672
18.473997618102423,-0.4941,-0.5740
18.49622866216753,-0.5003,-0.5809
18.518459706232633,-0.5065,-0.5879
18.54069075029774,-0.5129,-0.5950
18.562921794362843,-0.5192,-0.6022
18.58515283842795,-0.5257,-0.6094
18.607383882493053,-0.5323,-0.6167
18.629614926558162,-0.5389,-0.6241
18.651845970623267,-0.5456,-0.6315
18.674077014688372,-0.5523,-0.6391
18.696308058753477,-0.5592,-0.6467
18.718539102818582,-0.5661,-0.6544
18.740770146883687,-0.5731,-0.6622
18.763001190948792,-0.5802,-0.6701
18.785232235013897,-0.5873,-0.6781
18.807463279079002,-0.5945,-0.6861
18.829694323144107,-0.6019,-0.6943
18.851925367209212,-0.6093,-0.7025
18.874156411274317,-0.6168,-0.7109
18.896387455339422,-0.6243,-0.7193
18.918618499404527,-0.6320,-0.7278
18.940849543469632,-0.6397,-0.7364
18.963080587534737,-0.6476,-0.7451
18.985311631599846,-0.6555,-0.7539
19.00754267566495,-0.6635,-0.7628
19.029773719730056,-0.6716,-0.7717
19.05200476379516,-0.6798,-0.7808
19.074235807860266,-0.6881,-0.7900
19.09646685192537,-0.6965,-0.7993
19.118697895990476,-0.7050,-0.8087
19.14092894005558,-0.7136,-0.8182
19.163159984120686,-0.7222,-0.8278
19.18539102818579,-0.7310,-0.8374
19.207622072250896,-0.7399,-0.8473
19.229853116316,-0.7489,-0.8572
19.252084160381106,-0.7579,-0.8672
19.27431520444621,-0.7671,-0.8773
19.296546248511316,-0.7764,-0.8875
19.31877729257642,-0.7858,-0.8979
19.34100833664153,-0.7953,-0.9084
19.363239380706634,-0.8049,-0.9189
19.38547042477174,-0.8146,-0.9296
19.407701468836844,-0.8244,-0.9404
19.42993251290195,-0.8344,-0.9514
19.452163556967054,-0.8444,-0.9624
19.47439460103216,-0.8546,-0.9736
19.496625645097264,-0.8648,-0.9849
19.51885668916237,-0.8752,-0.9963
19.541087733227474,-0.8858,-1.0079
19.56331877729258,-0.8964,-1.0195
19.585549821357684,-0.9071,-1.0313
19.60778086542279,-0.9180,-1.0432
19.630011909487894,-0.9290,-1.0553
19.652242953552996,-0.9401,-1.0675
19.6744739976181,-0.9514,-1.0798
19.69670504168321,-0.9628,-1.0923
19.718936085748314,-0.9743,-1.1049
19.74116712981342,-0.9859,-1.1176
19.763398173878524,-0.9977,-1.1305
19.78562921794363,-1.0096,-1.1435
19.807860262008735,-1.0217,-1.1566
19.83009130607384,-1.0338,-1.1699
19.852322350138945,-1.0461,-1.1834
19.87455339420405,-1.0586,-1.1970
19.896784438269155,-1.0712,-1.2107
19.91901548233426,-1.0839,-1.2246
19.941246526399365,-1.0968,-1.2386
19.96347757046447,-1.1099,-1.2528
19.985708614529575,-1.1231,-1.2672
20.00793965859468,-1.1351,-1.2803
20.030170702659785,-1.1457,-1.2918
20.05240174672489,-1.1563,-1.3033
20.074632790789998,-1.1668,-1.3147
20.096863834855103,-1.1773,-1.3261
20.119094878920208,-1.1877,-1.3374
20.141325922985313,-1.1981,-1.3486
20.163556967050418,-1.2084,-1.3597
20.185788011115523,-1.2187,-1.3708
20.20801905518063,-1.2289,-1.3818
20.230250099245733,-1.2391,-1.3927
20.25248114331084,-1.2492,-1.4036
20.274712187375943,-1.2592,-1.4144
20.29694323144105,-1.2692,-1.4251
20.319174275506153,-1.2791,-1.4357
20.34140531957126,-1.2890,-1.4463
20.363636363636363,-1.2988,-1.4568
20.38586740770147,-1.3086,-1.4672
20.408098451766573,-1.3183,-1.4775
20.430329495831682,-1.3280,-1.4878
20.452560539896787,-1.3376,-1.4980
20.474791583961892,-1.3471,-1.5081
20.497022628026997,-1.3566,-1.5181
20.519253672092102,-1.3660,-1.5280
20.541484716157207,-1.3753,-1.5379
20.563715760222312,-1.3846,-1.5477
20.585946804287417,-1.3938,-1.5574
20.608177848352522,-1.4030,-1.5670
20.630408892417627,-1.4121,-1.5766
20.652639936482732,-1.4212,-1.5860
20.674870980547837,-1.4301,-1.5954
20.697102024612942,-1.4391,-1.6047
20.719333068678047,-1.4479,-1.6139
20.741564112743152,-1.4567,-1.6230
20.763795156808257,-1.4654,-1.6321
20.786026200873366,-1.4741,-1.6410
20.80825724493847,-1.4827,-1.6499
20.830488289003576,-1.4912,-1.6587
20.85271933306868,-1.4997,-1.6674
20.874950377133786,-1.5081,-1.6760
20.89718142119889,-1.5164,-1.6845
20.919412465263996,-1.5247,-1.6930
20.9416435093291,-1.5329,-1.7013
20.963874553394206,-1.5410,-1.7096
20.98610559745931,-1.5491,-1.7178
21.008336641524416,-1.5571,-1.7259
21.03056768558952,-1.5650,-1.7339
21.052798729654626,-1.5728,-1.7418
21.07502977371973,-1.5806,-1.7496
21.097260817784836,-1.5884,-1.7573
21.11949186184994,-1.5960,-1.7650
21.14172290591505,-1.6036,-1.7725
21.163953949980154,-1.6111,-1.7800
21.18618499404526,-1.6185,-1.7873
21.208416038110364,-1.6259,-1.7946
21.23064708217547,-1.6332,-1.8018
21.252878126240574,-1.6404,-1.8088
21.27510917030568,-1.6476,-1.8158
21.297340214370784,-1.6546,-1.8227
21.31957125843589,-1.6616,-1.8295
21.341802302500994,-1.6686,-1.8362
21.3640333465661,-1.6754,-1.8428
21.386264390631204,-1.6822,-1.8494
21.40849543469631,-1.6889,-1.8558
21.430726478761414,-1.6956,-1.8621
21.45295752282652,-1.7021,-1.8683
21.475188566891624,-1.7086,-1.8745
21.49741961095673,-1.7150,-1.8805
21.519650655021838,-1.7214,-1.8864
21.541881699086943,-1.7276,-1.8923
21.564112743152048,-1.7338,-1.8980
21.586343787217153,-1.7399,-1.9037
21.608574831282258,-1.7460,-1.9092
21.630805875347363,-1.7519,-1.9147
21.653036919412468,-1.7578,-1.9200
21.675267963477573,-1.7636,-1.9253
21.697499007542678,-1.7693,-1.9304
21.719730051607783,-1.7750,-1.9355
21.741961095672888,-1.7805,-1.9404
21.764192139737993,-1.7860,-1.9453
21.786423183803098,-1.7914,-1.9500
21.808654227868203,-1.7968,-1.9547
21.830885271933308,-1.8020,-1.9592
21.853116315998413,-1.8072,-1.9637
21.87534736006352,-1.8123,-1.9680
21.897578404128627,-1.8173,-1.9723
21.919809448193732,-1.8223,-1.9764
21.942040492258837,-1.8271,-1.9804
21.964271536323942,-1.8319,-1.9844
21.986502580389047,-1.8366,-1.9882
22.008733624454152,-1.8412,-1.9920
22.030964668519257,-1.8458,-1.9956
22.053195712584362,-1.8502,-1.9991
22.075426756649467,-1.8546,-2.0025
22.097657800714572,-1.8589,-2.0059
22.119888844779677,-1.8631,-2.0091
22.142119888844782,-1.8672,-2.0122
22.164350932909887,-1.8713,-2.0152
22.186581976974992,-1.8753,-2.0181
22.208813021040097,-1.8791,-2.0209
22.231044065105205,-1.8829,-2.0236
22.25327510917031,-1.8867,-2.0262
22.275506153235415,-1.8903,-2.0287
22.29773719730052,-1.8939,-2.0311
22.319968241365626,-1.8973,-2.0334
22.34219928543073,-1.9007,-2.0355
22.364430329495836,-1.9040,-2.0376
22.38666137356094,-1.9072,-2.0396
22.408892417626046,-1.9104,-2.0414
22.43112346169115,-1.9134,-2.0432
22.453354505756256,-1.9164,-2.0448
22.47558554982136,-1.9193,-2.0464
22.497816593886466,-1.9221,-2.0478
22.52004763795157,-1.9248,-2.0492
22.542278682016676,-1.9275,-2.0504
22.56450972608178,-1.9300,-2.0515
22.586740770146886,-1.9325,-2.0525
22.60897181421199,-1.9349,-2.0534
22.631202858277096,-1.9372,-2.0542
22.6534339023422,-1.9394,-2.0549
22.675664946407306,-1.9415,-2.0555
22.69789599047241,-1.9435,-2.0560
22.720127034537516,-1.9455,-2.0564
22.74235807860262,-1.9474,-2.0567
22.764589122667726,-1.9492,-2.0569
22.78682016673283,-1.9509,-2.0569
22.809051210797936,-1.9525,-2.0569
22.83128225486304,-1.9540,-2.0567
22.853513298928146,-1.9555,-2.0565
22.87574434299325,-1.9568,-2.0561
22.897975387058356,-1.9581,-2.0556
22.92020643112346,-1.9593,-2.0551
22.942437475188566,-1.9604,-2.0544
22.964668519253674,-1.9614,-2.0536
22.98689956331878,-1.9623,-2.0527
23.009130607383884,-1.9632,-2.0517
23.03136165144899,-1.9639,-2.0506
23.053592695514094,-1.9646,-2.0494
23.0758237395792,-1.9652,-2.0481
23.098054783644304,-1.9657,-2.0467
23.12028582770941,-1.9661,-2.0452
23.142516871774514,-1.9664,-2.0435
23.16474791583962,-1.9667,-2.0418
23.186978959904724,-1.9668,-2.0400
23.20921000396983,-1.9669,-2.0380
23.231441048034934,-1.9669,-2.0360
23.25367209210004,-1.9668,-2.0338
23.275903136165145,-1.9666,-2.0316
23.29813418023025,-1.9663,-2.0292
23.320365224295358,-1.9660,-2.0267
23.342596268360463,-1.9655,-2.0241
23.364827312425568,-1.9650,-2.0215
23.387058356490673,-1.9644,-2.0187
23.409289400555778,-1.9637,-2.0158
23.431520444620883,-1.9629,-2.0128
23.453751488685988,-1.9620,-2.0097
23.475982532751093,-1.9611,-2.0065
23.498213576816198,-1.9600,-2.0032
23.520444620881303,-1.9589,-1.9998
23.542675664946408,-1.9577,-1.9963
23.564906709011513,-1.9564,-1.9927
23.587137753076618,-1.9550,-1.9890
23.609368797141723,-1.9535,-1.9852
23.631599841206828,-1.9520,-1.9812
23.653830885271933,-1.9503,-1.9772
23.676061929337042,-1.9486,-1.9731
23.698292973402147,-1.9468,-1.9689
23.720524017467252,-1.9449,-1.9646
23.742755061532357,-1.9429,-1.9601
23.764986105597462,-1.9408,-1.9556
23.787217149662567,-1.9387,-1.9510
23.809448193727672,-1.9364,-1.9462
23.831679237792777,-1.9341,-1.9414
23.853910281857882,-1.9317,-1.9365
23.876141325922987,-1.9292,-1.9314
23.898372369988092,-1.9266,-1.9263
23.920603414053197,-1.9239,-1.9211
23.942834458118302,-1.9212,-1.9158
23.965065502183407,-1.9184,-1.9103
23.987296546248512,-1.9154,-1.9048
24.009527590313617,-1.9124,-1.8992
24.031758634378726,-1.9094,-1.8935
24.05398967844383,-1.9062,-1.8876
24.076220722508936,-1.9029,-1.8817
24.09845176657404,-1.8996,-1.8757
24.120682810639146,-1.8962,-1.8696
24.14291385470425,-1.8927,-1.8634
24.165144898769356,-1.8891,-1.8571
24.18737594283446,-1.8854,-1.8507
24.209606986899566,-1.8817,-1.8442
24.23183803096467,-1.8779,-1.8376
24.254069075029776,-1.8740,-1.8309
24.27630011909488,-1.8700,-1.8241
24.298531163159986,-1.8659,-1.8172
24.32076220722509,-1.8617,-1.8103
24.342993251290196,-1.8575,-1.8032
24.3652242953553,-1.8532,-1.7960
24.387455339420406,-1.8488,-1.7888
24.409686383485514,-1.8443,-1.7814
24.43191742755062,-1.8397,-1.7740
24.454148471615724,-1.8351,-1.7665
24.47637951568083,-1.8303,-1.7589
24.498610559745934,-1.8255,-1.7512
24.52084160381104,-1.8207,-1.7434
24.543072647876144,-1.8157,-1.7355
24.56530369194125,-1.8106,-1.7275
24.587534736006354,-1.8055,-1.7194
24.60976578007146,-1.8003,-1.7113
24.631996824136564,-1.7950,-1.7030
24.65422786820167,-1.7897,-1.6947
24.676458912266774,-1.7842,-1.6862
24.69868995633188,-1.7787,-1.6777
24.720921000396984,-1.7731,-1.6691
24.74315204446209,-1.7674,-1.6605
24.765383088527198,-1.7617,-1.6517
24.787614132592303,-1.7559,-1.6428
24.809845176657408,-1.7500,-1.6339
24.832076220722513,-1.7440,-1.6249
24.854307264787618,-1.7379,-1.6157
24.876538308852723,-1.7318,-1.6066
24.898769352917828,-1.7256,-1.5973
24.921000396982933,-1.7193,-1.5879
24.943231441048038,-1.7129,-1.5785
24.965462485113143,-1.7065,-1.5689
24.987693529178248,-1.7000,-1.5593
25.009924573243353,-1.6934,-1.5497
25.032155617308458,-1.6867,-1.5399
25.054386661373563,-1.6800,-1.5300
25.076617705438668,-1.6732,-1.5201
25.098848749503773,-1.6663,-1.5101
25.12107979356888,-1.6593,-1.5000
25.143310837633987,-1.6523,-1.4898
25.16554188169909,-1.6452,-1.4796
25.187772925764197,-1.6380,-1.4693
25.2100039698293,-1.6308,-1.4589
25.232235013894407,-1.6235,-1.4484
25.25446605795951,-1.6161,-1.4379
25.276697102024617,-1.6086,-1.4272
25.29892814608972,-1.6011,-1.4166
25.321159190154827,-1.5935,-1.4058
25.34339023421993,-1.5858,-1.3949
25.365621278285037,-1.5781,-1.3840
25.38785232235014,-1.5703,-1.3730
25.410083366415247,-1.5624,-1.3620
25.432314410480352,-1.5544,-1.3508
25.454545454545457,-1.5464,-1.3396
25.476776498610565,-1.5383,-1.3284
25.49900754267567,-1.5302,-1.3170
25.521238586740772,-1.5220,-1.3056
25.543469630805877,-1.5137,-1.2941
25.565700674870982,-1.5053,-1.2826
25.587931718936087,-1.4969,-1.2710
25.610162763001192,-1.4884,-1.2593
25.632393807066297,-1.4799,-1.2475
25.654624851131402,-1.4712,-1.2357
25.676855895196507,-1.4626,-1.2239
25.699086939261612,-1.4538,-1.2119
25.721317983326717,-1.4450,-1.1999
25.743549027391822,-1.4361,-1.1878
25.765780071456927,-1.4272,-1.1757
25.788011115522032,-1.4182,-1.1635
25.810242159587137,-1.4091,-1.1513
25.832473203652242,-1.4000,-1.1390
25.85470424771735,-1.3908,-1.1266
25.876935291782456,-1.3816,-1.1141
25.89916633584756,-1.3722,-1.1017
25.921397379912666,-1.3629,-1.0891
25.94362842397777,-1.3534,-1.0765
25.965859468042876,-1.3440,-1.0638
25.98809051210798,-1.3344,-1.0511
26.010321556173086,-1.3236,-1.0368
26.03255260023819,-1.3118,-1.0209
26.054783644303296,-1.3001,-1.0053
26.0770146883684,-1.2887,-0.9897
26.099245732433506,-1.2774,-0.9743
26.12147677649861,-1.2663,-0.9590
26.143707820563716,-1.2553,-0.9438
26.16593886462882,-1.2445,-0.9287
26.188169908693926,-1.2339,-0.9137
26.210400952759034,-1.2234,-0.8989
26.23263199682414,-1.2131,-0.8842
26.254863040889244,-1.2030,-0.8696
26.27709408495435,-1.1930,-0.8550
26.299325129019454,-1.1832,-0.8407
26.32155617308456,-1.1735,-0.8264
26.343787217149664,-1.1640,-0.8122
26.36601826121477,-1.1547,-0.7981
26.388249305279874,-1.1455,-0.7841
26.41048034934498,-1.1364,-0.7702
26.432711393410084,-1.1275,-0.7565
26.45494243747519,-1.1188,-0.7428
26.477173481540294,-1.1102,-0.7292
26.4994045256054,-1.1017,-0.7157
26.521635569670504,-1.0934,-0.7023
26.54386661373561,-1.0853,-0.6890
26.566097657800718,-1.0773,-0.6757
26.588328701865823,-1.0694,-0.6626
26.610559745930928,-1.0617,-0.6495
26.632790789996033,-1.0541,-0.6366
26.655021834061138,-1.0467,-0.6237
26.677252878126243,-1.0394,-0.6109
26.699483922191348,-1.0322,-0.5981
26.721714966256453,-1.0252,-0.5855
26.743946010321558,-1.0183,-0.5729
26.766177054386663,-1.0116,-0.5604
26.788408098451768,-1.0050,-0.5480
26.810639142516873,-0.9985,-0.5356
26.832870186581978,-0.9922,-0.5234
26.855101230647083,-0.9860,-0.5111
26.877332274712188,-0.9799,-0.4990
26.899563318777293,-0.9740,-0.4869
26.9217943628424,-0.9682,-0.4749
26.944025406907507,-0.9625,-0.4629
26.96625645097261,-0.9569,-0.4511
26.988487495037717,-0.9515,-0.4392
27.01071853910282,-0.9462,-0.4274
27.032949583167927,-0.9410,-0.4157
27.05518062723303,-0.9360,-0.4041
27.077411671298137,-0.9311,-0.3925
27.09964271536324,-0.9263,-0.3809
27.121873759428347,-0.9216,-0.3694
27.144104803493452,-0.9171,-0.3580
27.166335847558557,-0.9127,-0.3466
27.188566891623662,-0.9084,-0.3352
27.210797935688767,-0.9042,-0.3239
27.233028979753872,-0.9002,-0.3127
27.255260023818977,-0.8962,-0.3014
27.277491067884082,-0.8924,-0.2903
27.29972211194919,-0.8887,-0.2791
27.321953156014295,-0.8852,-0.2681
27.3441842000794,-0.8817,-0.2570
27.366415244144505,-0.8784,-0.2460
27.38864628820961,-0.8752,-0.2350
27.410877332274715,-0.8721,-0.2241
27.43310837633982,-0.8691,-0.2132
27.455339420404925,-0.8663,-0.2023
27.47757046447003,-0.8635,-0.1914
27.499801508535135,-0.8609,-0.1806
27.52203255260024,-0.8584,-0.1698
27.544263596665346,-0.8560,-0.1591
27.56649464073045,-0.8537,-0.1483
27.588725684795556,-0.8516,-0.1376
27.61095672886066,-0.8495,-0.1269
27.633187772925766,-0.8476,-0.1162
27.655418816990874,-0.8458,-0.1056
27.67764986105598,-0.8441,-0.0950
27.699880905121084,-0.8425,-0.0844
27.72211194918619,-0.8410,-0.0738
27.744342993251294,-0.8397,-0.0632
27.7665740373164,-0.8384,-0.0526
27.788805081381504,-0.8373,-0.0421
27.81103612544661,-0.8363,-0.0315
27.833267169511714,-0.8354,-0.0210
27.85549821357682,-0.8346,-0.0105
27.877729257641924,-0.8339,0.0000
27.89996030170703,-0.8333,0.0105
27.922191345772134,-0.8329,0.0210
27.94442238983724,-0.8326,0.0315
27.966653433902344,-0.8323,0.0420
27.98888447796745,-0.8322,0.0525
28.011115522032558,-0.8322,0.0630
28.033346566097663,-0.8323,0.0735
28.055577610162768,-0.8326,0.0839
28.077808654227873,-0.8329,0.0944
28.100039698292978,-0.8333,0.1049
28.122270742358083,-0.8339,0.1154
28.144501786423188,-0.8346,0.1259
28.166732830488293,-0.8354,0.1365
28.188963874553398,-0.8363,0.1470
28.211194918618503,-0.8373,0.1575
28.233425962683608,-0.8384,0.1681
28.255657006748713,-0.8397,0.1786
28.277888050813818,-0.8410,0.1892
28.300119094878923,-0.8425,0.1998
28.322350138944028,-0.8441,0.2104
28.344581183009133,-0.8458,0.2211
28.36681222707424,-0.8476,0.2317
28.389043271139347,-0.8495,0.2424
28.41127431520445,-0.8516,0.2531
28.433505359269557,-0.8537,0.2638
28.45573640333466,-0.8560,0.2745
28.477967447399767,-0.8584,0.2853
28.50019849146487,-0.8609,0.2961
28.522429535529977,-0.8635,0.3069
28.54466057959508,-0.8663,0.3177
28.566891623660187,-0.8691,0.3286
28.58912266772529,-0.8721,0.3395
28.611353711790397,-0.8752,0.3505
28.6335847558555,-0.8784,0.3614
28.655815799920607,-0.8817,0.3725
28.678046843985708,-0.8852,0.3835
28.700277888050813,-0.8887,0.3946
28.722508932115918,-0.8924,0.4057
28.744739976181027,-0.8962,0.4169
28.76697102024613,-0.9002,0.4281
28.789202064311237,-0.9042,0.4394
28.81143310837634,-0.9084,0.4507
28.833664152441447,-0.9127,0.4620
28.85589519650655,-0.9171,0.4734
28.878126240571657,-0.9216,0.4849
28.900357284636762,-0.9263,0.4964
28.922588328701867,-0.9311,0.5079
28.944819372766972,-0.9360,0.5195
28.967050416832077,-0.9410,0.5312
28.989281460897182,-0.9462,0.5429
29.011512504962287,-0.9515,0.5547
29.033743549027392,-0.9569,0.5665
29.055974593092497,-0.9625,0.5784
29.078205637157602,-0.9682,0.5903
29.10043668122271,-0.9740,0.6024
29.122667725287815,-0.9799,0.6144
29.14489876935292,-0.9860,0.6266
29.167129813418025,-0.9922,0.6388
29.18936085748313,-0.9985,0.6511
29.211591901548235,-1.0050,0.6634
29.23382294561334,-1.0116,0.6759
29.256053989678446,-1.0183,0.6884
29.27828503374355,-1.0252,0.7009
29.300516077808656,-1.0322,0.7136
29.32274712187376,-1.0394,0.7263
29.344978165938866,-1.0467,0.7391
29.36720921000397,-1.0541,0.7520
29.389440254069076,-1.0617,0.7650
29.41167129813418,-1.0694,0.7780
29.433902342199286,-1.0773,0.7912
29.456133386264394,-1.0853,0.8044
29.4783644303295,-1.0934,0.8177
29.500595474394604,-1.1017,0.8311
29.52282651845971,-1.1102,0.8446
29.545057562524814,-1.1188,0.8582
29.56728860658992,-1.1275,0.8719
29.589519650655024,-1.1364,0.8857
29.61175069472013,-1.1455,0.8996
29.633981738785234,-1.1547,0.9135
29.65621278285034,-1.1640,0.9276
29.678443826915444,-1.1735,0.9418
29.70067487098055,-1.1832,0.9561
29.722905915045654,-1.1930,0.9705
29.74513695911076,-1.2030,0.9850
29.767368003175864,-1.2131,0.9996
29.78959904724097,-1.2234,1.0143
29.811830091306074,-1.2339,1.0292
29.83406113537118,-1.2445,1.0441
29.856292179436284,-1.2553,1.0592
29.87852322350139,-1.2663,1.0744
29.900754267566494,-1.2774,1.0897
29.9229853116316,-1.2887,1.1051
29.945216355696704,-1.3001,1.1207
29.96744739976181,-1.3118,1.1364
29.989678443826914,-1.3236,1.1522
30.011909487892027,-1.3344,1.1666
30.03414053195713,-1.3440,1.1793
30.056371576022237,-1.3534,1.1919
30.07860262008734,-1.3629,1.2046
30.100833664152447,-1.3722,1.2171
30.12306470821755,-1.3816,1.2296
30.145295752282657,-1.3908,1.2420
30.16752679634776,-1.4000,1.2544
30.189757840412867,-1.4091,1.2667
30.21198888447797,-1.4182,1.2790
30.234219928543077,-1.4272,1.2912
30.25645097260818,-1.4361,1.3033
30.278682016673287,-1.4450,1.3154
30.30091306073839,-1.4538,1.3274
30.323144104803497,-1.4626,1.3393
30.3453751488686,-1.4712,1.3512
30.367606192933707,-1.4799,1.3630
30.38983723699881,-1.4884,1.3747
30.412068281063917,-1.4969,1.3864
30.43429932512902,-1.5053,1.3980
30.456530369194127,-1.5137,1.4096
30.47876141325923,-1.5220,1.4211
30.500992457324337,-1.5302,1.4325
30.52322350138944,-1.5383,1.4438
30.545454545454547,-1.5464,1.4551
30.56768558951965,-1.5544,1.4663
30.589916633584757,-1.5624,1.4774
30.612147677649862,-1.5703,1.4885
30.634378721714967,-1.5781,1.4995
30.656609765780072,-1.5858,1.5104
30.678840809845177,-1.5935,1.5212
30.701071853910282,-1.6011,1.5320
30.723302897975394,-1.6086,1.5427
30.7455339420405,-1.6161,1.5533
30.767764986105604,-1.6235,1.5639
30.78999603017071,-1.6308,1.5743
30.812227074235814,-1.6380,1.5847
30.83445811830092,-1.6452,1.5951
30.856689162366024,-1.6523,1.6053
30.87892020643113,-1.6593,1.6155
30.901151250496234,-1.6663,1.6255
30.92338229456134,-1.6732,1.6356
30.945613338626444,-1.6800,1.6455
30.96784438269155,-1.6867,1.6553
30.990075426756654,-1.6934,1.6651
31.01230647082176,-1.7000,1.6748
31.034537514886864,-1.7065,1.6844
31.05676855895197,-1.7129,1.6939
31.078999603017074,-1.7193,1.7034
31.10123064708218,-1.7256,1.7127
31.123461691147284,-1.7318,1.7220
31.14569273521239,-1.7379,1.7312
31.167923779277494,-1.7440,1.7403
31.1901548233426,-1.7500,1.7493
31.212385867407704,-1.7559,1.7583
31.23461691147281,-1.7617,1.7671
31.256847955537914,-1.7674,1.7759
31.27907899960302,-1.7731,1.7846
31.301310043668124,-1.7787,1.7932
31.32354108773323,-1.7842,1.8017
31.345772131798334,-1.7897,1.8101
31.36800317586344,-1.7950,1.8185
31.390234219928544,-1.8003,1.8267
31.41246526399365,-1.8055,1.8349
31.434696308058754,-1.8106,1.8429
31.456927352123863,-1.8157,1.8509
31.479158396188968,-1.8207,1.8588
31.501389440254073,-1.8255,1.8666
31.523620484319178,-1.8303,1.8743
31.545851528384283,-1.8351,1.8819
31.568082572449388,-1.8397,1.8895
31.590313616514493,-1.8443,1.8969
31.612544660579598,-1.8488,1.9042
31.634775704644703,-1.8532,1.9115
31.657006748709808,-1.8575,1.9186
31.679237792774913,-1.8617,1.9257
31.701468836840018,-1.8659,1.9327
31.723699880905123,-1.8700,1.9396
31.745930924970228,-1.8740,1.9463
31.768161969035333,-1.8779,1.9530
31.790393013100438,-1.8817,1.9596
31.812624057165543,-1.8854,1.9661
31.834855101230648,-1.8891,1.9725
31.857086145295753,-1.8927,1.9788
31.879317189360858,-1.8962,1.9850
31.901548233425963,-1.8996,1.9911
31.923779277491068,-1.9029,1.9972
31.946010321556173,-1.9062,2.0031
31.968241365621278,-1.9094,2.0089
31.990472409686383,-1.9124,2.0146
32.01270345375149,-1.9154,2.0202
32.03493449781659,-1.9184,2.0258
32.0571655418817,-1.9212,2.0312
32.0793965859468,-1.9239,2.0365
32.10162763001191,-1.9266,2.0418
32.12385867407701,-1.9292,2.0469
32.14608971814212,-1.9317,2.0519
32.16832076220723,-1.9341,2.0569
32.19055180627234,-1.9364,2.0617
32.21278285033744,-1.9387,2.0664
32.23501389440255,-1.9408,2.0710
32.25724493846765,-1.9429,2.0756
32.27947598253276,-1.9449,2.0800
32.30170702659786,-1.9468,2.0843
32.32393807066297,-1.9486,2.0886
32.34616911472807,-1.9503,2.0927
32.36840015879318,-1.9520,2.0967
32.39063120285828,-1.9535,2.1006
32.41286224692339,-1.9550,2.1044
32.43509329098849,-1.9564,2.1081
32.4573243350536,-1.9577,2.1118
32.4795553791187,-1.9589,2.1153
32.50178642318381,-1.9600,2.1187
32.52401746724891,-1.9611,2.1220
32.54624851131402,-1.9620,2.1252
32.56847955537912,-1.9629,2.1283
32.59071059944423,-1.9637,2.1312
32.61294164350933,-1.9644,2.1341
32.63517268757444,-1.9650,2.1369
32.65740373163954,-1.9655,2.1396
32.67963477570465,-1.9660,2.1422
32.70186581976975,-1.9663,2.1446
32.72409686383486,-1.9666,2.1470
32.74632790789996,-1.9668,2.1493
32.76855895196507,-1.9669,2.1514
32.79078999603017,-1.9669,2.1535
32.81302104009528,-1.9668,2.1554
32.83525208416038,-1.9667,2.1572
32.85748312822549,-1.9664,2.1590
32.87971417229059,-1.9661,2.1606
32.901945216355706,-1.9657,2.1621
32.92417626042081,-1.9652,2.1636
32.94640730448591,-1.9646,2.1649
32.96863834855102,-1.9639,2.1661
32.99086939261612,-1.9632,2.1672
33.01310043668123,-1.9623,2.1682
33.03533148074633,-1.9614,2.1691
33.05756252481144,-1.9604,2.1698
33.07979356887654,-1.9593,2.1705
33.10202461294165,-1.9581,2.1711
33.12425565700675,-1.9568,2.1716
33.14648670107186,-1.9555,2.1719
33.16871774513696,-1.9540,2.1722
33.19094878920207,-1.9525,2.1723
33.21317983326717,-1.9509,2.1724
33.23541087733228,-1.9492,2.1723
33.25764192139738,-1.9474,2.1721
33.27987296546249,-1.9455,2.1719
33.30210400952759,-1.9435,2.1715
33.3243350535927,-1.9415,2.1710
33.3465660976578,-1.9394,2.1704
33.36879714172291,-1.9372,2.1697
33.39102818578801,-1.9349,2.1689
33.41325922985312,-1.9325,2.1680
33.43549027391822,-1.9300,2.1670
33.45772131798333,-1.9275,2.1658
33.47995236204843,-1.9248,2.1646
33.50218340611354,-1.9221,2.1633
33.52441445017864,-1.9193,2.1618
33.54664549424375,-1.9164,2.1603
33.56887653830885,-1.9134,2.1586
33.59110758237396,-1.9104,2.1569
33.61333862643907,-1.9072,2.1550
33.635569670504175,-1.9040,2.1531
33.65780071456928,-1.9007,2.1510
33.680031758634385,-1.8973,2.1488
33.70226280269949,-1.8939,2.1465
33.724493846764595,-1.8903,2.1441
33.7467248908297,-1.8867,2.1417
33.768955934894805,-1.8829,2.1391
33.79118697895991,-1.8791,2.1364
33.813418023025015,-1.8753,2.1336
33.83564906709012,-1.8713,2.1307
33.857880111155225,-1.8672,2.1276
33.88011115522033,-1.8631,2.1245
33.902342199285435,-1.8589,2.1213
33.92457324335054,-1.8546,2.1180
33.946804287415645,-1.8502,2.1146
33.96903533148075,-1.8458,2.1110
33.991266375545855,-1.8412,2.1074
34.01349741961096,-1.8366,2.1037
34.035728463676065,-1.8319,2.0998
34.05795950774117,-1.8271,2.0959
34.080190551806275,-1.8223,2.0918
34.10242159587138,-1.8173,2.0877
34.124652639936485,-1.8123,2.0835
34.14688368400159,-1.8072,2.0791
34.169114728066695,-1.8020,2.0747
34.1913457721318,-1.7968,2.0701
34.213576816196905,-1.7914,2.0655
34.23580786026201,-1.7860,2.0607
34.258038904327115,-1.7805,2.0559
34.28026994839222,-1.7750,2.0509
34.302500992457325,-1.7693,2.0459
34.32473203652243,-1.7636,2.0407
34.34696308058754,-1.7578,2.0355
34.369194124652644,-1.7519,2.0301
34.39142516871775,-1.7460,2.0247
34.413656212782854,-1.7399,2.0191
34.43588725684796,-1.7338,2.0135
34.458118300913064,-1.7276,2.0077
34.48034934497817,-1.7214,2.0019
34.502580389043274,-1.7150,1.9960
34.52481143310838,-1.7086,1.9899
34.547042477173484,-1.7021,1.9838
34.56927352123859,-1.6956,1.9776
34.591504565303694,-1.6889,1.9712
34.6137356093688,-1.6822,1.9648
34.635966653433904,-1.6754,1.9583
34.65819769749901,-1.6686,1.9517
34.680428741564114,-1.6616,1.9450
34.70265978562922,-1.6546,1.9382
34.724890829694324,-1.6476,1.9313
34.74712187375943,-1.6404,1.9243
34.769352917824534,-1.6332,1.9172
34.79158396188964,-1.6259,1.9100
34.813815005954744,-1.6185,1.9028
34.83604605001985,-1.6111,1.8954
34.858277094084954,-1.6036,1.8879
34.88050813815006,-1.5960,1.8804
34.902739182215164,-1.5884,1.8728
34.92497022628027,-1.5806,1.8650
34.947201270345374,-1.5728,1.8572
34.96943231441048,-1.5650,1.8493
34.991663358475584,-1.5571,1.8413
35.01389440254069,-1.5491,1.8332
35.036125446605794,-1.5410,1.8250
35.05835649067091,-1.5329,1.8168
35.08058753473601,-1.5247,1.8084
35.10281857880112,-1.5164,1.8000
35.12504962286622,-1.5081,1.7915
35.14728066693133,-1.4997,1.7828
35.16951171099643,-1.4912,1.7741
35.19174275506154,-1.4827,1.7654
35.21397379912664,-1.4741,1.7565
35.23620484319175,-1.4654,1.7475
35.25843588725685,-1.4567,1.7385
35.28066693132196,-1.4479,1.7294
35.30289797538706,-1.4391,1.7201
35.32512901945217,-1.4301,1.7108
35.34736006351727,-1.4212,1.7015
35.36959110758238,-1.4121,1.6920
35.39182215164748,-1.4030,1.6825
35.41405319571259,-1.3938,1.6728
35.43628423977769,-1.3846,1.6631
35.4585152838428,-1.3753,1.6534
35.4807463279079,-1.3660,1.6435
35.50297737197301,-1.3566,1.6335
35.52520841603811,-1.3471,1.6235
35.54743946010322,-1.3376,1.6134
35.56967050416832,-1.3280,1.6032
35.59190154823343,-1.3183,1.5930
35.61413259229853,-1.3086,1.5826
35.63636363636364,-1.2988,1.5722
35.65859468042874,-1.2890,1.5617
35.68082572449385,-1.2791,1.5512
35.70305676855895,-1.2692,1.5405
35.72528781262406,-1.2592,1.5298
35.74751885668916,-1.2492,1.5191
35.76974990075427,-1.2391,1.5082
35.79198094481938,-1.2289,1.4973
35.81421198888449,-1.2187,1.4863
35.83644303294959,-1.2084,1.4752
35.8586740770147,-1.1981,1.4640
35.8809051210798,-1.1877,1.4528
35.90313616514491,-1.1773,1.4415
35.92536720921001,-1.1668,1.4302
35.94759825327512,-1.1563,1.4188
35.96982929734022,-1.1457,1.4073
35.99206034140533,-1.1351,1.3957
36.01429138547043,-1.1231,1.3826
36.03652242953554,-1.1099,1.3683
36.05875347360064,-1.0968,1.3541
36.08098451766575,-1.0839,1.3400
36.10321556173085,-1.0712,1.3262
36.12544660579595,-1.0586,1.3124
36.14767764986106,-1.0461,1.2988
36.16990869392616,-1.0338,1.2854
36.19213973799127,-1.0217,1.2721
36.21437078205637,-1.0096,1.2589
36.23660182612148,-0.9977,1.2459
36.25883287018658,-0.9859,1.2330
36.28106391425169,-0.9743,1.2203
36.30329495831679,-0.9628,1.2077
36.3255260023819,-0.9514,1.1953
36.347757046447,-0.9401,1.1829
36.36998809051211,-0.9290,1.1708
36.39221913457721,-0.9180,1.1587
36.41445017864232,-0.9071,1.1468
36.43668122270742,-0.8964,1.1350
36.45891226677253,-0.8858,1.1233
36.48114331083763,-0.8752,1.1118
36.503374354902746,-0.8648,1.1003
36.52560539896785,-0.8546,1.0891
36.547836443032956,-0.8444,1.0779
36.57006748709806,-0.8344,1.0668
36.592298531163166,-0.8244,1.0559
36.61452957522827,-0.8146,1.0451
36.636760619293376,-0.8049,1.0344
36.65899166335848,-0.7953,1.0238
36.681222707423586,-0.7858,1.0133
36.70345375148869,-0.7764,1.0030
36.725684795553796,-0.7671,0.9928
36.7479158396189,-0.7579,0.9826
36.770146883684006,-0.7489,0.9726
36.79237792774911,-0.7399,0.9627
36.814608971814216,-0.7310,0.9529
36.83684001587932,-0.7222,0.9432
36.85907105994443,-0.7136,0.9336
36.88130210400953,-0.7050,0.9241
36.90353314807464,-0.6965,0.9147
36.92576419213974,-0.6881,0.9055
36.94799523620485,-0.6798,0.8963
36.97022628026995,-0.6716,0.8872
36.99245732433506,-0.6635,0.8782
37.01468836840016,-0.6555,0.8693
37.03691941246527,-0.6476,0.8605
37.05915045653037,-0.6397,0.8518
37.08138150059548,-0.6320,0.8432
37.10361254466058,-0.6243,0.8347
37.12584358872569,-0.6168,0.8263
37.14807463279079,-0.6093,0.8180
37.1703056768559,-0.6019,0.8097
37.192536720921,-0.5945,0.8016
37.21476776498611,-0.5873,0.7935
37.236998809051215,-0.5802,0.7856
37.259229853116324,-0.5731,0.7777
37.281460897181425,-0.5661,0.7699
37.303691941246534,-0.5592,0.7622
37.325922985311635,-0.5523,0.7545
37.348154029376744,-0.5456,0.7470
37.370385073441845,-0.5389,0.7395
37.392616117506954,-0.5323,0.7321
37.414847161572055,-0.5257,0.7248
37.437078205637164,-0.5192,0.7176
37.459309249702265,-0.5129,0.7105
37.481540293767374,-0.5065,0.7034
37.503771337832475,-0.5003,0.6964
37.526002381897584,-0.4941,0.6895
37.548233425962685,-0.4880,0.6826
37.570464470027794,-0.4820,0.6759
37.592695514092895,-0.4760,0.6692
37.614926558158004,-0.4701,0.6625
37.637157602223105,-0.4642,0.6560
37.659388646288214,-0.4585,0.6495
37.681619690353315,-0.4528,0.6431
37.703850734418424,-0.4471,0.6368
37.726081778483525,-0.4415,0.6305
37.748312822548634,-0.4360,0.6243
37.770543866613735,-0.4306,0.6182
37.792774910678844,-0.4252,0.6121
37.815005954743945,-0.4198,0.6061
37.837236998809054,-0.4146,0.6001
37.859468042874155,-0.4093,0.5943
37.881699086939264,-0.4042,0.5884
37.903930131004365,-0.3991,0.5827
37.926161175069474,-0.3940,0.5770
37.94839221913458,-0.3891,0.5714
37.97062326319969,-0.3841,0.5658
37.99285430726479,-0.3793,0.5603
38.0150853513299,-0.3744,0.5549
38.037316395395,-0.3697,0.5495
38.05954743946011,-0.3650,0.5442
38.08177848352521,-0.3603,0.5389
38.10400952759032,-0.3557,0.5337
38.12624057165542,-0.3512,0.5285
38.14847161572053,-0.3467,0.5234
38.17070265978563,-0.3422,0.5184
38.19293370385074,-0.3378,0.5134
38.21516474791584,-0.3334,0.5085
38.23739579198095,-0.3291,0.5036
38.25962683604605,-0.3249,0.4987
38.28185788011116,-0.3207,0.4940
38.30408892417626,-0.3165,0.4892
38.32631996824137,-0.3124,0.4846
38.34855101230647,-0.3083,0.4799
38.37078205637158,-0.3043,0.4754
38.39301310043668,-0.3004,0.4708
38.41524414450179,-0.2964,0.4664
38.43747518856689,-0.2925,0.4619
38.459706232632,-0.2887,0.4576
38.4819372766971,-0.2849,0.4532
38.50416832076221,-0.2811,0.4490
38.52639936482731,-0.2774,0.4447
38.54863040889242,-0.2738,0.4405
38.57086145295752,-0.2701,0.4364
38.59309249702263,-0.2665,0.4323
38.61532354108773,-0.2630,0.4282
38.63755458515284,-0.2595,0.4242
38.65978562921794,-0.2560,0.4202
38.68201667328306,-0.2526,0.4163
38.70424771734816,-0.2492,0.4124
38.72647876141327,-0.2458,0.4086
38.74870980547837,-0.2425,0.4048
38.77094084954348,-0.2392,0.4010
38.79317189360858,-0.2360,0.3973
38.81540293767369,-0.2328,0.3936
38.83763398173879,-0.2296,0.3900
38.8598650258039,-0.2265,0.3864
38.882096069869,-0.2234,0.3828
38.90432711393411,-0.2203,0.3793
38.92655815799921,-0.2173,0.3758
38.94878920206432,-0.2143,0.3724
38.97102024612942,-0.2113,0.3690
38.99325129019453,-0.2084,0.3656
39.01548233425963,-0.2055,0.3623
39.03771337832474,-0.2026,0.3590
39.05994442238984,-0.1998,0.3557
39.08217546645495,-0.1970,0.3525
39.10440651052005,-0.1942,0.3493
39.12663755458516,-0.1915,0.3461
39.14886859865026,-0.1888,0.3430
39.17109964271537,-0.1861,0.3399
39.19333068678047,-0.1835,0.3369
39.21556173084558,-0.1808,0.3338
39.23779277491068,-0.1783,0.3308
39.26002381897579,-0.1757,0.3279
39.28225486304089,-0.1732,0.3250
39.30448590710599,-0.1707,0.3221
39.3267169511711,-0.1682,0.3192
39.3489479952362,-0.1658,0.3164
39.37117903930131,-0.1633,0.3136
39.39341008336642,-0.1609,0.3108
39.41564112743153,-0.1586,0.3080
39.43787217149663,-0.1562,0.3053
39.46010321556174,-0.1539,0.3027
39.48233425962684,-0.1517,0.3000
39.50456530369195,-0.1494,0.2974
39.52679634775705,-0.1472,0.2948
39.54902739182216,-0.1450,0.2922
39.57125843588726,-0.1428,0.2897
39.59348947995237,-0.1406,0.2872
39.61572052401747,-0.1385,0.2847
39.63795156808258,-0.1364,0.2822
39.66018261214768,-0.1343,0.2798
39.68241365621279,-0.1322,0.2774
39.70464470027789,-0.1302,0.2750
39.726875744343,-0.1282,0.2726
39.7491067884081,-0.1262,0.2703
39.77133783247321,-0.1242,0.2680
39.79356887653831,-0.1223,0.2657
39.81579992060342,-0.1203,0.2635
39.83803096466852,-0.1184,0.2613
39.86026200873363,-0.1165,0.2591
39.88249305279873,-0.1147,0.2569
39.90472409686384,-0.1128,0.2547
39.92695514092894,-0.1110,0.2526
39.94918618499405,-0.1092,0.2505
39.97141722905915,-0.1074,0.2484
39.99364827312426,-0.1057,0.2463
40.01587931718936,-0.1039,0.2443
40.03811036125447,-0.1022,0.2423
40.06034140531957,-0.1005,0.2403
40.08257244938468,-0.0988,0.2383
40.10480349344978,-0.0972,0.2363
40.127034537514895,-0.0955,0.2344
40.149265581579996,-0.0939,0.2325
40.171496625645105,-0.0923,0.2306
40.193727669710206,-0.0907,0.2287
40.215958713775315,-0.0891,0.2269
40.238189757840416,-0.0876,0.2250
40.260420801905525,-0.0860,0.2232
40.282651845970626,-0.0845,0.2214
40.304882890035735,-0.0830,0.2196
40.327113934100836,-0.0815,0.2179
40.349344978165945,-0.0800,0.2162
40.37157602223105,-0.0786,0.2144
40.393807066296155,-0.0771,0.2127
40.41603811036126,-0.0757,0.2111
40.438269154426365,-0.0743,0.2094
40.46050019849147,-0.0729,0.2078
40.482731242556575,-0.0716,0.2061
40.50496228662168,-0.0702,0.2045
40.527193330686785,-0.0689,0.2029
40.54942437475189,-0.0675,0.2014
40.571655418816995,-0.0662,0.1998
40.5938864628821,-0.0649,0.1983
40.616117506947205,-0.0636,0.1967
40.63834855101231,-0.0624,0.1952
40.660579595077415,-0.0611,0.1938
40.68281063914252,-0.0599,0.1923
40.705041683207625,-0.0587,0.1908
40.72727272727273,-0.0574,0.1894
40.749503771337835,-0.0562,0.1880
40.77173481540294,-0.0551,0.1865
40.793965859468045,-0.0539,0.1851
40.81619690353315,-0.0527,0.1838
40.83842794759826,-0.0516,0.1824
40.860658991663364,-0.0504,0.1811
40.88289003572847,-0.0493,0.1797
40.905121079793574,-0.0482,0.1784
40.92735212385868,-0.0471,0.1771
40.949583167923784,-0.0460,0.1758
40.97181421198889,-0.0450,0.1745
40.994045256053994,-0.0439,0.1732
41.0162763001191,-0.0429,0.1720
41.038507344184204,-0.0418,0.1708
41.06073838824931,-0.0408,0.1695
41.082969432314414,-0.0398,0.1683
41.10520047637952,-0.0388,0.1671
41.127431520444624,-0.0378,0.1659
41.14966256450973,-0.0368,0.1648
41.171893608574834,-0.0359,0.1636
41.19412465263994,-0.0349,0.1625
41.216355696705044,-0.0340,0.1613
41.23858674077015,-0.0330,0.1602
41.260817784835254,-0.0321,0.1591
41.28304882890036,-0.0312,0.1580
41.305279872965464,-0.0303,0.1569
41.32751091703057,-0.0294,0.1558
41.349741961095674,-0.0285,0.1548
41.37197300516078,-0.0276,0.1537
41.394204049225884,-0.0268,0.1527
41.41643509329099,-0.0259,0.1517
41.438666137356094,-0.0251,0.1506
41.4608971814212,-0.0242,0.1496
41.483128225486304,-0.0234,0.1486
41.50535926955141,-0.0226,0.1477
41.527590313616514,-0.0218,0.1467
41.54982135768162,-0.0210,0.1457
41.57205240174673,-0.0202,0.1448
41.59428344581184,-0.0194,0.1438
41.61651448987694,-0.0187,0.1429
41.63874553394205,-0.0179,0.1420
41.66097657800715,-0.0171,0.1410
41.68320762207226,-0.0164,0.1401
41.70543866613736,-0.0157,0.1393
41.72766971020247,-0.0149,0.1384
41.74990075426757,-0.0142,0.1375
41.77213179833268,-0.0135,0.1366
41.79436284239778,-0.0128,0.1358
41.81659388646289,-0.0121,0.1349
41.83882493052799,-0.0114,0.1341
41.8610559745931,-0.0107,0.1333
41.8832870186582,-0.0100,0.1325
41.90551806272331,-0.0094,0.1316
41.92774910678841,-0.0087,0.1308
41.94998015085352,-0.0081,0.1300
41.97221119491862,-0.0074,0.1293
41.99444223898373,-0.0068,0.1285
42.01667328304883,-0.0062,0.1277
42.03890432711394,-0.0055,0.1270
42.06113537117904,-0.0049,0.1262
42.08336641524415,-0.0043,0.1255
42.10559745930925,-0.0037,0.1247
42.12782850337436,-0.0031,0.1240
42.15005954743946,-0.0025,0.1233
42.17229059150457,-0.0020,0.1226
42.19452163556967,-0.0014,0.1219
42.21675267963478,-0.0008,0.1212
42.23898372369988,-0.0002,0.1205
42.26121476776499,0.0003,0.1198
42.2834458118301,0.0009,0.1191
42.3056768558952,0.0014,0.1185
42.32790789996031,0.0019,0.1178
42.35013894402541,0.0025,0.1172
42.37236998809052,0.0030,0.1165
42.39460103215562,0.0035,0.1159
42.41683207622073,0.0040,0.1153
42.43906312028583,0.0045,0.1146
42.46129416435094,0.0050,0.1140
42.48352520841604,0.0055,0.1134
42.50575625248115,0.0060,0.1128
42.52798729654625,0.0065,0.1122
42.55021834061136,0.0070,0.1116
42.57244938467646,0.0075,0.1110
42.59468042874157,0.0079,0.1105
42.61691147280667,0.0084,0.1099
42.63914251687178,0.0088,0.1093
42.66137356093688,0.0093,0.1088
42.68360460500199,0.0098,0.1082
42.70583564906709,0.0102,0.1077
42.7280666931322,0.0106,0.1071
42.7502977371973,0.0111,0.1066
42.77252878126241,0.0115,0.1061
42.79475982532751,0.0119,0.1055
42.81699086939262,0.0123,0.1050
42.83922191345772,0.0127,0.1045
42.86145295752283,0.0132,0.1040
42.88368400158793,0.0136,0.1035
42.90591504565304,0.0140,0.1030
42.92814608971814,0.0144,0.1025
42.95037713378325,0.0148,0.1020
42.97260817784835,0.0151,0.1015
42.99483922191346,0.0155,0.1011
43.01707026597857,0.0159,0.1006
43.039301310043676,0.0163,0.1001
43.06153235410878,0.0166,0.0997
43.083763398173886,0.0170,0.0992
43.10599444223899,0.0174,0.0988
43.128225486304096,0.0177,0.0983
43.1504565303692,0.0181,0.0979
43.172687574434306,0.0184,0.0975
43.19491861849941,0.0188,0.0970
43.217149662564516,0.0191,0.0966
43.23938070662962,0.0195,0.0962
43.261611750694726,0.0198,0.0958
43.28384279475983,0.0201,0.0954
43.306073838824936,0.0204,0.0949
43.32830488289004,0.0208,0.0945
43.350535926955146,0.0211,0.0941
43.37276697102025,0.0214,0.0937
43.394998015085356,0.0217,0.0934
43.41722905915046,0.0220,0.0930
43.439460103215566,0.0223,0.0926
43.46169114728067,0.0226,0.0922
43.483922191345776,0.0229,0.0918
43.50615323541088,0.0232,0.0915
43.528384279475986,0.0235,0.0911
43.55061532354109,0.0238,0.0907
43.572846367606196,0.0241,0.0904
43.5950774116713,0.0244,0.0900
43.617308455736406,0.0246,0.0897
43.63953949980151,0.0249,0.0893
43.661770543866616,0.0252,0.0890
43.68400158793172,0.0255,0.0887
43.706232631996826,0.0257,0.0883
43.728463676061935,0.0260,0.0880
43.75069472012704,0.0263,0.0877
43.772925764192145,0.0265,0.0873
43.79515680825725,0.0268,0.0870
43.817387852322355,0.0270,0.0867
43.839618896387464,0.0273,0.0864
43.861849940452565,0.0275,0.0861
43.884080984517674,0.0278,0.0858
43.906312028582775,0.0280,0.0855
43.928543072647884,0.0282,0.0852
43.950774116712985,0.0285,0.0849
43.973005160778094,0.0287,0.0846
43.995236204843195,0.0289,0.0843
44.017467248908304,0.0292,0.0840
44.039698292973405,0.0294,0.0837
44.061929337038514,0.0296,0.0834
44.084160381103615,0.0298,0.0831
44.106391425168724,0.0300,0.0829
44.128622469233825,0.0303,0.0826
44.150853513298934,0.0305,0.0823
44.173084557364035,0.0307,0.0821
44.195315601429144,0.0309,0.0818
44.217546645494245,0.0311,0.0815
44.239777689559354,0.0313,0.0813
44.262008733624455,0.0315,0.0810
44.284239777689564,0.0317,0.0808
44.306470821754665,0.0319,0.0805
44.328701865819774,0.0321,0.0803
44.350932909884875,0.0323,0.0800
44.373163953949984,0.0325,0.0798
44.395394998015085,0.0327,0.0796
44.417626042080194,0.0328,0.0793
44.439857086145295,0.0330,0.0791
44.46208813021041,0.0332,0.0788
44.48431917427551,0.0334,0.0786
44.50655021834062,0.0336,0.0784
44.52878126240572,0.0337,0.0782
44.55101230647083,0.0339,0.0779
44.57324335053593,0.0341,0.0777
44.59547439460104,0.0343,0.0775
44.61770543866614,0.0344,0.0773
44.63993648273125,0.0346,0.0771
44.66216752679635,0.0348,0.0769
44.68439857086146,0.0349,0.0767
44.70662961492656,0.0351,0.0765
44.72886065899167,0.0352,0.0763
44.75109170305677,0.0354,0.0761
44.77332274712188,0.0355,0.0759
44.79555379118698,0.0357,0.0757
44.81778483525209,0.0358,0.0755
44.84001587931719,0.0360,0.0753
44.8622469233823,0.0361,0.0751
44.8844779674474,0.0363,0.0749
44.90670901151251,0.0364,0.0747
44.92894005557761,0.0366,0.0745
44.95117109964272,0.0367,0.0743
44.97340214370782,0.0369,0.0742
44.99563318777293,0.0370,0.0740
45.01786423183803,0.0371,0.0738
45.04009527590314,0.0373,0.0736
45.06232631996824,0.0374,0.0735
45.08455736403335,0.0375,0.0733
45.10678840809845,0.0377,0.0731
45.12901945216356,0.0378,0.0730
45.15125049622866,0.0379,0.0728
45.17348154029377,0.0380,0.0726
45.19571258435888,0.0382,0.0725
45.21794362842398,0.0383,0.0723
45.24017467248909,0.0384,0.0722
45.26240571655419,0.0385,0.0720
45.2846367606193,0.0387,0.0718
45.3068678046844,0.0388,0.0717
45.32909884874951,0.0389,0.0715
45.35132989281461,0.0390,0.0714
45.37356093687972,0.0391,0.0712
45.39579198094482,0.0392,0.0711
45.41802302500993,0.0393,0.0709
45.44025406907503,0.0395,0.0708
45.46248511314014,0.0396,0.0707
45.48471615720524,0.0397,0.0705
45.50694720127035,0.0398,0.0704
45.52917824533545,0.0399,0.0702
45.55140928940056,0.0400,0.0701
45.57364033346566,0.0401,0.0700
45.59587137753077,0.0402,0.0698
45.61810242159587,0.0403,0.0697
45.64033346566098,0.0404,0.0696
45.66256450972608,0.0405,0.0695
45.68479555379119,0.0406,0.0693
45.70702659785629,0.0407,0.0692
45.7292576419214,0.0408,0.0691
45.7514886859865,0.0409,0.0690
45.77371973005161,0.0410,0.0688
45.79595077411671,0.0411,0.0687
45.81818181818182,0.0412,0.0686
45.84041286224692,0.0412,0.0685
45.86264390631203,0.0413,0.0684
45.88487495037713,0.0414,0.0682
45.90710599444225,0.0415,0.0681
45.92933703850735,0.0416,0.0680
45.95156808257246,0.0417,0.0679
45.97379912663756,0.0418,0.0678
45.99603017070267,0.0418,0.0677
46.01826121476777,0.0419,0.0676
46.04049225883288,0.0420,0.0675
46.06272330289798,0.0421,0.0674
46.08495434696309,0.0422,0.0673
46.10718539102819,0.0422,0.0672
46.1294164350933,0.0423,0.0671
46.1516474791584,0.0424,0.0670
46.17387852322351,0.0425,0.0669
46.19610956728861,0.0426,0.0668
46.21834061135372,0.0426,0.0667
46.24057165541882,0.0427,0.0666
46.26280269948393,0.0428,0.0665
46.28503374354903,0.0428,0.0664
46.30726478761414,0.0429,0.0663
46.32949583167924,0.0430,0.0662
46.35172687574435,0.0431,0.0661
46.37395791980945,0.0431,0.0660
46.39618896387456,0.0432,0.0659
46.41842000793966,0.0433,0.0658
46.44065105200477,0.0433,0.0657
46.46288209606987,0.0434,0.0657
46.48511314013498,0.0435,0.0656
46.50734418420008,0.0435,0.0655
46.52957522826519,0.0436,0.0654
46.55180627233029,0.0436,0.0653
46.5740373163954,0.0437,0.0652
46.5962683604605,0.0438,0.0651
46.618499404525615,0.0438,0.0651
46.640730448590716,0.0439,0.0650
46.662961492655825,0.0439,0.0649
46.685192536720926,0.0440,0.0648
46.707423580786035,0.0441,0.0648
46.729654624851136,0.0441,0.0647
46.751885668916245,0.0442,0.0646
46.774116712981346,0.0442,0.0645
46.796347757046455,0.0443,0.0645
46.818578801111556,0.0443,0.0644
46.840809845176665,0.0444,0.0643
46.863040889241766,0.0445,0.0642
46.885271933306875,0.0445,0.0642
46.907502977371976,0.0446,0.0641
46.929734021437085,0.0446,0.0640
46.951965065502186,0.0447,0.0640
46.974196109567295,0.0447,0.0639
46.996427153632396,0.0448,0.0638
47.018658197697505,0.0448,0.0638
47.040889241762606,0.0449,0.0637
47.063120285827715,0.0449,0.0636
47.085351329892816,0.0450,0.0636
47.107582373957925,0.0450,0.0635
47.129813418023026,0.0450,0.0634
47.152044462088135,0.0451,0.0634
47.174275506153236,0.0451,0.0633
47.196506550218345,0.0452,0.0633
47.218737594283446,0.0452,0.0632
47.240968638348555,0.0453,0.0631
47.263199682413656,0.0453,0.0631
47.285430726478765,0.0454,0.0630
47.30766177054387,0.0454,0.0630
47.329892814608975,0.0454,0.0629
47.352123858674084,0.0455,0.0629
47.37435490273919,0.0455,0.0628
47.396585946804294,0.0456,0.0627
47.4188169908694,0.0456,0.0627
47.441048034934504,0.0456,0.0626
47.46327907899961,0.0457,0.0626
47.485510123064714,0.0457,0.0625
47.50774116712982,0.0458,0.0625
47.529972211194924,0.0458,0.0624
47.55220325526003,0.0458,0.0624
47.574434299325134,0.0459,0.0623
47.59666534339024,0.0459,0.0623
47.618896387455344,0.0460,0.0622
47.64112743152045,0.0460,0.0622
47.663358475585554,0.0460,0.0621
47.68558951965066,0.0461,0.0621
47.707820563715764,0.0461,0.0620
47.73005160778087,0.0461,0.0620
47.752282651845974,0.0462,0.0619
47.77451369591108,0.0462,0.0619
47.796744739976184,0.0462,0.0618
47.81897578404129,0.0463,0.0618
47.841206828106394,0.0463,0.0618
47.8634378721715,0.0463,0.0617
47.885668916236604,0.0464,0.0617
47.90789996030171,0.0464,0.0616
47.930131004366814,0.0464,0.0616
47.95236204843192,0.0465,0.0615
47.974593092497024,0.0465,0.0615
47.99682413656213,0.0465,0.0615
48.019055180627234,0.0465,0.0614
48.04128622469234,0.0466,0.0614
48.06351726875745,0.0466,0.0613
48.08574831282255,0.0466,0.0613
48.10797935688766,0.0467,0.0613
48.13021040095276,0.0467,0.0612
48.15244144501787,0.0467,0.0612
48.17467248908297,0.0467,0.0611
48.19690353314808,0.0468,0.0611
48.21913457721318,0.0468,0.0611
48.24136562127829,0.0468,0.0610
48.26359666534339,0.0468,0.0610
48.2858277094085,0.0469,0.0610
48.3080587534736,0.0469,0.0609
48.33028979753871,0.0469,0.0609
48.35252084160381,0.0469,0.0609
48.37475188566892,0.0470,0.0608
48.39698292973402,0.0470,0.0608
48.41921397379913,0.0470,0.0608
48.44144501786423,0.0470,0.0607
48.46367606192934,0.0471,0.0607
48.48590710599444,0.0471,0.0607
48.50813815005955,0.0471,0.0606
48.53036919412465,0.0471,0.0606
48.55260023818976,0.0472,0.0606
48.57483128225486,0.0472,0.0605
48.59706232631997,0.0472,0.0605
48.61929337038507,0.0472,0.0605
48.64152441445018,0.0472,0.0604
48.66375545851528,0.0473,0.0604
48.68598650258039,0.0473,0.0604
48.70821754664549,0.0473,0.0604
48.7304485907106,0.0473,0.0603
48.7526796347757,0.0474,0.0603
48.77491067884081,0.0474,0.0603
48.79714172290592,0.0474,0.0602
48.81937276697103,0.0474,0.0602
48.84160381103613,0.0474,0.0602
48.86383485510124,0.0475,0.0602
48.88606589916634,0.0475,0.0601
48.90829694323145,0.0475,0.0601
48.93052798729655,0.0475,0.0601
48.95275903136166,0.0475,0.0601
48.97499007542676,0.0475,0.0600
48.99722111949187,0.0476,0.0600
49.01945216355697,0.0476,0.0600
49.04168320762208,0.0476,0.0600
49.06391425168718,0.0476,0.0599
49.08614529575229,0.0476,0.0599
49.10837633981739,0.0477,0.0599
49.1306073838825,0.0477,0.0599
49.1528384279476,0.0477,0.0598
49.17506947201271,0.0477,0.0598
49.19730051607781,0.0477,0.0598
49.21953156014292,0.0477,0.0598
49.24176260420802,0.0478,0.0598
49.26399364827313,0.0478,0.0597
49.28622469233823,0.0478,0.0597
49.30845573640334,0.0478,0.0597
49.33068678046844,0.0478,0.0597
49.35291782453355,0.0478,0.0596
49.37514886859865,0.0478,0.0596
49.39737991266376,0.0479,0.0596
49.41961095672886,0.0479,0.0596
49.44184200079397,0.0479,0.0596
49.46407304485907,0.0479,0.0595
49.48630408892418,0.0479,0.0595
49.50853513298929,0.0479,0.0595
49.530766177054396,0.0479,0.0595
49.5529972211195,0.0480,0.0595
49.575228265184606,0.0480,0.0594
49.59745930924971,0.0480,0.0594
49.619690353314816,0.0480,0.0594
49.64192139737992,0.0480,0.0594
49.664152441445026,0.0480,0.0594
49.68638348551013,0.0480,0.0594
49.708614529575236,0.0480,0.0593
49.73084557364034,0.0481,0.0593
49.753076617705446,0.0481,0.0593
49.77530766177055,0.0481,0.0593
49.797538705835656,0.0481,0.0593
49.81976974990076,0.0481,0.0593
49.842000793965866,0.0481,0.0592
49.86423183803097,0.0481,0.0592
49.886462882096076,0.0481,0.0592
49.90869392616118,0.0482,0.0592
49.930924970226286,0.0482,0.0592
49.95315601429139,0.0482,0.0592
49.975387058356496,0.0482,0.0591
49.9976181024216,0.0482,0.0591
50.019849146486706,0.0482,0.0591
50.04208019055181,0.0482,0.0591
50.064311234616916,0.0482,0.0591
50.08654227868202,0.0482,0.0591
50.108773322747126,0.0483,0.0590
50.13100436681223,0.0483,0.0590
50.153235410877336,0.0483,0.0590
50.17546645494244,0.0483,0.0590
50.197697499007546,0.0483,0.0590
50.21992854307265,0.0483,0.0590
50.24215958713776,0.0483,0.0590
50.264390631202865,0.0483,0.0590
50.28662167526797,0.0483,0.0589
50.308852719333075,0.0483,0.0589
50.33108376339818,0.0483,0.0589
50.353314807463285,0.0484,0.0589
50.37554585152839,0.0484,0.0589
50.397776895593495,0.0484,0.0589
50.4200079396586,0.0484,0.0589
50.442238983723705,0.0484,0.0588
50.46447002778881,0.0484,0.0588
50.486701071853915,0.0484,0.0588
50.50893211591902,0.0484,0.0588
50.531163159984125,0.0484,0.0588
50.55339420404923,0.0484,0.0588
50.575625248114335,0.0484,0.0588
50.59785629217944,0.0485,0.0588
50.620087336244545,0.0485,0.0588
50.64231838030965,0.0485,0.0587
50.664549424374755,0.0485,0.0587
50.68678046843986,0.0485,0.0587
50.709011512504965,0.0485,0.0587
50.73124255657007,0.0485,0.0587
50.753473600635175,0.0485,0.0587
50.77570464470028,0.0485,0.0587
50.797935688765385,0.0485,0.0587
50.820166732830494,0.0485,0.0587
50.842397776895595,0.0485,0.0586
50.864628820960704,0.0485,0.0586
50.886859865025805,0.0485,0.0586
50.909090909090914,0.0486,0.0586
50.931321953156015,0.0486,0.0586
50.95355299722113,0.0486,0.0586
50.97578404128623,0.0486,0.0586
50.99801508535134,0.0486,0.0586
51.02024612941644,0.0486,0.0586
51.042477173481544,0.0486,0.0586
51.06470821754665,0.0486,0.0585
51.086939261611754,0.0486,0.0585
51.10917030567686,0.0486,0.0585
51.131401349741964,0.0486,0.0585
51.15363239380707,0.0486,0.0585
51.175863437872174,0.0486,0.0585
51.19809448193728,0.0486,0.0585
51.220325526002384,0.0486,0.0585
51.24255657006749,0.0486,0.0585
51.264787614132594,0.0487,0.0585
51.2870186581977,0.0487,0.0585
51.309249702262804,0.0487,0.0585
51.33148074632791,0.0487,0.0584
51.353711790393014,0.0487,0.0584
51.37594283445812,0.0487,0.0584
51.398173878523224,0.0487,0.0584
51.42040492258833,0.0487,0.0584
51.442635966653434,0.0487,0.0584
51.46486701071854,0.0487,0.0584
51.487098054783644,0.0487,0.0584
51.50932909884875,0.0487,0.0584
51.531560142913854,0.0487,0.0584
51.55379118697896,0.0487,0.0584
51.576022231044064,0.0487,0.0584
51.59825327510917,0.0487,0.0584
51.620484319174274,0.0487,0.0583
51.64271536323938,0.0487,0.0583
51.664946407304484,0.0487,0.0583
51.6871774513696,0.0488,0.0583
51.7094084954347,0.0488,0.0583
51.73163953949981,0.0488,0.0583
51.75387058356491,0.0488,0.0583
51.77610162763002,0.0488,0.0583
51.79833267169512,0.0488,0.0583
51.82056371576023,0.0488,0.0583
51.84279475982533,0.0488,0.0583
51.86502580389044,0.0488,0.0583
51.88725684795554,0.0488,0.0583
51.90948789202065,0.0488,0.0583
51.93171893608575,0.0488,0.0583
51.95394998015086,0.0488,0.0583
51.97618102421596,0.0488,0.0582
51.99841206828107,0.0488,0.0582
52.02064311234617,0.0488,0.0582
52.04287415641128,0.0488,0.0582
52.06510520047638,0.0488,0.0582
52.08733624454149,0.0488,0.0582
52.10956728860659,0.0488,0.0582
52.1317983326717,0.0488,0.0582
52.1540293767368,0.0488,0.0582
52.17626042080191,0.0488,0.0582
52.19849146486701,0.0488,0.0582
52.22072250893212,0.0488,0.0582
52.24295355299722,0.0489,0.0582
52.26518459706233,0.0489,0.0582
52.28741564112743,0.0489,0.0582
52.30964668519254,0.0489,0.0582
52.33187772925764,0.0489,0.0582
52.35410877332275,0.0489,0.0582
52.37633981738785,0.0489,0.0581
52.39857086145297,0.0489,0.0581
52.42080190551807,0.0489,0.0581
52.44303294958318,0.0489,0.0581
52.46526399364828,0.0489,0.0581
52.48749503771339,0.0489,0.0581
52.50972608177849,0.0489,0.0581
52.5319571258436,0.0489,0.0581
52.5541881699087,0.0489,0.0581
52.57641921397381,0.0489,0.0581
52.59865025803891,0.0489,0.0581
52.62088130210402,0.0489,0.0581
52.64311234616912,0.0489,0.0581
52.66534339023423,0.0489,0.0581
52.68757443429933,0.0489,0.0581
52.70980547836444,0.0489,0.0581
52.73203652242954,0.0489,0.0581
52.75426756649465,0.0489,0.0581
52.77649861055975,0.0489,0.0581
52.79872965462486,0.0489,0.0581
52.82096069868996,0.0489,0.0581
52.84319174275507,0.0489,0.0581
52.86542278682017,0.0489,0.0581
52.88765383088528,0.0489,0.0580
52.90988487495038,0.0489,0.0580
52.93211591901549,0.0489,0.0580
52.95434696308059,0.0489,0.0580
52.9765780071457,0.0490,0.0580
52.9988090512108,0.0490,0.0580
53.02104009527591,0.0490,0.0580
53.04327113934101,0.0490,0.0580
53.06550218340612,0.0490,0.0580
53.08773322747122,0.0490,0.0580
53.10996427153633,0.0490,0.0580
53.132195315601436,0.0490,0.0580
53.154426359666544,0.0490,0.0580
53.176657403731646,0.0490,0.0580
53.198888447796755,0.0490,0.0580
53.221119491861856,0.0490,0.0580
53.243350535926965,0.0490,0.0580
53.265581579992066,0.0490,0.0580
53.287812624057175,0.0490,0.0580
53.310043668122276,0.0490,0.0580
53.332274712187385,0.0490,0.0580
53.354505756252486,0.0490,0.0580
53.376736800317595,0.0490,0.0580
53.398967844382696,0.0490,0.0580
53.421198888447805,0.0490,0.0580
53.443429932512906,0.0490,0.0580
53.465660976578015,0.0490,0.0580
53.487892020643116,0.0490,0.0580
53.510123064708225,0.0490,0.0580
53.532354108773326,0.0490,0.0580
53.554585152838435,0.0490,0.0579
53.576816196903536,0.0490,0.0579
53.599047240968645,0.0490,0.0579
53.621278285033746,0.0490,0.0579
53.643509329098855,0.0490,0.0579
53.665740373163956,0.0490,0.0579
53.687971417229065,0.0490,0.0579
53.710202461294166,0.0490,0.0579
53.732433505359275,0.0490,0.0579
53.754664549424376,0.0490,0.0579
53.776895593489485,0.0490,0.0579
53.799126637554586,0.0490,0.0579
53.821357681619695,0.0490,0.0579
53.8435887256848,0.0490,0.0579
53.86581976974991,0.0490,0.0579
53.88805081381501,0.0490,0.0579
53.91028185788012,0.0490,0.0579
53.93251290194522,0.0490,0.0579
53.95474394601033,0.0490,0.0579
53.97697499007543,0.0490,0.0579
53.99920603414054,0.0490,0.0579
54.02143707820564,0.0490,0.0579
54.04366812227075,0.0490,0.0579
54.06589916633585,0.0490,0.0579
54.08813021040096,0.0490,0.0579
54.11036125446606,0.0490,0.0579
54.13259229853117,0.0491,0.0579
54.15482334259627,0.0491,0.0579
54.177054386661375,0.0491,0.0579
54.19928543072648,0.0491,0.0579
54.221516474791585,0.0491,0.0579
54.24374751885669,0.0491,0.0579
54.265978562921795,0.0491,0.0579
54.288209606986904,0.0491,0.0579
54.310440651052005,0.0491,0.0579
54.332671695117114,0.0491,0.0579
54.354902739182215,0.0491,0.0579
54.377133783247324,0.0491,0.0579
54.399364827312425,0.0491,0.0579
54.421595871377534,0.0491,0.0579
54.443826915442635,0.0491,0.0578
54.466057959507744,0.0491,0.0578
54.488289003572845,0.0491,0.0578
54.510520047637954,0.0491,0.0578
54.532751091703055,0.0491,0.0578
54.554982135768164,0.0491,0.0578
54.57721317983327,0.0491,0.0578
54.59944422389838,0.0491,0.0578
54.62167526796348,0.0491,0.0578
54.64390631202859,0.0491,0.0578
54.66613735609369,0.0491,0.0578
54.6883684001588,0.0491,0.0578
54.7105994442239,0.0491,0.0578
54.73283048828901,0.0491,0.0578
54.75506153235411,0.0491,0.0578
54.77729257641922,0.0491,0.0578
54.79952362048432,0.0491,0.0578
54.82175466454943,0.0491,0.0578
54.84398570861453,0.0491,0.0578
54.86621675267964,0.0491,0.0578
54.88844779674474,0.0491,0.0578
54.91067884080985,0.0491,0.0578
54.93290988487495,0.0491,0.0578
54.95514092894006,0.0491,0.0578
54.97737197300516,0.0491,0.0578
54.99960301707027,0.0491,0.0578
55.02183406113537,0.0491,0.0578
55.04406510520048,0.0491,0.0578
55.06629614926558,0.0491,0.0578
55.08852719333069,0.0491,0.0578
55.11075823739579,0.0491,0.0578
55.1329892814609,0.0491,0.0578
55.155220325526,0.0491,0.0578
55.17745136959111,0.0491,0.0578
55.19968241365621,0.0491,0.0578
55.22191345772132,0.0491,0.0578
55.24414450178642,0.0491,0.0578
55.26637554585153,0.0491,0.0578
55.28860658991664,0.0491,0.0578
55.31083763398175,0.0491,0.0578
55.33306867804685,0.0491,0.0578
55.35529972211196,0.0491,0.0578
55.37753076617706,0.0491,0.0578
55.39976181024217,0.0491,0.0578
55.42199285430727,0.0491,0.0578
55.44422389837238,0.0491,0.0578
55.46645494243748,0.0491,0.0578
55.48868598650259,0.0491,0.0578
55.51091703056769,0.0491,0.0578
55.5331480746328,0.0491,0.0578
55.5553791186979,0.0491,0.0578
55.57761016276301,0.0491,0.0578
55.59984120682811,0.0491,0.0578
55.62207225089322,0.0491,0.0578
55.64430329495832,0.0491,0.0577
55.66653433902343,0.0491,0.0577
55.68876538308853,0.0491,0.0577
55.71099642715364,0.0491,0.0577
55.73322747121874,0.0491,0.0577
55.75545851528385,0.0491,0.0577
55.77768955934895,0.0491,0.0577
55.79992060341406,0.0491,0.0577
55.82215164747916,0.0491,0.0577
55.84438269154427,0.0491,0.0577
55.86661373560937,0.0491,0.0577
55.88884477967448,0.0491,0.0577
55.91107582373958,0.0491,0.0577
55.93330686780469,0.0491,0.0577
55.95553791186979,0.0491,0.0577
55.9777689559349,0.0492,0.0577
56.0,0.0492,0.0577
