0.0,0.167098,0.0
0.0222310440651052,0.167098,0.0
0.0444620881302104,0.167098,0.0
0.0666931321953156,0.167098,0.0
0.0889241762604208,0.167098,0.0
0.11115522032552602,0.167098,0.0
0.1333862643906312,0.167098,0.0
0.1556173084557364,0.167098,0.0
0.1778483525208416,0.167098,0.0
0.2000793965859468,0.167098,0.0
0.22231044065105204,0.167098,0.0
0.24454148471615722,0.167098,0.0
0.2667725287812624,0.167098,0.0
0.28900357284636763,0.167098,0.0
0.3112346169114728,0.167098,0.0
0.33346566097657804,0.167098,0.0
0.3556967050416832,0.167098,0.0
0.37792774910678845,0.167098,0.0
0.4001587931718936,0.167098,0.0
0.42238983723699886,0.167098,0.0
0.4446208813021041,0.167098,0.0
0.4668519253672092,0.167098,0.0
0.48908296943231444,0.167098,0.0
0.5113140134974197,0.167098,0.0
0.5335450575625248,0.167098,0.0
0.55577610162763,0.167098,0.0
0.5780071456927353,0.167098,0.0
0.6002381897578405,0.167098,0.0
0.6224692338229456,0.167098,0.0
0.6447002778880508,0.167098,0.0
0.6669313219531561,0.167098,0.0
0.6891623660182613,0.167098,0.0
0.7113934100833664,0.167098,0.0
0.7336244541484717,0.167098,0.0
0.7558554982135769,0.167098,0.0
0.7780865422786821,0.167098,0.0
0.8003175863437872,0.167098,0.0
0.8225486304088925,0.167098,0.0
0.8447796744739977,0.167098,0.0
0.8670107185391029,0.167098,0.0
0.8892417626042082,0.167098,0.0
0.9114728066693133,0.167098,0.0
0.9337038507344184,0.167098,0.0
0.9559348947995236,0.167098,0.0
0.9781659388646289,0.167098,0.0
1.0003969829297341,0.167098,0.0
1.0226280269948393,0.167098,0.0
1.0448590710599444,0.167098,0.0
1.0670901151250496,0.167098,0.0
1.0893211591901548,0.167098,0.0
1.11155220325526,0.167098,0.0
1.1337832473203653,0.167098,0.0
1.1560142913854705,0.167098,0.0
1.1782453354505757,0.167098,0.0
1.200476379515681,0.167098,0.0
1.2227074235807862,0.167098,0.0
1.2449384676458912,0.167098,0.0
1.2671695117109965,0.167098,0.0
1.2894005557761017,0.167098,0.0
1.311631599841207,0.167098,0.0
1.3338626439063122,0.167098,0.0
1.3560936879714174,0.167098,0.0
1.3783247320365226,0.167098,0.0
1.4005557761016278,0.167098,0.0
1.4227868201667329,0.167098,0.0
1.445017864231838,0.167098,0.0
1.4672489082969433,0.167098,0.0
1.4894799523620486,0.167098,0.0
1.5117109964271538,0.167098,0.0
1.533942040492259,0.167098,0.0
1.5561730845573643,0.167098,0.0
1.5784041286224695,0.167098,0.0
1.6006351726875745,0.167098,0.0
1.6228662167526797,0.167098,0.0
1.645097260817785,0.167098,0.0
1.6673283048828902,0.167098,0.0
1.6895593489479954,0.167098,0.0
1.7117903930131007,0.167098,0.0
1.7340214370782059,0.167098,0.0
1.7562524811433111,0.167098,0.0
1.7784835252084163,0.167098,0.0
1.8007145692735214,0.167098,0.0
1.8229456133386266,0.167098,0.0
1.8451766574037318,0.167098,0.0
1.8674077014688368,0.167098,0.0
1.8896387455339423,0.167098,0.0
1.9118697895990473,0.167098,0.0
1.9341008336641528,0.167098,0.0
1.9563318777292578,0.167098,0.0
1.978562921794363,0.167098,0.0
2.0007939658594682,0.167098,0.0
2.0230250099245737,0.167098,0.0
2.0452560539896787,0.167098,0.0
2.0674870980547837,0.167098,0.0
2.0897181421198887,0.167098,0.0
2.111949186184994,0.167098,0.0
2.134180230250099,0.167098,0.0
2.1564112743152046,0.167098,0.0
2.1786423183803096,0.167098,0.0
2.200873362445415,0.167098,0.0
2.22310440651052,0.167098,0.0
2.2453354505756256,0.167098,0.0
2.2675664946407306,0.167098,0.0
2.289797538705836,0.167098,0.0
2.312028582770941,0.167098,0.0
2.3342596268360465,0.167098,0.0
2.3564906709011515,0.167098,0.0
2.378721714966257,0.167098,0.0
2.400952759031362,0.167098,0.0
2.4231838030964674,0.167098,0.0
2.4454148471615724,0.167098,0.0
2.4676458912266774,0.167098,0.0
2.4898769352917824,0.167098,0.0
2.512107979356888,0.167098,0.0
2.534339023421993,0.167098,0.0
2.5565700674870984,0.167098,0.0
2.5788011115522034,0.167098,0.0
2.601032155617309,0.167098,0.0
2.623263199682414,0.167098,0.0
2.6454942437475193,0.167098,0.0
2.6677252878126243,0.167098,0.0
2.6899563318777298,0.167098,0.0
2.7121873759428348,0.167098,0.0
2.73441842000794,0.167098,0.0
2.7566494640730452,0.167098,0.0
2.7788805081381507,0.167098,0.0
2.8011115522032557,0.167098,0.0
2.8233425962683607,0.167098,0.0
2.8455736403334657,0.167098,0.0
2.8678046843985707,0.167098,0.0
2.890035728463676,0.167098,0.0
2.912266772528781,0.167098,0.0
2.9344978165938866,0.167098,0.0
2.9567288606589917,0.167098,0.0
2.978959904724097,0.167098,0.0
3.001190948789202,0.167098,0.0
3.0234219928543076,0.167098,0.0
3.0456530369194126,0.167098,0.0
3.067884080984518,0.167098,0.0
3.090115125049623,0.167098,0.0
3.1123461691147285,0.167098,0.0
3.1345772131798335,0.167098,0.0
3.156808257244939,0.167098,0.0
3.179039301310044,0.167098,0.0
3.201270345375149,0.167098,0.0
3.223501389440254,0.167098,0.0
3.2457324335053594,0.167098,0.0
3.2679634775704645,0.167098,0.0
3.29019452163557,0.167098,0.0
3.312425565700675,0.167098,0.0
3.3346566097657804,0.167098,0.0
3.3568876538308854,0.167098,0.0
3.379118697895991,0.167098,0.0
3.401349741961096,0.167098,0.0
3.4235807860262013,0.167098,0.0
3.4458118300913063,0.167098,0.0
3.4680428741564118,0.167098,0.0
3.490273918221517,0.167098,0.0
3.5125049622866222,0.167098,0.0
3.5347360063517272,0.167098,0.0
3.5569670504168327,0.167098,0.0
3.5791980944819377,0.167098,0.0
3.6014291385470427,0.167098,0.0
3.6236601826121477,0.167098,0.0
3.645891226677253,0.167098,0.0
3.668122270742358,0.167098,0.0
3.6903533148074636,0.167098,0.0
3.7125843588725687,0.167098,0.0
3.7348154029376737,0.167098,0.0
3.7570464470027796,0.167098,0.0
3.7792774910678846,0.167098,0.0
3.8015085351329896,0.167098,0.0
3.8237395791980946,0.167098,0.0
3.8459706232632005,0.167098,0.0
3.8682016673283055,0.167098,0.0
3.8904327113934105,0.167098,0.0
3.9126637554585155,0.167098,0.0
3.934894799523621,0.167098,0.0
3.957125843588726,0.167098,0.0
3.979356887653831,0.167098,0.0
4.0015879317189365,0.167098,0.0
4.023818975784042,0.167098,0.0
4.046050019849147,0.167098,0.0
4.068281063914252,0.167098,0.0
4.090512107979357,0.167098,0.0
4.112743152044463,0.167098,0.0
4.134974196109567,0.167098,0.0
4.157205240174672,0.167098,0.0
4.179436284239777,0.167098,0.0
4.201667328304883,0.167098,0.0
4.223898372369988,0.167098,0.0
4.246129416435093,0.167098,0.0
4.268360460500198,0.167098,0.0
4.290591504565303,0.167098,0.0
4.312822548630409,0.167098,0.0
4.335053592695514,0.167098,0.0
4.357284636760619,0.167098,0.0
4.379515680825724,0.167098,0.0
4.40174672489083,0.167098,0.0
4.423977768955935,0.167098,0.0
4.44620881302104,0.167098,0.0
4.468439857086145,0.167098,0.0
4.490670901151251,0.167098,0.0
4.512901945216356,0.167098,0.0
4.535132989281461,0.167098,0.0
4.557364033346566,0.167098,0.0
4.579595077411672,0.167098,0.0
4.601826121476777,0.167098,0.0
4.624057165541882,0.167098,0.0
4.646288209606987,0.167098,0.0
4.668519253672093,0.167098,0.0
4.690750297737198,0.167098,0.0
4.712981341802303,0.167098,0.0
4.735212385867408,0.167098,0.0
4.757443429932514,0.167098,0.0
4.779674473997619,0.167098,0.0
4.801905518062724,0.167098,0.0
4.824136562127829,0.167098,0.0
4.846367606192935,0.167098,0.0
4.86859865025804,0.167098,0.0
4.890829694323145,0.167098,0.0
4.913060738388249,0.167098,0.0
4.935291782453355,0.167098,0.0
4.95752282651846,0.167098,0.0
4.979753870583565,0.167098,0.0
5.00198491464867,0.167098,0.0
5.024215958713776,0.167098,0.0
5.046447002778881,0.167098,0.0
5.068678046843986,0.167098,0.0
5.090909090909091,0.167098,0.0
5.113140134974197,0.167098,0.0
5.135371179039302,0.167098,0.0
5.157602223104407,0.167098,0.0
5.179833267169512,0.167098,0.0
5.202064311234618,0.167098,0.0
5.224295355299723,0.167098,0.0
5.246526399364828,0.167098,0.0
5.268757443429933,0.167098,0.0
5.290988487495039,0.167098,0.0
5.313219531560144,0.167098,0.0
5.335450575625249,0.167098,0.0
5.357681619690354,0.167098,0.0
5.3799126637554595,0.167098,0.0
5.4021437078205645,0.167098,0.0
5.4243747518856695,0.167098,0.0
5.4466057959507745,0.167098,0.0
5.46883684001588,0.167098,0.0
5.4910678840809855,0.167098,0.0
5.5132989281460905,0.167098,0.0
5.5355299722111955,0.167098,0.0
5.557761016276301,0.167098,0.0
5.579992060341406,0.167098,0.0
5.602223104406511,0.167098,0.0
5.624454148471616,0.167098,0.0
5.646685192536721,0.167098,0.0
5.668916236601826,0.167098,0.0
5.691147280666931,0.167098,0.0
5.713378324732036,0.167098,0.0
5.7356093687971414,0.167098,0.0
5.757840412862247,0.167098,0.0
5.780071456927352,0.167098,0.0
5.802302500992457,0.167098,0.0
5.824533545057562,0.167098,0.0
5.846764589122668,0.167098,0.0
5.868995633187773,0.167098,0.0
5.891226677252878,0.167098,0.0
5.913457721317983,0.167098,0.0
5.935688765383089,0.167098,0.0
5.957919809448194,0.167098,0.0
5.980150853513299,0.167098,0.0
6.002381897578404,0.167098,0.0
6.02461294164351,0.167098,0.0
6.046843985708615,0.167098,0.0
6.06907502977372,0.167098,0.0
6.091306073838825,0.167098,0.0
6.113537117903931,0.167098,0.0
6.135768161969036,0.167098,0.0
6.157999206034141,0.167098,0.0
6.180230250099246,0.167098,0.0
6.202461294164352,0.167098,0.0
6.224692338229457,0.167098,0.0
6.246923382294562,0.167098,0.0
6.269154426359667,0.167098,0.0
6.291385470424773,0.167098,0.0
6.313616514489878,0.167098,0.0
6.335847558554983,0.167098,0.0
6.358078602620088,0.167098,0.0
6.380309646685193,0.167098,0.0
6.402540690750298,0.167098,0.0
6.424771734815403,0.167098,0.0
6.447002778880508,0.167098,0.0
6.469233822945614,0.167098,0.0
6.491464867010719,0.167098,0.0
6.513695911075824,0.167098,0.0
6.535926955140929,0.167098,0.0
6.558157999206035,0.167098,0.0
6.58038904327114,0.167098,0.0
6.602620087336245,0.167098,0.0
6.62485113140135,0.167098,0.0
6.647082175466456,0.167098,0.0
6.669313219531561,0.167098,0.0
6.691544263596666,0.167098,0.0
6.713775307661771,0.167098,0.0
6.736006351726877,0.167098,0.0
6.758237395791982,0.167098,0.0
6.780468439857087,0.167098,0.0
6.802699483922192,0.167098,0.0
6.824930527987298,0.167098,0.0
6.847161572052403,0.167098,0.0
6.869392616117508,0.167098,0.0
6.891623660182613,0.167098,0.0
6.9138547042477185,0.167098,0.0
6.9360857483128235,0.167098,0.0
6.9583167923779286,0.167098,0.0
6.980547836443034,0.167098,0.0
7.0027788805081395,0.167098,0.0
7.0250099245732445,0.167098,0.0
7.0472409686383495,0.167098,0.0
7.0694720127034545,0.167098,0.0
7.09170305676856,0.167098,0.0
7.113934100833665,0.167098,0.0
7.13616514489877,0.167098,0.0
7.158396188963875,0.167098,0.0
7.1806272330289795,0.167098,0.0
7.202858277094085,0.167098,0.0
7.2250893211591904,0.167098,0.0
7.2473203652242955,0.167098,0.0
7.2695514092894005,0.167098,0.0
7.291782453354506,0.167098,0.0
7.314013497419611,0.167098,0.0
7.336244541484716,0.167098,0.0
7.358475585549821,0.167098,0.0
7.380706629614927,0.167098,0.0
7.402937673680032,0.167098,0.0
7.425168717745137,0.167098,0.0
7.447399761810242,0.167098,0.0
7.469630805875347,0.167098,0.0
7.491861849940452,0.167098,0.0
7.514092894005559,0.167098,0.0
7.536323938070664,0.167098,0.0
7.558554982135769,0.167098,0.0
7.580786026200874,0.167098,0.0
7.603017070265979,0.167098,0.0
7.625248114331084,0.167098,0.0
7.647479158396189,0.167098,0.0
7.669710202461294,0.167098,0.0
7.691941246526401,0.167098,0.0
7.714172290591506,0.167098,0.0
7.736403334656611,0.167098,0.0
7.758634378721716,0.167098,0.0
7.780865422786821,0.167098,0.0
7.803096466851926,0.167098,0.0
7.825327510917031,0.167098,0.0
7.847558554982136,0.167098,0.0
7.869789599047242,0.167098,0.0
7.892020643112347,0.167098,0.0
7.914251687177452,0.167098,0.0
7.936482731242557,0.167098,0.0
7.958713775307662,0.167098,0.0
7.980944819372767,0.167098,0.0
8.003175863437873,0.167098,0.0
8.025406907502978,0.167098,0.0
8.047637951568085,0.167098,0.0
8.06986899563319,0.167098,0.0
8.092100039698295,0.167098,0.0
8.1143310837634,0.167098,0.0
8.136562127828505,0.167098,0.0
8.15879317189361,0.167098,0.0
8.181024215958715,0.167098,0.0
8.20325526002382,0.167098,0.0
8.225486304088927,0.167098,0.0
8.24771734815403,0.167098,0.0
8.269948392219135,0.167098,0.0
8.29217943628424,0.167098,0.0
8.314410480349345,0.167098,0.0
8.33664152441445,0.167098,0.0
8.358872568479555,0.167098,0.0
8.38110361254466,0.167098,0.0
8.403334656609767,0.167098,0.0
8.425565700674872,0.167098,0.0
8.447796744739977,0.167098,0.0
8.470027788805082,0.167098,0.0
8.492258832870187,0.167098,0.0
8.514489876935292,0.167098,0.0
8.536720921000397,0.167098,0.0
8.558951965065502,0.167098,0.0
8.581183009130607,0.167098,0.0
8.603414053195714,0.167098,0.0
8.625645097260819,0.167098,0.0
8.647876141325924,0.167098,0.0
8.670107185391029,0.167098,0.0
8.692338229456134,0.167098,0.0
8.714569273521239,0.167098,0.0
8.736800317586344,0.167098,0.0
8.759031361651449,0.167098,0.0
8.781262405716555,0.167098,0.0
8.80349344978166,0.167098,0.0
8.825724493846765,0.167098,0.0
8.84795553791187,0.167098,0.0
8.870186581976975,0.167098,0.0
8.89241762604208,0.167098,0.0
8.914648670107185,0.167098,0.0
8.93687971417229,0.167098,0.0
8.959110758237397,0.167098,0.0
8.981341802302502,0.167098,0.0
9.003572846367607,0.167098,0.0
9.025803890432712,0.167098,0.0
9.048034934497817,0.167098,0.0
9.070265978562922,0.167098,0.0
9.092497022628027,0.167098,0.0
9.114728066693132,0.167098,0.0
9.136959110758239,0.167098,0.0
9.159190154823344,0.167098,0.0
9.181421198888449,0.167098,0.0
9.203652242953554,0.167098,0.0
9.22588328701866,0.167098,0.0
9.248114331083764,0.167098,0.0
9.27034537514887,0.167098,0.0
9.292576419213974,0.167098,0.0
9.314807463279081,0.167098,0.0
9.337038507344186,0.167098,0.0
9.359269551409291,0.167098,0.0
9.381500595474396,0.167098,0.0
9.403731639539501,0.167098,0.0
9.425962683604606,0.167098,0.0
9.448193727669711,0.167098,0.0
9.470424771734816,0.167098,0.0
9.492655815799923,0.167098,0.0
9.514886859865028,0.167098,0.0
9.537117903930133,0.167098,0.0
9.559348947995238,0.167098,0.0
9.581579992060343,0.167098,0.0
9.603811036125448,0.167098,0.0
9.626042080190553,0.167098,0.0
9.648273124255658,0.167098,0.0
9.670504168320765,0.167098,0.0
9.69273521238587,0.167098,0.0
9.714966256450975,0.167098,0.0
9.73719730051608,0.167098,0.0
9.759428344581185,0.167098,0.0
9.78165938864629,0.167098,0.0
9.803890432711395,0.167098,0.0
9.826121476776498,0.167098,0.0
9.848352520841605,0.167098,0.0
9.87058356490671,0.167098,0.0
9.892814608971815,0.167098,0.0
9.91504565303692,0.167098,0.0
9.937276697102025,0.167098,0.0
9.95950774116713,0.167098,0.0
9.981738785232235,0.167098,0.0
10.00396982929734,0.167098,0.0
10.026200873362445,0.167098,0.0
10.048431917427552,0.167098,0.0
10.070662961492657,0.167098,0.0
10.092894005557762,0.167098,0.0
10.115125049622867,0.167098,0.0
10.137356093687972,0.167098,0.0
10.159587137753077,0.167098,0.0
10.181818181818182,0.167098,0.0
10.204049225883287,0.167098,0.0
10.226280269948393,0.167098,0.0
10.248511314013498,0.167098,0.0
10.270742358078603,0.167098,0.0
10.292973402143708,0.167098,0.0
10.315204446208813,0.167098,0.0
10.337435490273919,0.167098,0.0
10.359666534339024,0.167098,0.0
10.381897578404129,0.167098,0.0
10.404128622469235,0.167098,0.0
10.42635966653434,0.167098,0.0
10.448590710599445,0.167098,0.0
10.47082175466455,0.167098,0.0
10.493052798729655,0.167098,0.0
10.51528384279476,0.167098,0.0
10.537514886859865,0.167098,0.0
10.55974593092497,0.167098,0.0
10.581976974990077,0.167098,0.0
10.604208019055182,0.167098,0.0
10.626439063120287,0.167098,0.0
10.648670107185392,0.167098,0.0
10.670901151250497,0.167098,0.0
10.693132195315602,0.167098,0.0
10.715363239380707,0.167098,0.0
10.737594283445812,0.167098,0.0
10.759825327510919,0.167098,0.0
10.782056371576024,0.167098,0.0
10.804287415641129,0.167098,0.0
10.826518459706234,0.167098,0.0
10.848749503771339,0.167098,0.0
10.870980547836444,0.167098,0.0
10.893211591901549,0.167098,0.0
10.915442635966654,0.167098,0.0
10.93767368003176,0.167098,0.0
10.959904724096866,0.167098,0.0
10.982135768161971,0.167098,0.0
11.004366812227076,0.167098,0.0
11.026597856292181,0.167098,0.0
11.048828900357286,0.167098,0.0
11.071059944422391,0.167098,0.0
11.093290988487496,0.167098,0.0
11.115522032552603,0.167098,0.0
11.137753076617708,0.167098,0.0
11.159984120682813,0.167098,0.0
11.182215164747918,0.167098,0.0
11.204446208813023,0.167098,0.0
11.226677252878128,0.167098,0.0
11.248908296943233,0.167098,0.0
11.271139341008338,0.167098,0.0
11.293370385073443,0.167098,0.0
11.315601429138548,0.167098,0.0
11.337832473203653,0.167098,0.0
11.360063517268758,0.167098,0.0
11.382294561333863,0.167098,0.0
11.404525605398968,0.167098,0.0
11.426756649464073,0.167098,0.0
11.448987693529178,0.167098,0.0
11.471218737594283,0.167098,0.0
11.49344978165939,0.167098,0.0
11.515680825724495,0.167098,0.0
11.5379118697896,0.167098,0.0
11.560142913854705,0.167098,0.0
11.58237395791981,0.167098,0.0
11.604605001984915,0.167098,0.0
11.62683604605002,0.167098,0.0
11.649067090115125,0.167098,0.0
11.671298134180232,0.167098,0.0
11.693529178245337,0.167098,0.0
11.715760222310442,0.167098,0.0
11.737991266375547,0.167098,0.0
11.760222310440652,0.167098,0.0
11.782453354505757,0.167098,0.0
11.804684398570862,0.167098,0.0
11.826915442635967,0.167098,0.0
11.849146486701073,0.167098,0.0
11.871377530766178,0.167098,0.0
11.893608574831283,0.167098,0.0
11.915839618896388,0.167098,0.0
11.938070662961493,0.167098,0.0
11.960301707026598,0.167098,0.0
11.982532751091703,0.167098,0.0
12.004763795156808,0.167098,0.0
12.026994839221915,0.167098,0.0
12.04922588328702,0.167098,0.0
12.071456927352125,0.167098,0.0
12.09368797141723,0.167098,0.0
12.115919015482335,0.167098,0.0
12.13815005954744,0.167098,0.0
12.160381103612545,0.167098,0.0
12.18261214767765,0.167098,0.0
12.204843191742757,0.167098,0.0
12.227074235807862,0.167098,0.0
12.249305279872967,0.167098,0.0
12.271536323938072,0.167098,0.0
12.293767368003177,0.167098,0.0
12.315998412068282,0.167098,0.0
12.338229456133387,0.167098,0.0
12.360460500198492,0.167098,0.0
12.382691544263599,0.167098,0.0
12.404922588328704,0.167098,0.0
12.427153632393809,0.167098,0.0
12.449384676458914,0.167098,0.0
12.471615720524019,0.167098,0.0
12.493846764589124,0.167098,0.0
12.516077808654229,0.167098,0.0
12.538308852719334,0.167098,0.0
12.56053989678444,0.167098,0.0
12.582770940849546,0.167098,0.0
12.60500198491465,0.167098,0.0
12.627233028979756,0.167098,0.0
12.64946407304486,0.167098,0.0
12.671695117109966,0.167098,0.0
12.69392616117507,0.167098,0.0
12.716157205240176,0.167098,0.0
12.738388249305283,0.167098,0.0
12.760619293370386,0.167098,0.0
12.782850337435491,0.167098,0.0
12.805081381500596,0.167098,0.0
12.827312425565701,0.167098,0.0
12.849543469630806,0.167098,0.0
12.871774513695911,0.167098,0.0
12.894005557761016,0.167098,0.0
12.916236601826121,0.167098,0.0
12.938467645891228,0.167098,0.0
12.960698689956333,0.167098,0.0
12.982929734021438,0.167098,0.0
13.005160778086543,0.167098,0.0
13.027391822151648,0.167098,0.0
13.049622866216753,0.167098,0.0
13.071853910281858,0.167098,0.0
13.094084954346963,0.167098,0.0
13.11631599841207,0.167098,0.0
13.138547042477175,0.167098,0.0
13.16077808654228,0.167098,0.0
13.183009130607385,0.167098,0.0
13.20524017467249,0.167098,0.0
13.227471218737595,0.167098,0.0
13.2497022628027,0.167098,0.0
13.271933306867805,0.167098,0.0
13.294164350932911,0.167098,0.0
13.316395394998016,0.167098,0.0
13.338626439063122,0.167098,0.0
13.360857483128227,0.167098,0.0
13.383088527193332,0.167098,0.0
13.405319571258437,0.167098,0.0
13.427550615323542,0.167098,0.0
13.449781659388647,0.167098,0.0
13.472012703453753,0.167098,0.0
13.494243747518858,0.167098,0.0
13.516474791583963,0.167098,0.0
13.538705835649068,0.167098,0.0
13.560936879714173,0.167098,0.0
13.583167923779278,0.167098,0.0
13.605398967844383,0.167098,0.0
13.627630011909488,0.167098,0.0
13.649861055974595,0.167098,0.0
13.6720921000397,0.167098,0.0
13.694323144104805,0.167098,0.0
13.71655418816991,0.167098,0.0
13.738785232235015,0.167098,0.0
13.76101627630012,0.167098,0.0
13.783247320365225,0.167098,0.0
13.80547836443033,0.167098,0.0
13.827709408495437,0.167098,0.0
13.849940452560542,0.167098,0.0
13.872171496625647,0.167098,0.0
13.894402540690752,0.167098,0.0
13.916633584755857,0.167098,0.0
13.938864628820962,0.167098,0.0
13.961095672886067,0.167098,0.0
13.983326716951172,0.167098,0.0
14.005557761016279,0.167098,0.0
14.027788805081384,0.167098,0.0
14.050019849146489,0.167098,0.0
14.072250893211594,0.167098,0.0
14.094481937276699,0.167098,0.0
14.116712981341804,0.167098,0.0
14.138944025406909,0.167098,0.0
14.161175069472014,0.167098,0.0
14.18340611353712,0.167098,0.0
14.205637157602226,0.167098,0.0
14.22786820166733,0.167098,0.0
14.250099245732436,0.167098,0.0
14.27233028979754,0.167098,0.0
14.294561333862646,0.167098,0.0
14.31679237792775,0.167098,0.0
14.339023421992854,0.167098,0.0
14.361254466057959,0.167098,0.0
14.383485510123066,0.167098,0.0
14.40571655418817,0.167098,0.0
14.427947598253276,0.167098,0.0
14.450178642318381,0.167098,0.0
14.472409686383486,0.167098,0.0
14.494640730448591,0.167098,0.0
14.516871774513696,0.167098,0.0
14.539102818578801,0.167098,0.0
14.561333862643908,0.167098,0.0
14.583564906709013,0.167098,0.0
14.605795950774118,0.167098,0.0
14.628026994839223,0.167098,0.0
14.650258038904328,0.167098,0.0
14.672489082969433,0.167098,0.0
14.694720127034538,0.167098,0.0
14.716951171099643,0.167098,0.0
14.73918221516475,0.167098,0.0
14.761413259229855,0.167098,0.0
14.78364430329496,0.167098,0.0
14.805875347360065,0.167098,0.0
14.82810639142517,0.167098,0.0
14.850337435490275,0.167098,0.0
14.87256847955538,0.167098,0.0
14.894799523620485,0.167098,0.0
14.91703056768559,0.167098,0.0
14.939261611750695,0.167098,0.0
14.9614926558158,0.167098,0.0
14.983723699880905,0.167098,0.0
15.005954743946013,0.167098,0.0
15.028185788011118,0.167098,0.0
15.050416832076223,0.167098,0.0
15.072647876141328,0.167098,0.0
15.094878920206433,0.167098,0.0
15.117109964271538,0.167098,0.0
15.139341008336643,0.167098,0.0
15.161572052401748,0.167098,0.0
15.183803096466853,0.167098,0.0
15.206034140531958,0.167098,0.0
15.228265184597063,0.167098,0.0
15.250496228662168,0.167098,0.0
15.272727272727273,0.167098,0.0
15.294958316792378,0.167098,0.0
15.317189360857483,0.167098,0.0
15.339420404922588,0.167098,0.0
15.361651448987697,0.167098,0.0
15.383882493052802,0.167098,0.0
15.406113537117907,0.167098,0.0
15.428344581183012,0.167098,0.0
15.450575625248117,0.167098,0.0
15.472806669313222,0.167098,0.0
15.495037713378327,0.167098,0.0
15.517268757443432,0.167098,0.0
15.539499801508537,0.167098,0.0
15.561730845573642,0.167098,0.0
15.583961889638747,0.167098,0.0
15.606192933703852,0.167098,0.0
15.628423977768957,0.167098,0.0
15.650655021834062,0.167098,0.0
15.672886065899167,0.167098,0.0
15.695117109964272,0.167098,0.0
15.717348154029377,0.167098,0.0
15.739579198094484,0.167098,0.0
15.761810242159589,0.167098,0.0
15.784041286224694,0.167098,0.0
15.806272330289799,0.167098,0.0
15.828503374354904,0.167098,0.0
15.850734418420009,0.167098,0.0
15.872965462485114,0.167098,0.0
15.895196506550219,0.167098,0.0
15.917427550615324,0.167098,0.0
15.939658594680429,0.167098,0.0
15.961889638745534,0.167098,0.0
15.984120682810639,0.167098,0.0
16.006351726875746,0.167098,0.0
16.02858277094085,0.167098,0.0
16.050813815005956,0.167098,0.0
16.07304485907106,0.167098,0.0
16.09527590313617,0.167098,0.0
16.117506947201274,0.167098,0.0
16.13973799126638,0.167098,0.0
16.161969035331484,0.167098,0.0
16.18420007939659,0.167098,0.0
16.206431123461694,0.167098,0.0
16.2286621675268,0.167098,0.0
16.250893211591904,0.167098,0.0
16.27312425565701,0.167098,0.0
16.295355299722114,0.167098,0.0
16.31758634378722,0.167098,0.0
16.339817387852325,0.167098,0.0
16.36204843191743,0.167098,0.0
16.384279475982535,0.167098,0.0
16.40651052004764,0.167098,0.0
16.428741564112745,0.167098,0.0
16.450972608177853,0.167098,0.0
16.473203652242955,0.167098,0.0
16.49543469630806,0.167098,0.0
16.517665740373165,0.167098,0.0
16.53989678443827,0.167098,0.0
16.562127828503375,0.167098,0.0
16.58435887256848,0.167098,0.0
16.606589916633585,0.167098,0.0
16.62882096069869,0.167098,0.0
16.651052004763795,0.167098,0.0
16.6732830488289,0.167098,0.0
16.695514092894005,0.167098,0.0
16.71774513695911,0.167098,0.0
16.739976181024215,0.167098,0.0
16.76220722508932,0.167098,0.0
16.784438269154425,0.167098,0.0
16.806669313219533,0.167098,0.0
16.82890035728464,0.167098,0.0
16.851131401349743,0.167098,0.0
16.87336244541485,0.167098,0.0
16.895593489479953,0.167098,0.0
16.91782453354506,0.167098,0.0
16.940055577610163,0.167098,0.0
16.96228662167527,0.167098,0.0
16.984517665740373,0.167098,0.0
17.00674870980548,0.167098,0.0
17.028979753870583,0.167098,0.0
17.05121079793569,0.167098,0.0
17.073441842000793,0.167098,0.0
17.0956728860659,0.167098,0.0
17.117903930131003,0.167098,0.0
17.14013497419611,0.167098,0.0
17.162366018261213,0.167098,0.0
17.184597062326322,0.167098,0.0
17.206828106391427,0.167098,0.0
17.229059150456532,0.167098,0.0
17.251290194521637,0.167098,0.0
17.273521238586742,0.167098,0.0
17.295752282651847,0.167098,0.0
17.317983326716952,0.167098,0.0
17.340214370782057,0.167098,0.0
17.362445414847162,0.167098,0.0
17.384676458912267,0.167098,0.0
17.406907502977372,0.167098,0.0
17.429138547042477,0.167098,0.0
17.451369591107582,0.167098,0.0
17.473600635172687,0.167098,0.0
17.495831679237792,0.167098,0.0
17.518062723302897,0.167098,0.0
17.540293767368006,0.167098,0.0
17.56252481143311,0.167098,0.0
17.584755855498216,0.167098,0.0
17.60698689956332,0.167098,0.0
17.629217943628426,0.167098,0.0
17.65144898769353,0.167098,0.0
17.673680031758636,0.167098,0.0
17.69591107582374,0.167098,0.0
17.718142119888846,0.167098,0.0
17.74037316395395,0.167098,0.0
17.762604208019056,0.167098,0.0
17.78483525208416,0.167098,0.0
17.807066296149266,0.167098,0.0
17.82929734021437,0.167098,0.0
17.851528384279476,0.167098,0.0
17.87375942834458,0.167098,0.0
17.89599047240969,0.167098,0.0
17.918221516474794,0.167098,0.0
17.9404525605399,0.167098,0.0
17.962683604605004,0.167098,0.0
17.98491464867011,0.167098,0.0
18.007145692735214,0.167098,0.0
18.02937673680032,0.167098,0.0
18.051607780865425,0.167098,0.0
18.07383882493053,0.167098,0.0
18.096069868995635,0.167098,0.0
18.11830091306074,0.167098,0.0
18.140531957125845,0.167098,0.0
18.16276300119095,0.167098,0.0
18.184994045256055,0.167098,0.0
18.20722508932116,0.167098,0.0
18.229456133386265,0.167098,0.0
18.251687177451373,0.167098,0.0
18.273918221516478,0.167098,0.0
18.296149265581583,0.167098,0.0
18.318380309646688,0.167098,0.0
18.340611353711793,0.167098,0.0
18.362842397776898,0.167098,0.0
18.385073441842003,0.167098,0.0
18.407304485907108,0.167098,0.0
18.429535529972213,0.167098,0.0
18.45176657403732,0.167098,0.0
18.473997618102423,0.167098,0.0
18.49622866216753,0.167098,0.0
18.518459706232633,0.167098,0.0
18.54069075029774,0.167098,0.0
18.562921794362843,0.167098,0.0
18.58515283842795,0.167098,0.0
18.607383882493053,0.167098,0.0
18.629614926558162,0.167098,0.0
18.651845970623267,0.167098,0.0
18.674077014688372,0.167098,0.0
18.696308058753477,0.167098,0.0
18.718539102818582,0.167098,0.0
18.740770146883687,0.167098,0.0
18.763001190948792,0.167098,0.0
18.785232235013897,0.167098,0.0
18.807463279079002,0.167098,0.0
18.829694323144107,0.167098,0.0
18.851925367209212,0.167098,0.0
18.874156411274317,0.167098,0.0
18.896387455339422,0.167098,0.0
18.918618499404527,0.167098,0.0
18.940849543469632,0.167098,0.0
18.963080587534737,0.167098,0.0
18.985311631599846,0.167098,0.0
19.00754267566495,0.167098,0.0
19.029773719730056,0.167098,0.0
19.05200476379516,0.167098,0.0
19.074235807860266,0.167098,0.0
19.09646685192537,0.167098,0.0
19.118697895990476,0.167098,0.0
19.14092894005558,0.167098,0.0
19.163159984120686,0.167098,0.0
19.18539102818579,0.167098,0.0
19.207622072250896,0.167098,0.0
19.229853116316,0.167098,0.0
19.252084160381106,0.167098,0.0
19.27431520444621,0.167098,0.0
19.296546248511316,0.167098,0.0
19.31877729257642,0.167098,0.0
19.34100833664153,0.167098,0.0
19.363239380706634,0.167098,0.0
19.38547042477174,0.167098,0.0
19.407701468836844,0.167098,0.0
19.42993251290195,0.167098,0.0
19.452163556967054,0.167098,0.0
19.47439460103216,0.167098,0.0
19.496625645097264,0.167098,0.0
19.51885668916237,0.167098,0.0
19.541087733227474,0.167098,0.0
19.56331877729258,0.167098,0.0
19.585549821357684,0.167098,0.0
19.60778086542279,0.167098,0.0
19.630011909487894,0.167098,0.0
19.652242953552996,0.167098,0.0
19.6744739976181,0.167098,0.0
19.69670504168321,0.167098,0.0
19.718936085748314,0.167098,0.0
19.74116712981342,0.167098,0.0
19.763398173878524,0.167098,0.0
19.78562921794363,0.167098,0.0
19.807860262008735,0.167098,0.0
19.83009130607384,0.167098,0.0
19.852322350138945,0.167098,0.0
19.87455339420405,0.167098,0.0
19.896784438269155,0.167098,0.0
19.91901548233426,0.167098,0.0
19.941246526399365,0.167098,0.0
19.96347757046447,0.167098,0.0
19.985708614529575,0.0,0.0
20.00793965859468,0.0,0.0
20.030170702659785,0.0,0.0
20.05240174672489,0.0,0.0
20.074632790789998,0.0,0.0
20.096863834855103,0.0,0.0
20.119094878920208,0.0,0.0
20.141325922985313,0.0,0.0
20.163556967050418,0.0,0.0
20.185788011115523,0.0,0.0
20.20801905518063,0.0,0.0
20.230250099245733,0.0,0.0
20.25248114331084,0.0,0.0
20.274712187375943,0.0,0.0
20.29694323144105,0.0,0.0
20.319174275506153,0.0,0.0
20.34140531957126,0.0,0.0
20.363636363636363,0.0,0.0
20.38586740770147,0.0,0.0
20.408098451766573,0.0,0.0
20.430329495831682,0.0,0.0
20.452560539896787,0.0,0.0
20.474791583961892,0.0,0.0
20.497022628026997,0.0,0.0
20.519253672092102,0.0,0.0
20.541484716157207,0.0,0.0
20.563715760222312,0.0,0.0
20.585946804287417,0.0,0.0
20.608177848352522,0.0,0.0
20.630408892417627,0.0,0.0
20.652639936482732,0.0,0.0
20.674870980547837,0.0,0.0
20.697102024612942,0.0,0.0
20.719333068678047,0.0,0.0
20.741564112743152,0.0,0.0
20.763795156808257,0.0,0.0
20.786026200873366,0.0,0.0
20.80825724493847,0.0,0.0
20.830488289003576,0.0,0.0
20.85271933306868,0.0,0.0
20.874950377133786,0.0,0.0
20.89718142119889,0.0,0.0
20.919412465263996,0.0,0.0
20.9416435093291,0.0,0.0
20.963874553394206,0.0,0.0
20.98610559745931,0.0,0.0
21.008336641524416,0.0,0.0
21.03056768558952,0.0,0.0
21.052798729654626,0.0,0.0
21.07502977371973,0.0,0.0
21.097260817784836,0.0,0.0
21.11949186184994,0.0,0.0
21.14172290591505,0.0,0.0
21.163953949980154,0.0,0.0
21.18618499404526,0.0,0.0
21.208416038110364,0.0,0.0
21.23064708217547,0.0,0.0
21.252878126240574,0.0,0.0
21.27510917030568,0.0,0.0
21.297340214370784,0.0,0.0
21.31957125843589,0.0,0.0
21.341802302500994,0.0,0.0
21.3640333465661,0.0,0.0
21.386264390631204,0.0,0.0
21.40849543469631,0.0,0.0
21.430726478761414,0.0,0.0
21.45295752282652,0.0,0.0
21.475188566891624,0.0,0.0
21.49741961095673,0.0,0.0
21.519650655021838,0.0,0.0
21.541881699086943,0.0,0.0
21.564112743152048,0.0,0.0
21.586343787217153,0.0,0.0
21.608574831282258,0.0,0.0
21.630805875347363,0.0,0.0
21.653036919412468,0.0,0.0
21.675267963477573,0.0,0.0
21.697499007542678,0.0,0.0
21.719730051607783,0.0,0.0
21.741961095672888,0.0,0.0
21.764192139737993,0.0,0.0
21.786423183803098,0.0,0.0
21.808654227868203,0.0,0.0
21.830885271933308,0.0,0.0
21.853116315998413,0.0,0.0
21.87534736006352,0.0,0.0
21.897578404128627,0.0,0.0
21.919809448193732,0.0,0.0
21.942040492258837,0.0,0.0
21.964271536323942,0.0,0.0
21.986502580389047,0.0,0.0
22.008733624454152,0.0,0.0
22.030964668519257,0.0,0.0
22.053195712584362,0.0,0.0
22.075426756649467,0.0,0.0
22.097657800714572,0.0,0.0
22.119888844779677,0.0,0.0
22.142119888844782,0.0,0.0
22.164350932909887,0.0,0.0
22.186581976974992,0.0,0.0
22.208813021040097,0.0,0.0
22.231044065105205,0.0,0.0
22.25327510917031,0.0,0.0
22.275506153235415,0.0,0.0
22.29773719730052,0.0,0.0
22.319968241365626,0.0,0.0
22.34219928543073,0.0,0.0
22.364430329495836,0.0,0.0
22.38666137356094,0.0,0.0
22.408892417626046,0.0,0.0
22.43112346169115,0.0,0.0
22.453354505756256,0.0,0.0
22.47558554982136,0.0,0.0
22.497816593886466,0.0,0.0
22.52004763795157,0.0,0.0
22.542278682016676,0.0,0.0
22.56450972608178,0.0,0.0
22.586740770146886,0.0,0.0
22.60897181421199,0.0,0.0
22.631202858277096,0.0,0.0
22.6534339023422,0.0,0.0
22.675664946407306,0.0,0.0
22.69789599047241,0.0,0.0
22.720127034537516,0.0,0.0
22.74235807860262,0.0,0.0
22.764589122667726,0.0,0.0
22.78682016673283,0.0,0.0
22.809051210797936,0.0,0.0
22.83128225486304,0.0,0.0
22.853513298928146,0.0,0.0
22.87574434299325,0.0,0.0
22.897975387058356,0.0,0.0
22.92020643112346,0.0,0.0
22.942437475188566,0.0,0.0
22.964668519253674,0.0,0.0
22.98689956331878,0.0,0.0
23.009130607383884,0.0,0.0
23.03136165144899,0.0,0.0
23.053592695514094,0.0,0.0
23.0758237395792,0.0,0.0
23.098054783644304,0.0,0.0
23.12028582770941,0.0,0.0
23.142516871774514,0.0,0.0
23.16474791583962,0.0,0.0
23.186978959904724,0.0,0.0
23.20921000396983,0.0,0.0
23.231441048034934,0.0,0.0
23.25367209210004,0.0,0.0
23.275903136165145,0.0,0.0
23.29813418023025,0.0,0.0
23.320365224295358,0.0,0.0
23.342596268360463,0.0,0.0
23.364827312425568,0.0,0.0
23.387058356490673,0.0,0.0
23.409289400555778,0.0,0.0
23.431520444620883,0.0,0.0
23.453751488685988,0.0,0.0
23.475982532751093,0.0,0.0
23.498213576816198,0.0,0.0
23.520444620881303,0.0,0.0
23.542675664946408,0.0,0.0
23.564906709011513,0.0,0.0
23.587137753076618,0.0,0.0
23.609368797141723,0.0,0.0
23.631599841206828,0.0,0.0
23.653830885271933,0.0,0.0
23.676061929337042,0.0,0.0
23.698292973402147,0.0,0.0
23.720524017467252,0.0,0.0
23.742755061532357,0.0,0.0
23.764986105597462,0.0,0.0
23.787217149662567,0.0,0.0
23.809448193727672,0.0,0.0
23.831679237792777,0.0,0.0
23.853910281857882,0.0,0.0
23.876141325922987,0.0,0.0
23.898372369988092,0.0,0.0
23.920603414053197,0.0,0.0
23.942834458118302,0.0,0.0
23.965065502183407,0.0,0.0
23.987296546248512,0.0,0.0
24.009527590313617,0.0,0.0
24.031758634378726,0.0,0.0
24.05398967844383,0.0,0.0
24.076220722508936,0.0,0.0
24.09845176657404,0.0,0.0
24.120682810639146,0.0,0.0
24.14291385470425,0.0,0.0
24.165144898769356,0.0,0.0
24.18737594283446,0.0,0.0
24.209606986899566,0.0,0.0
24.23183803096467,0.0,0.0
24.254069075029776,0.0,0.0
24.27630011909488,0.0,0.0
24.298531163159986,0.0,0.0
24.32076220722509,0.0,0.0
24.342993251290196,0.0,0.0
24.3652242953553,0.0,0.0
24.387455339420406,0.0,0.0
24.409686383485514,0.0,0.0
24.43191742755062,0.0,0.0
24.454148471615724,0.0,0.0
24.47637951568083,0.0,0.0
24.498610559745934,0.0,0.0
24.52084160381104,0.0,0.0
24.543072647876144,0.0,0.0
24.56530369194125,0.0,0.0
24.587534736006354,0.0,0.0
24.60976578007146,0.0,0.0
24.631996824136564,0.0,0.0
24.65422786820167,0.0,0.0
24.676458912266774,0.0,0.0
24.69868995633188,0.0,0.0
24.720921000396984,0.0,0.0
24.74315204446209,0.0,0.0
24.765383088527198,0.0,0.0
24.787614132592303,0.0,0.0
24.809845176657408,0.0,0.0
24.832076220722513,0.0,0.0
24.854307264787618,0.0,0.0
24.876538308852723,0.0,0.0
24.898769352917828,0.0,0.0
24.921000396982933,0.0,0.0
24.943231441048038,0.0,0.0
24.965462485113143,0.0,0.0
24.987693529178248,0.0,0.0
25.009924573243353,0.0,0.0
25.032155617308458,0.0,0.0
25.054386661373563,0.0,0.0
25.076617705438668,0.0,0.0
25.098848749503773,0.0,0.0
25.12107979356888,0.0,0.0
25.143310837633987,0.0,0.0
25.16554188169909,0.0,0.0
25.187772925764197,0.0,0.0
25.2100039698293,0.0,0.0
25.232235013894407,0.0,0.0
25.25446605795951,0.0,0.0
25.276697102024617,0.0,0.0
25.29892814608972,0.0,0.0
25.321159190154827,0.0,0.0
25.34339023421993,0.0,0.0
25.365621278285037,0.0,0.0
25.38785232235014,0.0,0.0
25.410083366415247,0.0,0.0
25.432314410480352,0.0,0.0
25.454545454545457,0.0,0.0
25.476776498610565,0.0,0.0
25.49900754267567,0.0,0.0
25.521238586740772,0.0,0.0
25.543469630805877,0.0,0.0
25.565700674870982,0.0,0.0
25.587931718936087,0.0,0.0
25.610162763001192,0.0,0.0
25.632393807066297,0.0,0.0
25.654624851131402,0.0,0.0
25.676855895196507,0.0,0.0
25.699086939261612,0.0,0.0
25.721317983326717,0.0,0.0
25.743549027391822,0.0,0.0
25.765780071456927,0.0,0.0
25.788011115522032,0.0,0.0
25.810242159587137,0.0,0.0
25.832473203652242,0.0,0.0
25.85470424771735,0.0,0.0
25.876935291782456,0.0,0.0
25.89916633584756,0.0,0.0
25.921397379912666,0.0,0.0
25.94362842397777,0.0,0.0
25.965859468042876,0.0,0.0
25.98809051210798,0.167098,0.0
26.010321556173086,0.167098,0.0
26.03255260023819,0.167098,0.0
26.054783644303296,0.167098,0.0
26.0770146883684,0.167098,0.0
26.099245732433506,0.167098,0.0
26.12147677649861,0.167098,0.0
26.143707820563716,0.167098,0.0
26.16593886462882,0.167098,0.0
26.188169908693926,0.167098,0.0
26.210400952759034,0.167098,0.0
26.23263199682414,0.167098,0.0
26.254863040889244,0.167098,0.0
26.27709408495435,0.167098,0.0
26.299325129019454,0.167098,0.0
26.32155617308456,0.167098,0.0
26.343787217149664,0.167098,0.0
26.36601826121477,0.167098,0.0
26.388249305279874,0.167098,0.0
26.41048034934498,0.167098,0.0
26.432711393410084,0.167098,0.0
26.45494243747519,0.167098,0.0
26.477173481540294,0.167098,0.0
26.4994045256054,0.167098,0.0
26.521635569670504,0.167098,0.0
26.54386661373561,0.167098,0.0
26.566097657800718,0.167098,0.0
26.588328701865823,0.167098,0.0
26.610559745930928,0.167098,0.0
26.632790789996033,0.167098,0.0
26.655021834061138,0.167098,0.0
26.677252878126243,0.167098,0.0
26.699483922191348,0.167098,0.0
26.721714966256453,0.167098,0.0
26.743946010321558,0.167098,0.0
26.766177054386663,0.167098,0.0
26.788408098451768,0.167098,0.0
26.810639142516873,0.167098,0.0
26.832870186581978,0.167098,0.0
26.855101230647083,0.167098,0.0
26.877332274712188,0.167098,0.0
26.899563318777293,0.167098,0.0
26.9217943628424,0.167098,0.0
26.944025406907507,0.167098,0.0
26.96625645097261,0.167098,0.0
26.988487495037717,0.167098,0.0
27.01071853910282,0.167098,0.0
27.032949583167927,0.167098,0.0
27.05518062723303,0.167098,0.0
27.077411671298137,0.167098,0.0
27.09964271536324,0.167098,0.0
27.121873759428347,0.167098,0.0
27.144104803493452,0.167098,0.0
27.166335847558557,0.167098,0.0
27.188566891623662,0.167098,0.0
27.210797935688767,0.167098,0.0
27.233028979753872,0.167098,0.0
27.255260023818977,0.167098,0.0
27.277491067884082,0.167098,0.0
27.29972211194919,0.167098,0.0
27.321953156014295,0.167098,0.0
27.3441842000794,0.167098,0.0
27.366415244144505,0.167098,0.0
27.38864628820961,0.167098,0.0
27.410877332274715,0.167098,0.0
27.43310837633982,0.167098,0.0
27.455339420404925,0.167098,0.0
27.47757046447003,0.167098,0.0
27.499801508535135,0.167098,0.0
27.52203255260024,0.167098,0.0
27.544263596665346,0.167098,0.0
27.56649464073045,0.167098,0.0
27.588725684795556,0.167098,0.0
27.61095672886066,0.167098,0.0
27.633187772925766,0.167098,0.0
27.655418816990874,0.167098,0.0
27.67764986105598,0.167098,0.0
27.699880905121084,0.167098,0.0
27.72211194918619,0.167098,0.0
27.744342993251294,0.167098,0.0
27.7665740373164,0.167098,0.0
27.788805081381504,0.167098,0.0
27.81103612544661,0.167098,0.0
27.833267169511714,0.167098,0.0
27.85549821357682,0.167098,0.0
27.877729257641924,0.167098,0.0
27.89996030170703,0.167098,0.0
27.922191345772134,0.167098,0.0
27.94442238983724,0.167098,0.0
27.966653433902344,0.167098,0.0
27.98888447796745,0.167098,0.0
28.011115522032558,0.167098,0.0
28.033346566097663,0.167098,0.0
28.055577610162768,0.167098,0.0
28.077808654227873,0.167098,0.0
28.100039698292978,0.167098,0.0
28.122270742358083,0.167098,0.0
28.144501786423188,0.167098,0.0
28.166732830488293,0.167098,0.0
28.188963874553398,0.167098,0.0
28.211194918618503,0.167098,0.0
28.233425962683608,0.167098,0.0
28.255657006748713,0.167098,0.0
28.277888050813818,0.167098,0.0
28.300119094878923,0.167098,0.0
28.322350138944028,0.167098,0.0
28.344581183009133,0.167098,0.0
28.36681222707424,0.167098,0.0
28.389043271139347,0.167098,0.0
28.41127431520445,0.167098,0.0
28.433505359269557,0.167098,0.0
28.45573640333466,0.167098,0.0
28.477967447399767,0.167098,0.0
28.50019849146487,0.167098,0.0
28.522429535529977,0.167098,0.0
28.54466057959508,0.167098,0.0
28.566891623660187,0.167098,0.0
28.58912266772529,0.167098,0.0
28.611353711790397,0.167098,0.0
28.6335847558555,0.167098,0.0
28.655815799920607,0.167098,0.0
28.678046843985708,0.167098,0.0
28.700277888050813,0.167098,0.0
28.722508932115918,0.167098,0.0
28.744739976181027,0.167098,0.0
28.76697102024613,0.167098,0.0
28.789202064311237,0.167098,0.0
28.81143310837634,0.167098,0.0
28.833664152441447,0.167098,0.0
28.85589519650655,0.167098,0.0
28.878126240571657,0.167098,0.0
28.900357284636762,0.167098,0.0
28.922588328701867,0.167098,0.0
28.944819372766972,0.167098,0.0
28.967050416832077,0.167098,0.0
28.989281460897182,0.167098,0.0
29.011512504962287,0.167098,0.0
29.033743549027392,0.167098,0.0
29.055974593092497,0.167098,0.0
29.078205637157602,0.167098,0.0
29.10043668122271,0.167098,0.0
29.122667725287815,0.167098,0.0
29.14489876935292,0.167098,0.0
29.167129813418025,0.167098,0.0
29.18936085748313,0.167098,0.0
29.211591901548235,0.167098,0.0
29.23382294561334,0.167098,0.0
29.256053989678446,0.167098,0.0
29.27828503374355,0.167098,0.0
29.300516077808656,0.167098,0.0
29.32274712187376,0.167098,0.0
29.344978165938866,0.167098,0.0
29.36720921000397,0.167098,0.0
29.389440254069076,0.167098,0.0
29.41167129813418,0.167098,0.0
29.433902342199286,0.167098,0.0
29.456133386264394,0.167098,0.0
29.4783644303295,0.167098,0.0
29.500595474394604,0.167098,0.0
29.52282651845971,0.167098,0.0
29.545057562524814,0.167098,0.0
29.56728860658992,0.167098,0.0
29.589519650655024,0.167098,0.0
29.61175069472013,0.167098,0.0
29.633981738785234,0.167098,0.0
29.65621278285034,0.167098,0.0
29.678443826915444,0.167098,0.0
29.70067487098055,0.167098,0.0
29.722905915045654,0.167098,0.0
29.74513695911076,0.167098,0.0
29.767368003175864,0.167098,0.0
29.78959904724097,0.167098,0.0
29.811830091306074,0.167098,0.0
29.83406113537118,0.167098,0.0
29.856292179436284,0.167098,0.0
29.87852322350139,0.167098,0.0
29.900754267566494,0.167098,0.0
29.9229853116316,0.167098,0.0
29.945216355696704,0.167098,0.0
29.96744739976181,0.167098,0.0
29.989678443826914,0.0,0.0
30.011909487892027,0.0,0.0
30.03414053195713,0.0,0.0
30.056371576022237,0.0,0.0
30.07860262008734,0.0,0.0
30.100833664152447,0.0,0.0
30.12306470821755,0.0,0.0
30.145295752282657,0.0,0.0
30.16752679634776,0.0,0.0
30.189757840412867,0.0,0.0
30.21198888447797,0.0,0.0
30.234219928543077,0.0,0.0
30.25645097260818,0.0,0.0
30.278682016673287,0.0,0.0
30.30091306073839,0.0,0.0
30.323144104803497,0.0,0.0
30.3453751488686,0.0,0.0
30.367606192933707,0.0,0.0
30.38983723699881,0.0,0.0
30.412068281063917,0.0,0.0
30.43429932512902,0.0,0.0
30.456530369194127,0.0,0.0
30.47876141325923,0.0,0.0
30.500992457324337,0.0,0.0
30.52322350138944,0.0,0.0
30.545454545454547,0.0,0.0
30.56768558951965,0.0,0.0
30.589916633584757,0.0,0.0
30.612147677649862,0.0,0.0
30.634378721714967,0.0,0.0
30.656609765780072,0.0,0.0
30.678840809845177,0.0,0.0
30.701071853910282,0.0,0.0
30.723302897975394,0.0,0.0
30.7455339420405,0.0,0.0
30.767764986105604,0.0,0.0
30.78999603017071,0.0,0.0
30.812227074235814,0.0,0.0
30.83445811830092,0.0,0.0
30.856689162366024,0.0,0.0
30.87892020643113,0.0,0.0
30.901151250496234,0.0,0.0
30.92338229456134,0.0,0.0
30.945613338626444,0.0,0.0
30.96784438269155,0.0,0.0
30.990075426756654,0.0,0.0
31.01230647082176,0.0,0.0
31.034537514886864,0.0,0.0
31.05676855895197,0.0,0.0
31.078999603017074,0.0,0.0
31.10123064708218,0.0,0.0
31.123461691147284,0.0,0.0
31.14569273521239,0.0,0.0
31.167923779277494,0.0,0.0
31.1901548233426,0.0,0.0
31.212385867407704,0.0,0.0
31.23461691147281,0.0,0.0
31.256847955537914,0.0,0.0
31.27907899960302,0.0,0.0
31.301310043668124,0.0,0.0
31.32354108773323,0.0,0.0
31.345772131798334,0.0,0.0
31.36800317586344,0.0,0.0
31.390234219928544,0.0,0.0
31.41246526399365,0.0,0.0
31.434696308058754,0.0,0.0
31.456927352123863,0.0,0.0
31.479158396188968,0.0,0.0
31.501389440254073,0.0,0.0
31.523620484319178,0.0,0.0
31.545851528384283,0.0,0.0
31.568082572449388,0.0,0.0
31.590313616514493,0.0,0.0
31.612544660579598,0.0,0.0
31.634775704644703,0.0,0.0
31.657006748709808,0.0,0.0
31.679237792774913,0.0,0.0
31.701468836840018,0.0,0.0
31.723699880905123,0.0,0.0
31.745930924970228,0.0,0.0
31.768161969035333,0.0,0.0
31.790393013100438,0.0,0.0
31.812624057165543,0.0,0.0
31.834855101230648,0.0,0.0
31.857086145295753,0.0,0.0
31.879317189360858,0.0,0.0
31.901548233425963,0.0,0.0
31.923779277491068,0.0,0.0
31.946010321556173,0.0,0.0
31.968241365621278,0.0,0.0
31.990472409686383,0.0,0.0
32.01270345375149,0.0,0.0
32.03493449781659,0.0,0.0
32.0571655418817,0.0,0.0
32.0793965859468,0.0,0.0
32.10162763001191,0.0,0.0
32.12385867407701,0.0,0.0
32.14608971814212,0.0,0.0
32.16832076220723,0.0,0.0
32.19055180627234,0.0,0.0
32.21278285033744,0.0,0.0
32.23501389440255,0.0,0.0
32.25724493846765,0.0,0.0
32.27947598253276,0.0,0.0
32.30170702659786,0.0,0.0
32.32393807066297,0.0,0.0
32.34616911472807,0.0,0.0
32.36840015879318,0.0,0.0
32.39063120285828,0.0,0.0
32.41286224692339,0.0,0.0
32.43509329098849,0.0,0.0
32.4573243350536,0.0,0.0
32.4795553791187,0.0,0.0
32.50178642318381,0.0,0.0
32.52401746724891,0.0,0.0
32.54624851131402,0.0,0.0
32.56847955537912,0.0,0.0
32.59071059944423,0.0,0.0
32.61294164350933,0.0,0.0
32.63517268757444,0.0,0.0
32.65740373163954,0.0,0.0
32.67963477570465,0.0,0.0
32.70186581976975,0.0,0.0
32.72409686383486,0.0,0.0
32.74632790789996,0.0,0.0
32.76855895196507,0.0,0.0
32.79078999603017,0.0,0.0
32.81302104009528,0.0,0.0
32.83525208416038,0.0,0.0
32.85748312822549,0.0,0.0
32.87971417229059,0.0,0.0
32.901945216355706,0.0,0.0
32.92417626042081,0.0,0.0
32.94640730448591,0.0,0.0
32.96863834855102,0.0,0.0
32.99086939261612,0.0,0.0
33.01310043668123,0.0,0.0
33.03533148074633,0.0,0.0
33.05756252481144,0.0,0.0
33.07979356887654,0.0,0.0
33.10202461294165,0.0,0.0
33.12425565700675,0.0,0.0
33.14648670107186,0.0,0.0
33.16871774513696,0.0,0.0
33.19094878920207,0.0,0.0
33.21317983326717,0.0,0.0
33.23541087733228,0.0,0.0
33.25764192139738,0.0,0.0
33.27987296546249,0.0,0.0
33.30210400952759,0.0,0.0
33.3243350535927,0.0,0.0
33.3465660976578,0.0,0.0
33.36879714172291,0.0,0.0
33.39102818578801,0.0,0.0
33.41325922985312,0.0,0.0
33.43549027391822,0.0,0.0
33.45772131798333,0.0,0.0
33.47995236204843,0.0,0.0
33.50218340611354,0.0,0.0
33.52441445017864,0.0,0.0
33.54664549424375,0.0,0.0
33.56887653830885,0.0,0.0
33.59110758237396,0.0,0.0
33.61333862643907,0.0,0.0
33.635569670504175,0.0,0.0
33.65780071456928,0.0,0.0
33.680031758634385,0.0,0.0
33.70226280269949,0.0,0.0
33.724493846764595,0.0,0.0
33.7467248908297,0.0,0.0
33.768955934894805,0.0,0.0
33.79118697895991,0.0,0.0
33.813418023025015,0.0,0.0
33.83564906709012,0.0,0.0
33.857880111155225,0.0,0.0
33.88011115522033,0.0,0.0
33.902342199285435,0.0,0.0
33.92457324335054,0.0,0.0
33.946804287415645,0.0,0.0
33.96903533148075,0.0,0.0
33.991266375545855,0.0,0.0
34.01349741961096,0.0,0.0
34.035728463676065,0.0,0.0
34.05795950774117,0.0,0.0
34.080190551806275,0.0,0.0
34.10242159587138,0.0,0.0
34.124652639936485,0.0,0.0
34.14688368400159,0.0,0.0
34.169114728066695,0.0,0.0
34.1913457721318,0.0,0.0
34.213576816196905,0.0,0.0
34.23580786026201,0.0,0.0
34.258038904327115,0.0,0.0
34.28026994839222,0.0,0.0
34.302500992457325,0.0,0.0
34.32473203652243,0.0,0.0
34.34696308058754,0.0,0.0
34.369194124652644,0.0,0.0
34.39142516871775,0.0,0.0
34.413656212782854,0.0,0.0
34.43588725684796,0.0,0.0
34.458118300913064,0.0,0.0
34.48034934497817,0.0,0.0
34.502580389043274,0.0,0.0
34.52481143310838,0.0,0.0
34.547042477173484,0.0,0.0
34.56927352123859,0.0,0.0
34.591504565303694,0.0,0.0
34.6137356093688,0.0,0.0
34.635966653433904,0.0,0.0
34.65819769749901,0.0,0.0
34.680428741564114,0.0,0.0
34.70265978562922,0.0,0.0
34.724890829694324,0.0,0.0
34.74712187375943,0.0,0.0
34.769352917824534,0.0,0.0
34.79158396188964,0.0,0.0
34.813815005954744,0.0,0.0
34.83604605001985,0.0,0.0
34.858277094084954,0.0,0.0
34.88050813815006,0.0,0.0
34.902739182215164,0.0,0.0
34.92497022628027,0.0,0.0
34.947201270345374,0.0,0.0
34.96943231441048,0.0,0.0
34.991663358475584,0.0,0.0
35.01389440254069,0.0,0.0
35.036125446605794,0.0,0.0
35.05835649067091,0.0,0.0
35.08058753473601,0.0,0.0
35.10281857880112,0.0,0.0
35.12504962286622,0.0,0.0
35.14728066693133,0.0,0.0
35.16951171099643,0.0,0.0
35.19174275506154,0.0,0.0
35.21397379912664,0.0,0.0
35.23620484319175,0.0,0.0
35.25843588725685,0.0,0.0
35.28066693132196,0.0,0.0
35.30289797538706,0.0,0.0
35.32512901945217,0.0,0.0
35.34736006351727,0.0,0.0
35.36959110758238,0.0,0.0
35.39182215164748,0.0,0.0
35.41405319571259,0.0,0.0
35.43628423977769,0.0,0.0
35.4585152838428,0.0,0.0
35.4807463279079,0.0,0.0
35.50297737197301,0.0,0.0
35.52520841603811,0.0,0.0
35.54743946010322,0.0,0.0
35.56967050416832,0.0,0.0
35.59190154823343,0.0,0.0
35.61413259229853,0.0,0.0
35.63636363636364,0.0,0.0
35.65859468042874,0.0,0.0
35.68082572449385,0.0,0.0
35.70305676855895,0.0,0.0
35.72528781262406,0.0,0.0
35.74751885668916,0.0,0.0
35.76974990075427,0.0,0.0
35.79198094481938,0.0,0.0
35.81421198888449,0.0,0.0
35.83644303294959,0.0,0.0
35.8586740770147,0.0,0.0
35.8809051210798,0.0,0.0
35.90313616514491,0.0,0.0
35.92536720921001,0.0,0.0
35.94759825327512,0.0,0.0
35.96982929734022,0.0,0.0
35.99206034140533,0.167098,0.0
36.01429138547043,0.167098,0.0
36.03652242953554,0.167098,0.0
36.05875347360064,0.167098,0.0
36.08098451766575,0.167098,0.0
36.10321556173085,0.167098,0.0
36.12544660579595,0.167098,0.0
36.14767764986106,0.167098,0.0
36.16990869392616,0.167098,0.0
36.19213973799127,0.167098,0.0
36.21437078205637,0.167098,0.0
36.23660182612148,0.167098,0.0
36.25883287018658,0.167098,0.0
36.28106391425169,0.167098,0.0
36.30329495831679,0.167098,0.0
36.3255260023819,0.167098,0.0
36.347757046447,0.167098,0.0
36.36998809051211,0.167098,0.0
36.39221913457721,0.167098,0.0
36.41445017864232,0.167098,0.0
36.43668122270742,0.167098,0.0
36.45891226677253,0.167098,0.0
36.48114331083763,0.167098,0.0
36.503374354902746,0.167098,0.0
36.52560539896785,0.167098,0.0
36.547836443032956,0.167098,0.0
36.57006748709806,0.167098,0.0
36.592298531163166,0.167098,0.0
36.61452957522827,0.167098,0.0
36.636760619293376,0.167098,0.0
36.65899166335848,0.167098,0.0
36.681222707423586,0.167098,0.0
36.70345375148869,0.167098,0.0
36.725684795553796,0.167098,0.0
36.7479158396189,0.167098,0.0
36.770146883684006,0.167098,0.0
36.79237792774911,0.167098,0.0
36.814608971814216,0.167098,0.0
36.83684001587932,0.167098,0.0
36.85907105994443,0.167098,0.0
36.88130210400953,0.167098,0.0
36.90353314807464,0.167098,0.0
36.92576419213974,0.167098,0.0
36.94799523620485,0.167098,0.0
36.97022628026995,0.167098,0.0
36.99245732433506,0.167098,0.0
37.01468836840016,0.167098,0.0
37.03691941246527,0.167098,0.0
37.05915045653037,0.167098,0.0
37.08138150059548,0.167098,0.0
37.10361254466058,0.167098,0.0
37.12584358872569,0.167098,0.0
37.14807463279079,0.167098,0.0
37.1703056768559,0.167098,0.0
37.192536720921,0.167098,0.0
37.21476776498611,0.167098,0.0
37.236998809051215,0.167098,0.0
37.259229853116324,0.167098,0.0
37.281460897181425,0.167098,0.0
37.303691941246534,0.167098,0.0
37.325922985311635,0.167098,0.0
37.348154029376744,0.167098,0.0
37.370385073441845,0.167098,0.0
37.392616117506954,0.167098,0.0
37.414847161572055,0.167098,0.0
37.437078205637164,0.167098,0.0
37.459309249702265,0.167098,0.0
37.481540293767374,0.167098,0.0
37.503771337832475,0.167098,0.0
37.526002381897584,0.167098,0.0
37.548233425962685,0.167098,0.0
37.570464470027794,0.167098,0.0
37.592695514092895,0.167098,0.0
37.614926558158004,0.167098,0.0
37.637157602223105,0.167098,0.0
37.659388646288214,0.167098,0.0
37.681619690353315,0.167098,0.0
37.703850734418424,0.167098,0.0
37.726081778483525,0.167098,0.0
37.748312822548634,0.167098,0.0
37.770543866613735,0.167098,0.0
37.792774910678844,0.167098,0.0
37.815005954743945,0.167098,0.0
37.837236998809054,0.167098,0.0
37.859468042874155,0.167098,0.0
37.881699086939264,0.167098,0.0
37.903930131004365,0.167098,0.0
37.926161175069474,0.167098,0.0
37.94839221913458,0.167098,0.0
37.97062326319969,0.167098,0.0
37.99285430726479,0.167098,0.0
38.0150853513299,0.167098,0.0
38.037316395395,0.167098,0.0
38.05954743946011,0.167098,0.0
38.08177848352521,0.167098,0.0
38.10400952759032,0.167098,0.0
38.12624057165542,0.167098,0.0
38.14847161572053,0.167098,0.0
38.17070265978563,0.167098,0.0
38.19293370385074,0.167098,0.0
38.21516474791584,0.167098,0.0
38.23739579198095,0.167098,0.0
38.25962683604605,0.167098,0.0
38.28185788011116,0.167098,0.0
38.30408892417626,0.167098,0.0
38.32631996824137,0.167098,0.0
38.34855101230647,0.167098,0.0
38.37078205637158,0.167098,0.0
38.39301310043668,0.167098,0.0
38.41524414450179,0.167098,0.0
38.43747518856689,0.167098,0.0
38.459706232632,0.167098,0.0
38.4819372766971,0.167098,0.0
38.50416832076221,0.167098,0.0
38.52639936482731,0.167098,0.0
38.54863040889242,0.167098,0.0
38.57086145295752,0.167098,0.0
38.59309249702263,0.167098,0.0
38.61532354108773,0.167098,0.0
38.63755458515284,0.167098,0.0
38.65978562921794,0.167098,0.0
38.68201667328306,0.167098,0.0
38.70424771734816,0.167098,0.0
38.72647876141327,0.167098,0.0
38.74870980547837,0.167098,0.0
38.77094084954348,0.167098,0.0
38.79317189360858,0.167098,0.0
38.81540293767369,0.167098,0.0
38.83763398173879,0.167098,0.0
38.8598650258039,0.167098,0.0
38.882096069869,0.167098,0.0
38.90432711393411,0.167098,0.0
38.92655815799921,0.167098,0.0
38.94878920206432,0.167098,0.0
38.97102024612942,0.167098,0.0
38.99325129019453,0.167098,0.0
39.01548233425963,0.167098,0.0
39.03771337832474,0.167098,0.0
39.05994442238984,0.167098,0.0
39.08217546645495,0.167098,0.0
39.10440651052005,0.167098,0.0
39.12663755458516,0.167098,0.0
39.14886859865026,0.167098,0.0
39.17109964271537,0.167098,0.0
39.19333068678047,0.167098,0.0
39.21556173084558,0.167098,0.0
39.23779277491068,0.167098,0.0
39.26002381897579,0.167098,0.0
39.28225486304089,0.167098,0.0
39.30448590710599,0.167098,0.0
39.3267169511711,0.167098,0.0
39.3489479952362,0.167098,0.0
39.37117903930131,0.167098,0.0
39.39341008336642,0.167098,0.0
39.41564112743153,0.167098,0.0
39.43787217149663,0.167098,0.0
39.46010321556174,0.167098,0.0
39.48233425962684,0.167098,0.0
39.50456530369195,0.167098,0.0
39.52679634775705,0.167098,0.0
39.54902739182216,0.167098,0.0
39.57125843588726,0.167098,0.0
39.59348947995237,0.167098,0.0
39.61572052401747,0.167098,0.0
39.63795156808258,0.167098,0.0
39.66018261214768,0.167098,0.0
39.68241365621279,0.167098,0.0
39.70464470027789,0.167098,0.0
39.726875744343,0.167098,0.0
39.7491067884081,0.167098,0.0
39.77133783247321,0.167098,0.0
39.79356887653831,0.167098,0.0
39.81579992060342,0.167098,0.0
39.83803096466852,0.167098,0.0
39.86026200873363,0.167098,0.0
39.88249305279873,0.167098,0.0
39.90472409686384,0.167098,0.0
39.92695514092894,0.167098,0.0
39.94918618499405,0.167098,0.0
39.97141722905915,0.167098,0.0
39.99364827312426,0.167098,0.0
40.01587931718936,0.167098,0.0
40.03811036125447,0.167098,0.0
40.06034140531957,0.167098,0.0
40.08257244938468,0.167098,0.0
40.10480349344978,0.167098,0.0
40.127034537514895,0.167098,0.0
40.149265581579996,0.167098,0.0
40.171496625645105,0.167098,0.0
40.193727669710206,0.167098,0.0
40.215958713775315,0.167098,0.0
40.238189757840416,0.167098,0.0
40.260420801905525,0.167098,0.0
40.282651845970626,0.167098,0.0
40.304882890035735,0.167098,0.0
40.327113934100836,0.167098,0.0
40.349344978165945,0.167098,0.0
40.37157602223105,0.167098,0.0
40.393807066296155,0.167098,0.0
40.41603811036126,0.167098,0.0
40.438269154426365,0.167098,0.0
40.46050019849147,0.167098,0.0
40.482731242556575,0.167098,0.0
40.50496228662168,0.167098,0.0
40.527193330686785,0.167098,0.0
40.54942437475189,0.167098,0.0
40.571655418816995,0.167098,0.0
40.5938864628821,0.167098,0.0
40.616117506947205,0.167098,0.0
40.63834855101231,0.167098,0.0
40.660579595077415,0.167098,0.0
40.68281063914252,0.167098,0.0
40.705041683207625,0.167098,0.0
40.72727272727273,0.167098,0.0
40.749503771337835,0.167098,0.0
40.77173481540294,0.167098,0.0
40.793965859468045,0.167098,0.0
40.81619690353315,0.167098,0.0
40.83842794759826,0.167098,0.0
40.860658991663364,0.167098,0.0
40.88289003572847,0.167098,0.0
40.905121079793574,0.167098,0.0
40.92735212385868,0.167098,0.0
40.949583167923784,0.167098,0.0
40.97181421198889,0.167098,0.0
40.994045256053994,0.167098,0.0
41.0162763001191,0.167098,0.0
41.038507344184204,0.167098,0.0
41.06073838824931,0.167098,0.0
41.082969432314414,0.167098,0.0
41.10520047637952,0.167098,0.0
41.127431520444624,0.167098,0.0
41.14966256450973,0.167098,0.0
41.171893608574834,0.167098,0.0
41.19412465263994,0.167098,0.0
41.216355696705044,0.167098,0.0
41.23858674077015,0.167098,0.0
41.260817784835254,0.167098,0.0
41.28304882890036,0.167098,0.0
41.305279872965464,0.167098,0.0
41.32751091703057,0.167098,0.0
41.349741961095674,0.167098,0.0
41.37197300516078,0.167098,0.0
41.394204049225884,0.167098,0.0
41.41643509329099,0.167098,0.0
41.438666137356094,0.167098,0.0
41.4608971814212,0.167098,0.0
41.483128225486304,0.167098,0.0
41.50535926955141,0.167098,0.0
41.527590313616514,0.167098,0.0
41.54982135768162,0.167098,0.0
41.57205240174673,0.167098,0.0
41.59428344581184,0.167098,0.0
41.61651448987694,0.167098,0.0
41.63874553394205,0.167098,0.0
41.66097657800715,0.167098,0.0
41.68320762207226,0.167098,0.0
41.70543866613736,0.167098,0.0
41.72766971020247,0.167098,0.0
41.74990075426757,0.167098,0.0
41.77213179833268,0.167098,0.0
41.79436284239778,0.167098,0.0
41.81659388646289,0.167098,0.0
41.83882493052799,0.167098,0.0
41.8610559745931,0.167098,0.0
41.8832870186582,0.167098,0.0
41.90551806272331,0.167098,0.0
41.92774910678841,0.167098,0.0
41.94998015085352,0.167098,0.0
41.97221119491862,0.167098,0.0
41.99444223898373,0.167098,0.0
42.01667328304883,0.167098,0.0
42.03890432711394,0.167098,0.0
42.06113537117904,0.167098,0.0
42.08336641524415,0.167098,0.0
42.10559745930925,0.167098,0.0
42.12782850337436,0.167098,0.0
42.15005954743946,0.167098,0.0
42.17229059150457,0.167098,0.0
42.19452163556967,0.167098,0.0
42.21675267963478,0.167098,0.0
42.23898372369988,0.167098,0.0
42.26121476776499,0.167098,0.0
42.2834458118301,0.167098,0.0
42.3056768558952,0.167098,0.0
42.32790789996031,0.167098,0.0
42.35013894402541,0.167098,0.0
42.37236998809052,0.167098,0.0
42.39460103215562,0.167098,0.0
42.41683207622073,0.167098,0.0
42.43906312028583,0.167098,0.0
42.46129416435094,0.167098,0.0
42.48352520841604,0.167098,0.0
42.50575625248115,0.167098,0.0
42.52798729654625,0.167098,0.0
42.55021834061136,0.167098,0.0
42.57244938467646,0.167098,0.0
42.59468042874157,0.167098,0.0
42.61691147280667,0.167098,0.0
42.63914251687178,0.167098,0.0
42.66137356093688,0.167098,0.0
42.68360460500199,0.167098,0.0
42.70583564906709,0.167098,0.0
42.7280666931322,0.167098,0.0
42.7502977371973,0.167098,0.0
42.77252878126241,0.167098,0.0
42.79475982532751,0.167098,0.0
42.81699086939262,0.167098,0.0
42.83922191345772,0.167098,0.0
42.86145295752283,0.167098,0.0
42.88368400158793,0.167098,0.0
42.90591504565304,0.167098,0.0
42.92814608971814,0.167098,0.0
42.95037713378325,0.167098,0.0
42.97260817784835,0.167098,0.0
42.99483922191346,0.167098,0.0
43.01707026597857,0.167098,0.0
43.039301310043676,0.167098,0.0
43.06153235410878,0.167098,0.0
43.083763398173886,0.167098,0.0
43.10599444223899,0.167098,0.0
43.128225486304096,0.167098,0.0
43.1504565303692,0.167098,0.0
43.172687574434306,0.167098,0.0
43.19491861849941,0.167098,0.0
43.217149662564516,0.167098,0.0
43.23938070662962,0.167098,0.0
43.261611750694726,0.167098,0.0
43.28384279475983,0.167098,0.0
43.306073838824936,0.167098,0.0
43.32830488289004,0.167098,0.0
43.350535926955146,0.167098,0.0
43.37276697102025,0.167098,0.0
43.394998015085356,0.167098,0.0
43.41722905915046,0.167098,0.0
43.439460103215566,0.167098,0.0
43.46169114728067,0.167098,0.0
43.483922191345776,0.167098,0.0
43.50615323541088,0.167098,0.0
43.528384279475986,0.167098,0.0
43.55061532354109,0.167098,0.0
43.572846367606196,0.167098,0.0
43.5950774116713,0.167098,0.0
43.617308455736406,0.167098,0.0
43.63953949980151,0.167098,0.0
43.661770543866616,0.167098,0.0
43.68400158793172,0.167098,0.0
43.706232631996826,0.167098,0.0
43.728463676061935,0.167098,0.0
43.75069472012704,0.167098,0.0
43.772925764192145,0.167098,0.0
43.79515680825725,0.167098,0.0
43.817387852322355,0.167098,0.0
43.839618896387464,0.167098,0.0
43.861849940452565,0.167098,0.0
43.884080984517674,0.167098,0.0
43.906312028582775,0.167098,0.0
43.928543072647884,0.167098,0.0
43.950774116712985,0.167098,0.0
43.973005160778094,0.167098,0.0
43.995236204843195,0.167098,0.0
44.017467248908304,0.167098,0.0
44.039698292973405,0.167098,0.0
44.061929337038514,0.167098,0.0
44.084160381103615,0.167098,0.0
44.106391425168724,0.167098,0.0
44.128622469233825,0.167098,0.0
44.150853513298934,0.167098,0.0
44.173084557364035,0.167098,0.0
44.195315601429144,0.167098,0.0
44.217546645494245,0.167098,0.0
44.239777689559354,0.167098,0.0
44.262008733624455,0.167098,0.0
44.284239777689564,0.167098,0.0
44.306470821754665,0.167098,0.0
44.328701865819774,0.167098,0.0
44.350932909884875,0.167098,0.0
44.373163953949984,0.167098,0.0
44.395394998015085,0.167098,0.0
44.417626042080194,0.167098,0.0
44.439857086145295,0.167098,0.0
44.46208813021041,0.167098,0.0
44.48431917427551,0.167098,0.0
44.50655021834062,0.167098,0.0
44.52878126240572,0.167098,0.0
44.55101230647083,0.167098,0.0
44.57324335053593,0.167098,0.0
44.59547439460104,0.167098,0.0
44.61770543866614,0.167098,0.0
44.63993648273125,0.167098,0.0
44.66216752679635,0.167098,0.0
44.68439857086146,0.167098,0.0
44.70662961492656,0.167098,0.0
44.72886065899167,0.167098,0.0
44.75109170305677,0.167098,0.0
44.77332274712188,0.167098,0.0
44.79555379118698,0.167098,0.0
44.81778483525209,0.167098,0.0
44.84001587931719,0.167098,0.0
44.8622469233823,0.167098,0.0
44.8844779674474,0.167098,0.0
44.90670901151251,0.167098,0.0
44.92894005557761,0.167098,0.0
44.95117109964272,0.167098,0.0
44.97340214370782,0.167098,0.0
44.99563318777293,0.167098,0.0
45.01786423183803,0.167098,0.0
45.04009527590314,0.167098,0.0
45.06232631996824,0.167098,0.0
45.08455736403335,0.167098,0.0
45.10678840809845,0.167098,0.0
45.12901945216356,0.167098,0.0
45.15125049622866,0.167098,0.0
45.17348154029377,0.167098,0.0
45.19571258435888,0.167098,0.0
45.21794362842398,0.167098,0.0
45.24017467248909,0.167098,0.0
45.26240571655419,0.167098,0.0
45.2846367606193,0.167098,0.0
45.3068678046844,0.167098,0.0
45.32909884874951,0.167098,0.0
45.35132989281461,0.167098,0.0
45.37356093687972,0.167098,0.0
45.39579198094482,0.167098,0.0
45.41802302500993,0.167098,0.0
45.44025406907503,0.167098,0.0
45.46248511314014,0.167098,0.0
45.48471615720524,0.167098,0.0
45.50694720127035,0.167098,0.0
45.52917824533545,0.167098,0.0
45.55140928940056,0.167098,0.0
45.57364033346566,0.167098,0.0
45.59587137753077,0.167098,0.0
45.61810242159587,0.167098,0.0
45.64033346566098,0.167098,0.0
45.66256450972608,0.167098,0.0
45.68479555379119,0.167098,0.0
45.70702659785629,0.167098,0.0
45.7292576419214,0.167098,0.0
45.7514886859865,0.167098,0.0
45.77371973005161,0.167098,0.0
45.79595077411671,0.167098,0.0
45.81818181818182,0.167098,0.0
45.84041286224692,0.167098,0.0
45.86264390631203,0.167098,0.0
45.88487495037713,0.167098,0.0
45.90710599444225,0.167098,0.0
45.92933703850735,0.167098,0.0
45.95156808257246,0.167098,0.0
45.97379912663756,0.167098,0.0
45.99603017070267,0.167098,0.0
46.01826121476777,0.167098,0.0
46.04049225883288,0.167098,0.0
46.06272330289798,0.167098,0.0
46.08495434696309,0.167098,0.0
46.10718539102819,0.167098,0.0
46.1294164350933,0.167098,0.0
46.1516474791584,0.167098,0.0
46.17387852322351,0.167098,0.0
46.19610956728861,0.167098,0.0
46.21834061135372,0.167098,0.0
46.24057165541882,0.167098,0.0
46.26280269948393,0.167098,0.0
46.28503374354903,0.167098,0.0
46.30726478761414,0.167098,0.0
46.32949583167924,0.167098,0.0
46.35172687574435,0.167098,0.0
46.37395791980945,0.167098,0.0
46.39618896387456,0.167098,0.0
46.41842000793966,0.167098,0.0
46.44065105200477,0.167098,0.0
46.46288209606987,0.167098,0.0
46.48511314013498,0.167098,0.0
46.50734418420008,0.167098,0.0
46.52957522826519,0.167098,0.0
46.55180627233029,0.167098,0.0
46.5740373163954,0.167098,0.0
46.5962683604605,0.167098,0.0
46.618499404525615,0.167098,0.0
46.640730448590716,0.167098,0.0
46.662961492655825,0.167098,0.0
46.685192536720926,0.167098,0.0
46.707423580786035,0.167098,0.0
46.729654624851136,0.167098,0.0
46.751885668916245,0.167098,0.0
46.774116712981346,0.167098,0.0
46.796347757046455,0.167098,0.0
46.818578801111556,0.167098,0.0
46.840809845176665,0.167098,0.0
46.863040889241766,0.167098,0.0
46.885271933306875,0.167098,0.0
46.907502977371976,0.167098,0.0
46.929734021437085,0.167098,0.0
46.951965065502186,0.167098,0.0
46.974196109567295,0.167098,0.0
46.996427153632396,0.167098,0.0
47.018658197697505,0.167098,0.0
47.040889241762606,0.167098,0.0
47.063120285827715,0.167098,0.0
47.085351329892816,0.167098,0.0
47.107582373957925,0.167098,0.0
47.129813418023026,0.167098,0.0
47.152044462088135,0.167098,0.0
47.174275506153236,0.167098,0.0
47.196506550218345,0.167098,0.0
47.218737594283446,0.167098,0.0
47.240968638348555,0.167098,0.0
47.263199682413656,0.167098,0.0
47.285430726478765,0.167098,0.0
47.30766177054387,0.167098,0.0
47.329892814608975,0.167098,0.0
47.352123858674084,0.167098,0.0
47.37435490273919,0.167098,0.0
47.396585946804294,0.167098,0.0
47.4188169908694,0.167098,0.0
47.441048034934504,0.167098,0.0
47.46327907899961,0.167098,0.0
47.485510123064714,0.167098,0.0
47.50774116712982,0.167098,0.0
47.529972211194924,0.167098,0.0
47.55220325526003,0.167098,0.0
47.574434299325134,0.167098,0.0
47.59666534339024,0.167098,0.0
47.618896387455344,0.167098,0.0
47.64112743152045,0.167098,0.0
47.663358475585554,0.167098,0.0
47.68558951965066,0.167098,0.0
47.707820563715764,0.167098,0.0
47.73005160778087,0.167098,0.0
47.752282651845974,0.167098,0.0
47.77451369591108,0.167098,0.0
47.796744739976184,0.167098,0.0
47.81897578404129,0.167098,0.0
47.841206828106394,0.167098,0.0
47.8634378721715,0.167098,0.0
47.885668916236604,0.167098,0.0
47.90789996030171,0.167098,0.0
47.930131004366814,0.167098,0.0
47.95236204843192,0.167098,0.0
47.974593092497024,0.167098,0.0
47.99682413656213,0.167098,0.0
48.019055180627234,0.167098,0.0
48.04128622469234,0.167098,0.0
48.06351726875745,0.167098,0.0
48.08574831282255,0.167098,0.0
48.10797935688766,0.167098,0.0
48.13021040095276,0.167098,0.0
48.15244144501787,0.167098,0.0
48.17467248908297,0.167098,0.0
48.19690353314808,0.167098,0.0
48.21913457721318,0.167098,0.0
48.24136562127829,0.167098,0.0
48.26359666534339,0.167098,0.0
48.2858277094085,0.167098,0.0
48.3080587534736,0.167098,0.0
48.33028979753871,0.167098,0.0
48.35252084160381,0.167098,0.0
48.37475188566892,0.167098,0.0
48.39698292973402,0.167098,0.0
48.41921397379913,0.167098,0.0
48.44144501786423,0.167098,0.0
48.46367606192934,0.167098,0.0
48.48590710599444,0.167098,0.0
48.50813815005955,0.167098,0.0
48.53036919412465,0.167098,0.0
48.55260023818976,0.167098,0.0
48.57483128225486,0.167098,0.0
48.59706232631997,0.167098,0.0
48.61929337038507,0.167098,0.0
48.64152441445018,0.167098,0.0
48.66375545851528,0.167098,0.0
48.68598650258039,0.167098,0.0
48.70821754664549,0.167098,0.0
48.7304485907106,0.167098,0.0
48.7526796347757,0.167098,0.0
48.77491067884081,0.167098,0.0
48.79714172290592,0.167098,0.0
48.81937276697103,0.167098,0.0
48.84160381103613,0.167098,0.0
48.86383485510124,0.167098,0.0
48.88606589916634,0.167098,0.0
48.90829694323145,0.167098,0.0
48.93052798729655,0.167098,0.0
48.95275903136166,0.167098,0.0
48.97499007542676,0.167098,0.0
48.99722111949187,0.167098,0.0
49.01945216355697,0.167098,0.0
49.04168320762208,0.167098,0.0
49.06391425168718,0.167098,0.0
49.08614529575229,0.167098,0.0
49.10837633981739,0.167098,0.0
49.1306073838825,0.167098,0.0
49.1528384279476,0.167098,0.0
49.17506947201271,0.167098,0.0
49.19730051607781,0.167098,0.0
49.21953156014292,0.167098,0.0
49.24176260420802,0.167098,0.0
49.26399364827313,0.167098,0.0
49.28622469233823,0.167098,0.0
49.30845573640334,0.167098,0.0
49.33068678046844,0.167098,0.0
49.35291782453355,0.167098,0.0
49.37514886859865,0.167098,0.0
49.39737991266376,0.167098,0.0
49.41961095672886,0.167098,0.0
49.44184200079397,0.167098,0.0
49.46407304485907,0.167098,0.0
49.48630408892418,0.167098,0.0
49.50853513298929,0.167098,0.0
49.530766177054396,0.167098,0.0
49.5529972211195,0.167098,0.0
49.575228265184606,0.167098,0.0
49.59745930924971,0.167098,0.0
49.619690353314816,0.167098,0.0
49.64192139737992,0.167098,0.0
49.664152441445026,0.167098,0.0
49.68638348551013,0.167098,0.0
49.708614529575236,0.167098,0.0
49.73084557364034,0.167098,0.0
49.753076617705446,0.167098,0.0
49.77530766177055,0.167098,0.0
49.797538705835656,0.167098,0.0
49.81976974990076,0.167098,0.0
49.842000793965866,0.167098,0.0
49.86423183803097,0.167098,0.0
49.886462882096076,0.167098,0.0
49.90869392616118,0.167098,0.0
49.930924970226286,0.167098,0.0
49.95315601429139,0.167098,0.0
49.975387058356496,0.167098,0.0
49.9976181024216,0.167098,0.0
50.019849146486706,0.167098,0.0
50.04208019055181,0.167098,0.0
50.064311234616916,0.167098,0.0
50.08654227868202,0.167098,0.0
50.108773322747126,0.167098,0.0
50.13100436681223,0.167098,0.0
50.153235410877336,0.167098,0.0
50.17546645494244,0.167098,0.0
50.197697499007546,0.167098,0.0
50.21992854307265,0.167098,0.0
50.24215958713776,0.167098,0.0
50.264390631202865,0.167098,0.0
50.28662167526797,0.167098,0.0
50.308852719333075,0.167098,0.0
50.33108376339818,0.167098,0.0
50.353314807463285,0.167098,0.0
50.37554585152839,0.167098,0.0
50.397776895593495,0.167098,0.0
50.4200079396586,0.167098,0.0
50.442238983723705,0.167098,0.0
50.46447002778881,0.167098,0.0
50.486701071853915,0.167098,0.0
50.50893211591902,0.167098,0.0
50.531163159984125,0.167098,0.0
50.55339420404923,0.167098,0.0
50.575625248114335,0.167098,0.0
50.59785629217944,0.167098,0.0
50.620087336244545,0.167098,0.0
50.64231838030965,0.167098,0.0
50.664549424374755,0.167098,0.0
50.68678046843986,0.167098,0.0
50.709011512504965,0.167098,0.0
50.73124255657007,0.167098,0.0
50.753473600635175,0.167098,0.0
50.77570464470028,0.167098,0.0
50.797935688765385,0.167098,0.0
50.820166732830494,0.167098,0.0
50.842397776895595,0.167098,0.0
50.864628820960704,0.167098,0.0
50.886859865025805,0.167098,0.0
50.909090909090914,0.167098,0.0
50.931321953156015,0.167098,0.0
50.95355299722113,0.167098,0.0
50.97578404128623,0.167098,0.0
50.99801508535134,0.167098,0.0
51.02024612941644,0.167098,0.0
51.042477173481544,0.167098,0.0
51.06470821754665,0.167098,0.0
51.086939261611754,0.167098,0.0
51.10917030567686,0.167098,0.0
51.131401349741964,0.167098,0.0
51.15363239380707,0.167098,0.0
51.175863437872174,0.167098,0.0
51.19809448193728,0.167098,0.0
51.220325526002384,0.167098,0.0
51.24255657006749,0.167098,0.0
51.264787614132594,0.167098,0.0
51.2870186581977,0.167098,0.0
51.309249702262804,0.167098,0.0
51.33148074632791,0.167098,0.0
51.353711790393014,0.167098,0.0
51.37594283445812,0.167098,0.0
51.398173878523224,0.167098,0.0
51.42040492258833,0.167098,0.0
51.442635966653434,0.167098,0.0
51.46486701071854,0.167098,0.0
51.487098054783644,0.167098,0.0
51.50932909884875,0.167098,0.0
51.531560142913854,0.167098,0.0
51.55379118697896,0.167098,0.0
51.576022231044064,0.167098,0.0
51.59825327510917,0.167098,0.0
51.620484319174274,0.167098,0.0
51.64271536323938,0.167098,0.0
51.664946407304484,0.167098,0.0
51.6871774513696,0.167098,0.0
51.7094084954347,0.167098,0.0
51.73163953949981,0.167098,0.0
51.75387058356491,0.167098,0.0
51.77610162763002,0.167098,0.0
51.79833267169512,0.167098,0.0
51.82056371576023,0.167098,0.0
51.84279475982533,0.167098,0.0
51.86502580389044,0.167098,0.0
51.88725684795554,0.167098,0.0
51.90948789202065,0.167098,0.0
51.93171893608575,0.167098,0.0
51.95394998015086,0.167098,0.0
51.97618102421596,0.167098,0.0
51.99841206828107,0.167098,0.0
52.02064311234617,0.167098,0.0
52.04287415641128,0.167098,0.0
52.06510520047638,0.167098,0.0
52.08733624454149,0.167098,0.0
52.10956728860659,0.167098,0.0
52.1317983326717,0.167098,0.0
52.1540293767368,0.167098,0.0
52.17626042080191,0.167098,0.0
52.19849146486701,0.167098,0.0
52.22072250893212,0.167098,0.0
52.24295355299722,0.167098,0.0
52.26518459706233,0.167098,0.0
52.28741564112743,0.167098,0.0
52.30964668519254,0.167098,0.0
52.33187772925764,0.167098,0.0
52.35410877332275,0.167098,0.0
52.37633981738785,0.167098,0.0
52.39857086145297,0.167098,0.0
52.42080190551807,0.167098,0.0
52.44303294958318,0.167098,0.0
52.46526399364828,0.167098,0.0
52.48749503771339,0.167098,0.0
52.50972608177849,0.167098,0.0
52.5319571258436,0.167098,0.0
52.5541881699087,0.167098,0.0
52.57641921397381,0.167098,0.0
52.59865025803891,0.167098,0.0
52.62088130210402,0.167098,0.0
52.64311234616912,0.167098,0.0
52.66534339023423,0.167098,0.0
52.68757443429933,0.167098,0.0
52.70980547836444,0.167098,0.0
52.73203652242954,0.167098,0.0
52.75426756649465,0.167098,0.0
52.77649861055975,0.167098,0.0
52.79872965462486,0.167098,0.0
52.82096069868996,0.167098,0.0
52.84319174275507,0.167098,0.0
52.86542278682017,0.167098,0.0
52.88765383088528,0.167098,0.0
52.90988487495038,0.167098,0.0
52.93211591901549,0.167098,0.0
52.95434696308059,0.167098,0.0
52.9765780071457,0.167098,0.0
52.9988090512108,0.167098,0.0
53.02104009527591,0.167098,0.0
53.04327113934101,0.167098,0.0
53.06550218340612,0.167098,0.0
53.08773322747122,0.167098,0.0
53.10996427153633,0.167098,0.0
53.132195315601436,0.167098,0.0
53.154426359666544,0.167098,0.0
53.176657403731646,0.167098,0.0
53.198888447796755,0.167098,0.0
53.221119491861856,0.167098,0.0
53.243350535926965,0.167098,0.0
53.265581579992066,0.167098,0.0
53.287812624057175,0.167098,0.0
53.310043668122276,0.167098,0.0
53.332274712187385,0.167098,0.0
53.354505756252486,0.167098,0.0
53.376736800317595,0.167098,0.0
53.398967844382696,0.167098,0.0
53.421198888447805,0.167098,0.0
53.443429932512906,0.167098,0.0
53.465660976578015,0.167098,0.0
53.487892020643116,0.167098,0.0
53.510123064708225,0.167098,0.0
53.532354108773326,0.167098,0.0
53.554585152838435,0.167098,0.0
53.576816196903536,0.167098,0.0
53.599047240968645,0.167098,0.0
53.621278285033746,0.167098,0.0
53.643509329098855,0.167098,0.0
53.665740373163956,0.167098,0.0
53.687971417229065,0.167098,0.0
53.710202461294166,0.167098,0.0
53.732433505359275,0.167098,0.0
53.754664549424376,0.167098,0.0
53.776895593489485,0.167098,0.0
53.799126637554586,0.167098,0.0
53.821357681619695,0.167098,0.0
53.8435887256848,0.167098,0.0
53.86581976974991,0.167098,0.0
53.88805081381501,0.167098,0.0
53.91028185788012,0.167098,0.0
53.93251290194522,0.167098,0.0
53.95474394601033,0.167098,0.0
53.97697499007543,0.167098,0.0
53.99920603414054,0.167098,0.0
54.02143707820564,0.167098,0.0
54.04366812227075,0.167098,0.0
54.06589916633585,0.167098,0.0
54.08813021040096,0.167098,0.0
54.11036125446606,0.167098,0.0
54.13259229853117,0.167098,0.0
54.15482334259627,0.167098,0.0
54.177054386661375,0.167098,0.0
54.19928543072648,0.167098,0.0
54.221516474791585,0.167098,0.0
54.24374751885669,0.167098,0.0
54.265978562921795,0.167098,0.0
54.288209606986904,0.167098,0.0
54.310440651052005,0.167098,0.0
54.332671695117114,0.167098,0.0
54.354902739182215,0.167098,0.0
54.377133783247324,0.167098,0.0
54.399364827312425,0.167098,0.0
54.421595871377534,0.167098,0.0
54.443826915442635,0.167098,0.0
54.466057959507744,0.167098,0.0
54.488289003572845,0.167098,0.0
54.510520047637954,0.167098,0.0
54.532751091703055,0.167098,0.0
54.554982135768164,0.167098,0.0
54.57721317983327,0.167098,0.0
54.59944422389838,0.167098,0.0
54.62167526796348,0.167098,0.0
54.64390631202859,0.167098,0.0
54.66613735609369,0.167098,0.0
54.6883684001588,0.167098,0.0
54.7105994442239,0.167098,0.0
54.73283048828901,0.167098,0.0
54.75506153235411,0.167098,0.0
54.77729257641922,0.167098,0.0
54.79952362048432,0.167098,0.0
54.82175466454943,0.167098,0.0
54.84398570861453,0.167098,0.0
54.86621675267964,0.167098,0.0
54.88844779674474,0.167098,0.0
54.91067884080985,0.167098,0.0
54.93290988487495,0.167098,0.0
54.95514092894006,0.167098,0.0
54.97737197300516,0.167098,0.0
54.99960301707027,0.167098,0.0
55.02183406113537,0.167098,0.0
55.04406510520048,0.167098,0.0
55.06629614926558,0.167098,0.0
55.08852719333069,0.167098,0.0
55.11075823739579,0.167098,0.0
55.1329892814609,0.167098,0.0
55.155220325526,0.167098,0.0
55.17745136959111,0.167098,0.0
55.19968241365621,0.167098,0.0
55.22191345772132,0.167098,0.0
55.24414450178642,0.167098,0.0
55.26637554585153,0.167098,0.0
55.28860658991664,0.167098,0.0
55.31083763398175,0.167098,0.0
55.33306867804685,0.167098,0.0
55.35529972211196,0.167098,0.0
55.37753076617706,0.167098,0.0
55.39976181024217,0.167098,0.0
55.42199285430727,0.167098,0.0
55.44422389837238,0.167098,0.0
55.46645494243748,0.167098,0.0
55.48868598650259,0.167098,0.0
55.51091703056769,0.167098,0.0
55.5331480746328,0.167098,0.0
55.5553791186979,0.167098,0.0
55.57761016276301,0.167098,0.0
55.59984120682811,0.167098,0.0
55.62207225089322,0.167098,0.0
55.64430329495832,0.167098,0.0
55.66653433902343,0.167098,0.0
55.68876538308853,0.167098,0.0
55.71099642715364,0.167098,0.0
55.73322747121874,0.167098,0.0
55.75545851528385,0.167098,0.0
55.77768955934895,0.167098,0.0
55.79992060341406,0.167098,0.0
55.82215164747916,0.167098,0.0
55.84438269154427,0.167098,0.0
55.86661373560937,0.167098,0.0
55.88884477967448,0.167098,0.0
55.91107582373958,0.167098,0.0
55.93330686780469,0.167098,0.0
55.95553791186979,0.167098,0.0
55.9777689559349,0.167098,0.0
56.0,0.167098,0.0
