0.0,1.5323449796758313,1.5345744376728,1.536705800584273,1.5387471906645889,1.540709798472792,1.5426056798201386,1.5444461719640499
0.1,1.5323450062637474,1.5345744721219707,1.5367058437877488,1.5387472431953586,1.5407098606340222,1.5426057517429792,1.5444462537034338
0.2,1.532345050804839,1.534574529826059,1.536705916147973,1.5387473311685511,1.5407099647250488,1.5426058721686524,1.5444463905529882
0.30000000000000004,1.5323451136428001,1.5345746112206164,1.5367060181994838,1.5387474552204958,1.5407101114833834,1.5426060419332004,1.5444465834438021
0.4,1.532345195262509,1.534574716920086,1.536706150696345,1.5387476162488347,1.5407103019493946,1.542606262215987,1.5444468336893369
0.5000000000000001,1.53234529629377,1.534574847722487,1.5367063146178317,1.5387478154192251,1.5407105374740098,1.5426065345483637,1.5444471429950113
0.6000000000000001,1.532345417516174,1.5345750046154856,1.5367065111757834,1.538748054173989,1.5407108197286308,1.5426068608247974,1.544447513470482
0.7000000000000001,1.5323455598651123,1.5345751887839003,1.5367067418236837,1.538748334242777,1.5407111507173372,1.5426072433165432,1.544447947644707
0.8,1.5323457244389969,1.5345754016186997,1.536707008267531,1.538748657655322,1.5407115327914713,1.5426076846879677,1.5444484484839038
0.9000000000000001,1.5323459125077332,1.534575644727558,1.536707312478586,1.5387490267563835,1.5407119686667083,1.5426081880156373,1.5444490194125353
1.0000000000000002,1.5323461255225221,1.5345759199470541,1.53670765670809,1.5387494442229914,1.5407124614427417,1.5426087568103155,1.5444496643374743
1.1,1.5323463651270555,1.5345762293566008,1.5367080435040648,1.538749913084116,1.5407130146257275,1.5426093950420272,1.5444503876755211
1.2000000000000002,1.532346633170201,1.5345765752942162,1.5367084757303215,1.5387504367429141,1.5407136321536519,1.5426101071683744,1.5444511943844745
1.3000000000000003,1.5323469317202674,1.534576960374253,1.5367089565878205,1.5387510190017126,1.540714318424807,1.5426108981663067,1.5444520899979763
1.4000000000000001,1.5323472630809651,1.534577387507222,1.5367094896385411,1.5387516640899168,1.5407150783295882,1.5426117735675773,1.5444530806643817
1.5,1.5323476298091827,1.5345778599218616,1.5367100788320442,1.5387523766950497,1.5407159172858382,1.542612739498143,1.5444541731899335
1.6,1.5323480347347156,1.534578381189619,1.5367107285349222,1.5387531619971522,1.5407168412780052,1.5426138027217902,1.544455375086548
1.7000000000000002,1.5323484809821022,1.5345789552517306,1.5367114435633598,1.5387540257067969,1.5407178569003923,1.5426149706883043,1.544456694624555
1.8000000000000003,1.5323489719947343,1.5345795864491079,1.536712229219051,1.5387549741070021,1.5407189714048224,1.5426162515865296,1.5444581408907694
1.9000000000000004,1.5323495115614267,1.534580279555255,1.5367130913287368,1.5387560140993477,1.5407201927530618,1.5426176544027042,1.5444597238523066
2.0000000000000004,1.5323501038456537,1.5345810398124673,1.5367140362876668,1.5387571532546436,1.5407215296743868,1.5426191889844885,1.5444614544266018
2.1,1.5323507534176752,1.5345818729715899,1.5367150711073032,1.538758399868518,1.5407229917287162,1.542620866111154,1.544463344558129
2.2,1.5323514652898027,1.5345827853356337,1.536716203467631,1.5387597630223402,1.540724589375767,1.5426226975704347,1.5444654073023714
2.3000000000000003,1.5323522449550753,1.5345837838075835,1.5367174417744622,1.5387612526499304,1.5407263340507429,1.5426246962425996,1.5444676569176399
2.4000000000000004,1.5323530984296472,1.5345848759427618,1.5367187952221677,1.5387628796105455,1.5407282382471061,1.542626876192354,1.5444701089653976
2.5000000000000004,1.5323540322992084,1.5345860700061438,1.5367202738623036,1.5387646557686856,1.54073031560704,1.542629252769231,1.54447278041981
2.6000000000000005,1.532355053769804,1.534587375035063,1.5367218886786476,1.5387665940813104,1.5407325810202612,1.5426318427172012,1.5444756897872973
2.7000000000000006,1.532356170723437,1.534588800907782,1.5367236516692118,1.5387687086931112,1.540735050731909,1.5426346642942954,1.5444788572369532
2.8000000000000003,1.532357391778889,1.5345903584184493,1.5367255759358418,1.5387710150405438,1.5407377424602955,1.5426377374031004,1.5444823047427565
2.9000000000000004,1.532358726358226,1.5345920593590152,1.5367276757820778,1.5387735299653944,1.5407406755253834,1.542641083733078,1.544486056238597
3.0,1.5323601847595003,1.5345939166087275,1.5367299668200127,1.5387762718387208,1.5407438709889316,1.5426447269157348,1.5444901377872264
3.1,1.5323617782362164,1.5345959442318877,1.5367324660869461,1.5387792606960835,1.5407473518073331,1.5426486926937686,1.5444945777643464
3.2,1.5323635190841647,1.534598157584613,1.5367351921727128,1.5387825183850747,1.5407511429982672,1.5426530091054158,1.5444994070591505
3.3000000000000003,1.5323654207363007,1.534600573431416,1.536738165358642,1.538786068726237,1.5407552718223867,1.5426577066853375,1.544504659292762
3.4000000000000004,1.5323674978663977,1.5346032100724871,1.5367414077691888,1.538789937688563,1.5407597679813752,1.5426628186835027,1.5445103710561376
3.5000000000000004,1.5323697665022746,1.5346060874826517,1.5367449435373777,1.538794153580885,1.540764663833823,1.5426683813036555,1.5445165821691416
3.6000000000000005,1.5323722441494725,1.5346092274630574,1.5367487989853037,1.5387987472605675,1.5407699946305111,1.5426744339630987,1.5445233359626567
3.7,1.532374949926332,1.534612653806746,1.5367530028210428,1.5388037523610596,1.5407757987708266,1.5426810195756815,1.5445306795857594
3.8000000000000007,1.5323779047115171,1.5346163924793705,1.5367575863534562,1.5388092055399911,1.5407821180821963,1.5426881848600495,1.544538664340172
3.900000000000001,1.5323811313051225,1.534620471816436,1.5367625837265002,1.5388151467496596,1.5407889981245906,1.5426959806753948,1.5445473460443953
4.000000000000001,1.532384654604606,1.53462492273856,1.5367680321748054,1.538821619531917,1.5407964885223346,1.5427044623871546,1.5445567854301525
4.1,1.532388501796905,1.5346297789863974,1.5367739723024465,1.538828671339651,1.5408046433256692,1.5427136902653154,1.5445670485739986
4.2,1.532392702568221,1.5346350773770157,1.5367804483869982,1.5388363538872443,1.540813521404722,1.542723729918228,1.5445782073672074
4.3,1.532397289333087,1.5346408580836741,1.5367875087111686,1.5388447235326288,1.540823186878784,1.5427346527650916,1.544590340027334
4.4,1.5324022974844898,1.5346471649411366,1.5367952059245016,1.5388538416937694,1.5408337095840596,1.5427465365505533,1.544603531655143
4.5,1.532407765666973,1.5346540457788473,1.5368035974378729,1.5388637753026815,1.5408451655833273,1.5427594659051769,1.544617874840928
4.6000000000000005,1.5324137360748311,1.534661552784501,1.5368127458537488,1.5388745973003608,1.5408576377212746,1.54277353295587,1.5446334703246123
4.7,1.532420254777695,1.5346697429007854,1.5368227194354476,1.5388863871763123,1.5408712162295948,1.5427888379907284,1.544650427714399
4.800000000000001,1.5324273720760206,1.5346786782583137,1.5368335926189383,1.5388992315566974,1.5408859993863122,1.5428054901831538,1.5446688662691848
4.9,1.532435142889223,1.5346884266480476,1.5368454465710284,1.5389132248454822,1.5409020942341982,1.5428236083805387,1.5446889157503956
5.000000000000001,1.5324436271794524,1.5346990620368117,1.5368583697981526,1.5389284699233652,1.540919617363582,1.5428433219632847,1.5447107173494297
5.1000000000000005,1.5324528904142833,1.5347106651298283,1.536872458810343,1.538945078909699,1.5409386957653348,1.5428647717804418,1.5447344246974293
5.200000000000001,1.5324630040718832,1.5347233239845615,1.536887818845391,1.5389631739930851,1.5409594677603307,1.542888111168815,1.5447602049647133
5.300000000000001,1.5324740461925603,1.5347371346805474,1.5369045646586537,1.538982888336842,1.5409820840122506,1.5429135070630073,1.5447882400578574
5.400000000000001,1.5324861019809501,1.534752202050321,1.5369228213844692,1.5390043670661027,1.5410067086312178,1.5429411412045273,1.5448187279231191
5.500000000000001,1.5324992644634816,1.534768640477011,1.5369427254756671,1.539027768343911,1.5410335203764283,1.5429712114588323,1.5448518839656915
5.6000000000000005,1.5325136352061997,1.5347865747646843,1.5369644257282682,1.539053264544355,1.541062713966673,1.5430039332499654,1.5448879425951063
5.7,1.532529325098482,1.5348061410880802,1.536988084399102,1.5390810435314972,1.541094501508454,1.543039541123315,1.5449271589080469
5.800000000000001,1.5325464552086987,1.534827488028975,1.5370138784247742,1.539111310053661,1.5411291140522665,1.5430782904479758,1.5449698105208236
5.9,1.5325651577184147,1.5348507777070852,1.537042000751189,1.5391442872634953,1.5411668032885812,1.543120459271214,1.5450161995648795
6.0,1.5325855769423475,1.5348761870141368,1.5370726617836572,1.5391802183751797,1.5412078433960898,1.5431663503386708,1.5450666548598748
6.1000000000000005,1.5326078704419452,1.5349039089605108,1.5371060909685448,1.5392193684711697,1.5412525330559226,1.5432162932951632,1.5451215342802185
6.2,1.532632210241184,1.53493415414475,1.537142538518403,1.5392620264719938,1.5413011976467719,1.5432706470822704,1.5451812273323278
6.300000000000001,1.5326587841539612,1.5349671523571304,1.5371822772936141,1.5393085072838482,1.5413541916372144,1.5433298025503628,1.545246157961453
6.4,1.532687797233329,1.5350031543295437,1.5372256048547666,1.5393591541400624,1.541411901192989,1.543394185304309,1.5453167876085927
6.500000000000001,1.5327194733537515,1.5350424336450412,1.5372728457012723,1.5394143411539722,1.5414747470185894,1.5434642588038325,1.5453936185398667
6.6000000000000005,1.5327540569385933,1.5350852888216198,1.5373243537131416,1.5394744761023218,1.5415431874542882,1.5435405277413814,1.5454771974727257
6.700000000000001,1.5327918148461708,1.5351320455861537,1.5373805148143789,1.5395400034600473,1.541617721851603,1.5436235417224213,1.5455681195255617
6.800000000000001,1.5328330384289193,1.535183059355838,1.5374417498781379,1.5396114077091931,1.5416988942523076,1.543713899275325,1.5456670325196753
6.900000000000001,1.532878045781563,1.5352387179460862,1.5375085178956043,1.5396892169467646,1.5417872973983495,1.5438122522204605,1.5457746416651543
7.000000000000001,1.5329271841956398,1.5352994445255637,1.5375813194325805,1.5397740068185766,1.5418835771025152,1.543919310430763,1.5458917146650566
7.100000000000001,1.5329808328393164,1.5353657008409238,1.5376607003999216,1.5398664048086086,1.5419884370123766,1.544035847018979,1.5460190872753867
7.200000000000001,1.5330394056831744,1.5354379907358784,1.5377472561663568,1.5399670949160542,1.5421026438029999,1.5441627039899455,1.54615766936172
7.300000000000001,1.533103354694544,1.5355168639914811,1.5378416360448246,1.540076822755174,1.5422270328371006,1.5443007983997288,1.5463084514970158
7.4,1.5331731733250324,1.5356029205169632,1.5379445481862863,1.5401964011162428,1.5423625143348347,1.5444511290672216,1.5464725121491594
7.500000000000001,1.5332494003181585,1.5356968149231403,1.5380567649180734,1.5403267160293614,1.5425100800992284,1.5446147838879098,1.5466510255111543
7.600000000000001,1.5333326238664753,1.5357992615133338,1.5381791285671977,1.5404687333766907,1.5426708108474108,1.5447929478040108,1.5468452700316446
7.700000000000001,1.5334234861502574,1.5359110397299487,1.5383125578127361,1.5406235061028017,1.5428458842023636,1.5449869114900778,1.5470566377086492
7.800000000000002,1.5335226882927744,1.5360330000983304,1.5384580546154207,1.540792182077348,1.5430365834048427,1.5451980808185026,1.5472866442150555
7.9,1.5336309957703895,1.536166070713333,1.538616711776943,1.540976012669189,1.543244306810539,1.5454279871751702,1.5475369399306027
8.000000000000002,1.533749244319227,1.5363112643181807,1.5387897211862718,1.5411763620964578,1.5434705782434348,1.5456782987018693,1.5478093219618232
8.100000000000001,1.533878346383986,1.5364696860297389,1.5389783828155001,1.5413947176229332,1.5437170582827404,1.5459508325489815,1.5481057472387572
8.2,1.5340192981586653,1.5366425417692604,1.5391841145334293,1.541632700677459,1.5439855565678082,1.5462475682295314,1.548428346785279
8.3,1.5341731872735227,1.5368311474630674,1.5394084628113212,1.5418920789801318,1.5442780452130687,1.5465706621739115,1.5487794412686087
8.4,1.5343412011875888,1.5370369390835288,1.5396531144020282,1.5421747797665812,1.544596673433383,1.546922463593581,1.549161557943116
8.500000000000002,1.534524636351491,1.537261483607126,1.5399199090811084,1.5424829042099746,1.5449437834892974,1.54730553177184,1.5495774491139287
8.6,1.5347249082112935,1.5375064909734162,1.5402108535466166,1.5428187431494242,1.5453219280716277,1.5477226549104652,1.5500301122571878
8.700000000000001,1.5349435621305434,1.537773827136375,1.5405281365830732,1.5431847942433632,1.5457338892556243,1.548176870672657,1.5505228119461703
8.8,1.5351822853148056,1.538065528307961,1.540874145604727,1.5435837806772328,1.5461826991667875,1.5486714885754633,1.5510591037459867
8.900000000000002,1.535442919830696,1.5383838165028754,1.5412514847037337,1.5440186715665905,1.5466716625133023,1.5492101143987211,1.5516428602542767
9.0,1.5357274768198719,1.5387311165034625,1.5416629943403153,1.5444927042095768,1.5472043811541145,1.54979667679269,1.552278299481382
9.100000000000001,1.5360381520176638,1.5391100743745698,1.5421117728244746,1.545009408356689,1.5477847808870235,1.5504354562830616,1.5529700157809778
9.200000000000001,1.5363773426960918,1.5395235776700655,1.542601199752477,1.5455726326810828,1.5484171406579081,1.5511311168900421,1.5537230135612523
9.300000000000002,1.5367476661620034,1.5399747774856694,1.543134961576196,1.5461865736493072,1.5491061244104594,1.5518887405978492,1.5545427440275532
9.4,1.5371519799530764,1.5404671125269085,1.5437170794996766,1.546855807010557,1.5498568158157315,1.552713864932405,1.555435145230153
9.500000000000002,1.537593403887517,1.5410043353764409,1.5443519399149843,1.5475853221423896,1.5506747561425582,1.5536125239283904,1.5564066857155783
9.600000000000001,1.5380753441376058,1.5415905411618596,1.5450443276087782,1.5483805595125135,1.551565985553607,1.554591292792338,1.5574644121070023
9.700000000000001,1.5386015195128415,1.5422301988434812,1.5457994619921476,1.5492474515398882,1.5525370881377305,1.5556573365962838,1.558616000968711
9.8,1.5391759901554996,1.5429281853617118,1.5466230366293097,1.5501924671641765,1.5535952410175107,1.5568184633668625,1.5598698153418473
9.9,1.5398031888700252,1.5436898229055047,1.5475212623659182,1.551222660460737,1.5547482679017148,1.5580831819678702,1.5612349663737777
10.000000000000002,1.5404587648202426,1.5444854961155972,1.5484591644575882,1.5522978677096027,1.5559511645441726,1.5594020764907779,1.5626580617033345
10.1,1.5411070711666073,1.5452716612480584,1.5493851055829897,1.5533585572739828,1.5571369752838076,1.5607013651984132,1.5640591084990503
10.200000000000001,1.541775397349148,1.5460813813187217,1.5503379963570196,1.5544492708572881,1.558355464730705,1.5620355441985918,1.5654968408701166
10.3,1.542463023760444,1.546913719710255,1.5513166649245376,1.5555685943278157,1.55960497854925,1.5634027267526827,1.5669691500896137
10.400000000000002,1.5431692100119228,1.5477677144015054,1.5523199095208238,1.5567150795446998,1.5608838248872883,1.5648009857673137,1.568473884904187
10.5,1.5438931957310593,1.548642379122852,1.5533465000472741,1.5578872463994824,1.5621902769121017,1.5662283568397162,1.570008855094773
10.600000000000001,1.5446342013800927,1.5495367045373147,1.554395179676213,1.559083584888767,1.5635225753777076,1.5676828413327843,1.5715718350635655
10.700000000000001,1.545391429095378,1.5504496594459798,1.5554646664826641,1.5603025572149538,1.564878931219542,1.5691624094748868,1.5731605674411875
10.800000000000002,1.5461640635464717,1.5513801920162733,1.5565536551009056,1.5615425999120396,1.5662575281725801,1.570665003479489,1.574772766708087
10.9,1.546951272814022,1.5523272310315894,1.5576608184036083,1.56280212599347,1.5676565254089614,1.5721885406796752,1.5764061228242277
11.000000000000002,1.5477522092855225,1.5532896871607658,1.558784809201348,1.5640795271190069,1.5690740601911979,1.5737309166727038,1.5780583048612278
11.100000000000001,1.548566010567963,1.55426645424588,1.55992426196027,1.5653731757775984,1.5705082505370636,1.5752900084697676,1.5797269646311727
11.200000000000001,1.5493918004163945,1.5552564106068172,1.5610777945356673,1.5666814274832213,1.5719571978922897,1.5768636776461906,1.5814097403064213
11.3,1.5502286896774087,1.5562584203610554,1.5622440099192403,1.5680026229806856,1.5734189898072173,1.578449773487348,1.583104260024816
11.4,1.551075777246518,1.5572713347570954,1.563421497997791,1.569335090458406,1.5748917026135998,1.5800461361256652,1.584808145474817
11.500000000000002,1.5519321510384012,1.5582939935199516,1.5646088373211096,1.5706771477651498,1.576373404097782,1.581650599664125,1.5865190154551914
11.600000000000001,1.552796888968975,1.5593252262071151,1.565804596876814,1.5720271046278023,1.5778621561665362,1.5832609952817862,1.5882344894040041
11.700000000000001,1.5536690599482292,1.5603638535733915,1.5670073378699043,1.5733832648672108,1.57935601750188,1.5848751543169088,1.5899521908917897
11.8,1.5545477248827617,1.5614086889430079,1.5682156155048066,1.5747439286091942,1.5808530462012573,1.5864909113233678,1.5916697510739093
11.900000000000002,1.5554319376869277,1.5624585395873878,1.5694279807676876,1.57610739448784,1.5823513023995304,1.5881061070961313,1.5933848120972427
12.0,1.5563207463015203,1.563512208106982,1.570642982206836,1.577471961838246,1.583848850869286,1.5897185916616872,1.595095030456506
12.100000000000001,1.5572131937188816,1.5645684938155535,1.5718591677089246,1.5788359328758983,1.5853437635960357,1.5913262272293998,1.5967980802956352
12.200000000000001,1.5581083190133427,1.5656261941253087,1.573075086268982,1.5801976148599277,1.586834122324958,1.5929268910998982,1.5984916566498357
12.300000000000002,1.5590051583758813,1.5666841059312788,1.5742892897519265,1.581555322237522,1.5883180210759118,1.5945184785267035,1.6001734786240474
12.4,1.5599027461518857,1.5677410269933545,1.5755003346435392,1.5829073787668282,1.5897935686235267,1.5960989055274337,1.6018412925037542
12.500000000000002,1.560800115880904,1.5687957573143911,1.576706783788778,1.5842521196157286,1.5912588909392664,1.597666111641036,1.6034928747942205
12.600000000000001,1.5616963013372622,1.569847100512809,1.5779072081153616,1.585587893433929,1.5927121335924415,1.5992180626276304,1.6051260351844179
12.700000000000003,1.5625903375704295,1.570893865188121,1.579100188340588,1.5869130643958502,1.5941514641072456,1.600752753107684,1.606738619432075
12.8,1.56348126194401,1.5719348662778427,1.5802843166593827,1.5882260142118891,1.5955750742729833,1.6022682091373541,1.6083285121664677
12.9,1.5643681151722424,1.5729689264042443,1.5814581984116067,1.589525144105659,1.596981182404749,1.6037624907169932,1.6098936396057408
13.000000000000002,1.565249942352894,1.5739948772094277,1.5826204537266926,1.5908088767549022,1.598368035551923,1.6052336942299301,1.6114319721857373
13.100000000000001,1.566125793995432,1.5750115606772306,1.5837697191437201,1.592075658193825,1.5997339116519502,1.606679954808801,1.6129415270975005
13.200000000000001,1.5669947270433704,1.5760178304404717,1.5849046492050807,1.593323959674682,1.6010771216269704,1.6080994486268327,1.6144203707307894
13.3,1.567855805889687,1.5770125530720869,1.586023918021926,1.5945522794865044,1.6023960114209819,1.6094903951116333,1.615866621021149
13.400000000000002,1.5687081033842212,1.5779946093587127,1.5871262208096433,1.5957591447289476,1.6036889639753187,1.6108510590791922,1.617278449698253
13.500000000000002,1.5695507018319639,1.5789628955553145,1.5882102753916438,1.5969431130393055,1.6049544011403456,1.6121797527859407,1.6186540844334305
13.600000000000001,1.5703826939811705,1.5799163246194723,1.589274823669804,1.5981027742708152,1.606190785521374,1.6134748378968649,1.6199918108844789
13.700000000000001,1.571203184000224,1.580853827423967,1.5903186330599528,1.5992367521204702,1.6073966222569267,1.6147347273678283,1.621289974636045
13.800000000000002,1.5720112884422062,1.5817743539463465,1.5913404978908399,1.6003437057046184,1.6085704607275868,1.6159578872403983,1.622546983034059
13.9,1.5728061371961322,1.5826768744341704,1.59233924076509,1.601422331080728,1.6097108961937852,1.6171428383476267,1.6237613069128736
14.000000000000002,1.5735868744238242,1.5835603805446745,1.5933137138806928,1.602471362713774,1.6108165713609979,1.618288157929387,1.6249314822139664
14.100000000000001,1.574352659481422,1.5844238864576219,1.5942628003116357,1.6034895748857891,1.6118861778709415,1.6193924811560239,1.6260561114952337
14.200000000000003,1.5751026678245266,1.5852664299601498,1.595185415246357,1.6044757830472074,1.6129184577174684,1.6204545025592085,1.6271338653300957
14.3,1.575836091896015,1.586087073502449,1.5960805071827366,1.6054288451087229,1.613912204585995,1.6214729773690624,1.6281634835958065
14.400000000000002,1.576552141995561,1.5868849052231584,1.596947059078425,1.6063476626724624,1.6148662651153922,1.6224467227567425,1.6291437766505528
14.500000000000002,1.57725004712993,1.5876590399433883,1.5977840894553517,1.607231182201371,1.6157795400814114,1.6233746189818403,1.630073626399085
14.600000000000001,1.5779290558431314,1.5884086201283294,1.5985906534573366,1.6080783961257967,1.6166509855008155,1.6242556104440906,1.630951987246816
14.700000000000001,1.578588437025534,1.5891328168154453,1.599365843859774,1.608888343886343,1.6174796136555147,1.6250887066390267,1.63177788694248
14.8,1.5792274807010749,1.5898308305082849,1.6001087920304384,1.609660112912159,1.6182644940361188,1.62587298301737,1.6325504273096183
14.900000000000002,1.579845498791712,1.5905018920349965,1.6008186688405146,1.6103928395339209,1.6190047542044377,1.6266075817480738,1.6332687848673206
15.000000000000002,1.5804418258582995,1.591145263370666,1.601494685525028,1.6110857098308482,1.619699580574569,1.6272917123850896,1.633932211340813
15.100000000000001,1.581015819817086,1.5917602384226477,1.602136094491917,1.611737960411195,1.6203482191123406,1.6279246524380513,1.6345400340626381
15.200000000000003,1.5815668626310666,1.592346143778102,1.6027421900790457,1.6123488791257363,1.6209499759529709,1.6285057478472207,1.6350916562653306
15.3,1.5820943609754423,1.5929023394129929,1.603312309258542,1.6129178057138722,1.6215042179369399,1.6290344133631518,1.6355865572666277
15.400000000000002,1.5825977468764705,1.5934282193618576,1.6038458322878926,1.613444132382048,1.6220103730641573,1.6295101328316794,1.6360242925484223
15.500000000000002,1.583076478323021,1.593923212347694,1.6043421833073057,1.6139273043142897,1.6224679308666399,1.6299324593849471,1.636404493730777
15.600000000000003,1.583530039850174,1.5943867823713636,1.6048008308829216,1.614366820114734,1.6228764426999993,1.6303010155393256,1.636726868442475
15.700000000000001,1.5839579430942403,1.5948184292599645,1.605221288495508,1.6147622321821227,1.6232355219541654,1.630615493201186,1.6369912000897093
15.8,1.5843597273185945,1.5952176891736596,1.6056031149743561,1.6151131470163165,1.6235448441838567,1.6308756535816076,1.6371973475246282
15.900000000000002,1.5847349599097662,1.5955841350705102,1.6059459148761548,1.6154192254569726,1.6238041471594233,1.6310813270212208,1.637345244615587
16.000000000000004,1.5850832368432468,1.5959173771289075,1.606249338808685,1.6156801828546057,1.6240132308387762,1.6312324127264861,1.6374348997210715
16.1,1.5854041831185173,1.596217063127239,1.6065130836992538,1.6158957891743475,1.6241719572612263,1.6313288784188247,1.6374663950693573
16.200000000000003,1.5856974531628203,1.5964828787804881,1.6067368930078392,1.6160658690327903,1.6242802503641347,1.6313707598981098,1.6374398860460904
16.300000000000004,1.5859627312032514,1.5967145480335054,1.6069205568849965,1.6161903016683887,1.6243380957233822,1.6313581605221361,1.6373556003920628
16.4,1.586199731606759,1.5969118333107384,1.6070639122746317,1.6162690208459667,1.624345540218746,1.6312912506037702,1.6372138373135625
16.5,1.5864081991876975,1.59707453572227,1.6071668429618207,1.6163020146959624,1.6243026916253602,1.6311702667275816,1.637014966507752
16.6,1.5865879094825899,1.5972024952260466,1.607229279565911,1.6162893254891058,1.6242097181325241,1.6309955109878354,1.6367594271056303
16.700000000000003,1.586738668991817,1.5972955907462443,1.6072511994792082,1.616231049347316,1.6240668477911948,1.6307673501498186,1.6364477265351993
16.8,1.5868603153879643,1.597353740247755,1.6072326267516117,1.6161273358916612,1.6238743678915892,1.6304862147365367,1.6360804393075374
16.900000000000002,1.5869527176906035,1.597376900766841,1.6071736319216279,1.615978387828304,1.6236326242723829,1.6301525980429068,1.6356582057285425
17.000000000000004,1.5870157764073245,1.5973650683980378,1.6070743317942442,1.615784460473419,1.6233420205630795,1.6297670550796286,1.6351817305391778
17.1,1.5870494236408614,1.5973182782374487,1.6069348891662147,1.6155458612181433,1.6230030173611782,1.6293302014489917,1.6346517814871036
17.2,1.5870536231622003,1.5972366042826136,1.606755512499356,1.61526294893467,1.6226161313458451,1.628842712154934,1.634069187832633
17.3,1.5870283704495862,1.597120159289187,1.6065364555425188,1.614936133324677,1.622181934329845,1.6283053203497206,1.633434838791998
17.400000000000002,1.5869736926933944,1.5969690945847073,1.6062780169029556,1.6145658742113265,1.6217010522515642,1.6277188160196665,1.6327496819209442
17.500000000000004,1.586889648766852,1.5967835998397835,1.6059805395678501,1.6141526807761364,1.6211741641089912,1.6270840446123824,1.6320147214417189
17.6,1.586776329162647,1.5965639027970795,1.6056444103768412,1.6136971107420823,1.6206020008375959,1.6264019056080534,1.6312310165165413
17.700000000000003,1.5866338558954947,1.596310268958512,1.6052700594464127,1.6131997695043356,1.6199853441340761,1.6256733510373094,1.6303996794706652
17.800000000000004,1.5864623823707567,1.596023001231131,1.604857959547085,1.6126613092101008,1.6193250252280091,1.6248993839482806,1.6295218739681758
17.9,1.5862620932192677,1.5957024395321933,1.6044086254343797,1.6120824277890573,1.6186219236034638,1.6240810568254571,1.6285988131436628
18.0,1.586033204098537,1.5953489603539854,1.6039226131345847,1.6114638679359652,1.617876965672689,1.6232194699630071,1.6276317576929318
18.1,1.5857759614605422,1.5949629762889908,1.6034005191863923,1.6108064160470292,1.6170911234040186,1.6223157697952213,1.626622013925917
18.200000000000003,1.5854906422863695,1.5945449355160457,1.6028429798395192,1.6101109011116626,1.616265412906169,1.6213711471867795,1.6255709317849614
18.3,1.5851775537879758,1.5940953212481597,1.6022506702114796,1.60937819356133,1.615400892971132,1.62038683568554,1.6244799028316161
18.400000000000002,1.584837033077407,1.5936146511427285,1.6016243034036926,1.6086092040771847,1.6144986635778988,1.6193641097405722,1.6233503582051176
18.500000000000004,1.584469446803819,1.5931034766748966,1.600964629578178,1.6078048823582431,1.6135598643592637,1.6183042828881538,1.6221837665556733
18.600000000000005,1.5840751907586932,1.5925623824748694,1.6002724349961068,1.6069662158518858,1.6125856730339823,1.617208705908454,1.6209816319556736
18.7,1.5836546894496775,1.591991985630014,1.59954854101952,1.6060942284484843,1.6115773038065726,1.6160787649556332,1.6197454917919267
18.8,1.583208395643505,1.5913929349526195,1.5987938030775637,1.6051899791419921,1.6105360057370608,1.614915879664073,1.6184769146419886
18.900000000000002,1.582736789878487,1.5907659102142273,1.5980091095986144,1.6042545606583578,1.6094630610829823,1.6137215012334478,1.6171774981376186
19.000000000000004,1.5822403799471005,1.5901116213474724,1.5971953809097026,1.6032890980536347,1.6083597836159549,1.6124971104953378,1.615848866818373
19.1,1.581719700349235,1.5894308076164094,1.5963535681046728,1.6022947472836901,1.6072275169151469,1.6112442159640605,1.6144926699782978
19.200000000000003,1.5811753117166774,1.588724236756335,1.595484651882539,1.601272693747422,1.6060676326399586,1.6099643518743902,1.6131105795086456
19.300000000000004,1.5806078002094648,1.5879927040841377,1.5945896413575242,1.600224150805408,1.6048815287842384,1.6086590762087987,1.6117042877394983
19.400000000000002,1.580017776884747,1.5872370315802455,1.593669572842295,1.59915035827593,1.6036706279143413,1.6073299687168345,1.610275505283123
19.5,1.579405877038841,1.5864580669432626,1.5927255086059144,1.59805258091031,1.602436375393339,1.6059786289292255,1.6088259588818428
19.6,1.5787727595231906,1.5856566826184182,1.5917585356080706,1.5969321068495164,1.6011802375936688,1.604606674169256,1.6073573892631436
19.700000000000003,1.578119106034958,1.5848337748009687,1.5907697642111402,1.5957902460639868,1.599903700100502,1.6032157375639382,1.6058715490046893
19.8,1.5774456203830216,1.583990262415727,1.5897603268716702,1.5946283287786298,1.5986082659080922,1.6018074660574546,1.6043702004118452
19.900000000000002,1.5767530277301618,1.5831270860739055,1.5887313768128666,1.5934477038849517,1.597295453611341,1.6003835184293138,1.6028551134102584
20.000000000000004,1.5760420738122567,1.582245207008491,1.587684086679701,1.5922497373422624,1.595966795594804,1.598945563319612,1.6013280634559726
20.100000000000005,1.5753135241353249,1.581345605989374,1.5866196471782412,1.5910358105699016,1.594623836221327,1.5974952772637534,1.5997908294654843
20.2,1.5745681631512816,1.5804292822194945,1.5855392657008296,1.5898073188324213,1.5932681300224805,1.596034342738928,1.5982451917680889
20.3,1.5738067934132944,1.5794972522132567,1.5844441649387335,1.5885656696196444,1.591901239892927,1.5945644462245996,1.5966929300827783
20.400000000000002,1.573030234711652,1.5785505486585074,1.5833355814838947,1.5873122810235172,1.5905247352908274,1.5930872762792019,1.5951358215218925
20.500000000000004,1.5722393231910665,1.577590219263362,1.5822147644214097,1.5860485801136441,1.5891401904463516,1.5916045216351864,1.5935756386236406
20.6,1.5714349104503753,1.5766173255891918,1.581082973914368,1.5847760013133894,1.587749182580334,1.59011786931451,1.5920141474155403
20.700000000000003,1.5706178626255942,1.5756329418710886,1.579941479782674,1.5834959847784,1.5863532901350617,1.5886290027665868,1.590453105510738
20.800000000000004,1.5697890594573252,1.5746381538271326,1.5787915600774802,1.5822099747793912,1.5849540910191533,1.5871396000306786,1.5888942602390985
20.900000000000002,1.5689493933435101,1.573634057457799,1.5776344996528386,1.5809194180910062,1.5835531608684394,1.5856513319246242,1.5873393468148693
21.0,1.5680997683785605,1.572621757836844,1.576471588736188,1.5796257623885426,1.5821520713247126,1.5841658602617532,1.5857900865426453
21.1,1.5672410993798895,1.5716023678950157,1.575304121499269,1.5783304546543033,1.5807523883341674,1.5826848360977648,1.584248185063277
21.200000000000003,1.5663743109029007,1.5705770071979368,1.574133394631057,1.5770349395953112,1.5793556704673073,1.5812098980092775,1.5827153306412804
21.3,1.5655003362454902,1.569546800719512,1.5729607059142858,1.5757406580740834,1.5779634672620406,1.579742670405703,1.5811931924952278
21.400000000000002,1.5646201164431368,1.5685128776122073,1.5717873528071227,1.574449045554141,1.576577317591642,1.5782847618760159,1.5796834191725095
21.500000000000004,1.563734599255659,1.5674763699755534,1.570614631031533,1.5731615305618885,1.575198748059202,1.5768377635719286,1.5781876369697794
21.600000000000005,1.5628447381467336,1.5664384116242158,1.569443833169865,1.5718795331664626,1.5738292714201332,1.5754032476289137,1.5767074484003032
21.7,1.5619514912572718,1.565400136856977,1.5682762472711544,1.5706044634791174,1.5724703850342487,1.573982765626435,1.5752444307093567
21.8,1.5610558203737588,1.5643626792279637,1.5671131554686348,1.569337720173669,1.5711235693488739,1.5725778470886922,1.5738001344387258
21.900000000000002,1.5601181613574975,1.5632804352574285,1.5659036469480416,1.5680240545912543,1.5697302620404847,1.5711275597644612,1.5723120543251583
22.000000000000004,1.5592615822919393,1.5622809977713377,1.5647779309697323,1.5667944727487297,1.5684207591080868,1.569760376751447,1.570906094527652
22.1,1.5585206802881377,1.5614042757092794,1.5637805955933584,1.565697392965136,1.567246405517084,1.568529732244688,1.5696370679334533
22.200000000000003,1.5578897383025192,1.5606435160373746,1.5629039623588679,1.5647243634990373,1.5661981402224425,1.5674261091195811,1.5684951322391731
22.300000000000004,1.5573638877791809,1.5599928594166552,1.5621412825836603,1.5638678884229806,1.5652678745990256,1.5664409713562433,1.5674714287684153
22.400000000000002,1.5569390710825113,1.5594472952124807,1.5614866856994059,1.5631213703319102,1.5644484306526185,1.565566698813193,1.5665580147157685
22.5,1.5566120101871397,1.5590026230377187,1.5609351343362978,1.5624790599461094,1.563733486211947,1.5647965290190466,1.565747802408529
22.6,1.5563801813836142,1.5586554205358005,1.5604823858137242,1.561936012227728,1.5631175266886637,1.5641245055444515,1.5650345051299186
22.700000000000003,1.556241795804629,1.5584030171577676,1.5601249597454696,1.5614880486797733,1.5625958030423626,1.5635454325665572,1.5644125890974068
22.8,1.5561957856215363,1.5582434737335586,1.5598601115145079,1.5611317255437775,1.5621642956350976,1.5630548352855254,1.5638772312365614
22.900000000000002,1.5562417958046284,1.5581755676824083,1.5596858114175443,1.5608643076575957,1.561819683704947,1.5626489258972927,1.5634242824350748
23.000000000000004,1.5563801813836131,1.5581987837506777,1.5596007293230896,1.5606837477782554,1.5615593202312559,1.5623245748693395,1.5630502360035003
23.100000000000005,1.556612010187138,1.5583133102080637,1.559604224729317,1.5605886712168355,1.561381212005627,1.56207928730692,1.5627522011091641
23.200000000000003,1.5569390710825086,1.5585200404752335,1.5596963421495937,1.5605783656732772,1.5612840047628058,1.561911184236383,1.5625278809879544
23.3,1.5573638877791778,1.558820580197875,1.5598778117947174,1.5606527761991933,1.5612669732646838,1.5618189886701572,1.5623755557755468
23.400000000000002,1.5578897383025154,1.5592172598242187,1.5601500555618377,1.560812505256401,1.5613300162689547,1.5618020163549766,1.5622940698353804
23.500000000000004,1.5585206802881333,1.5597131527856327,1.5605151983811274,1.561058817878401,1.5614736563518596,1.5618601711412836,1.562282823495624
23.6,1.559261582291934,1.560312099423227,1.560976085012794,1.5613936519816527,1.5616990445922059,1.5619939449477265,1.5623417691417385
23.700000000000003,1.5601181613574917,1.561018736847879,1.5615363024293212,1.561819633913556,1.5620079701617473,1.5622044223305636,1.5624714116453253
23.800000000000004,1.5610558203737521,1.5618040580718002,1.5621723146974316,1.5623182538120863,1.5623863150687372,1.5624811872182844,1.5626643822492328
23.900000000000006,1.5619514912572645,1.5625511973359958,1.5627746261926403,1.5627879314459043,1.5627404065499235,1.562738082831857,1.5628414416638767
24.0,1.5628447381467256,1.5632933441663708,1.5633701664256578,1.563249824016911,1.563086337608606,1.5629869152560445,1.5630108510086402
24.1,1.5637345992556502,1.5640297179403044,1.5639583304059095,1.5637034848428106,1.5634237961102324,1.563227481690358,1.563172493402348
24.200000000000003,1.564620116443127,1.5647595449564702,1.5645385220982528,1.564148477084132,1.563752479743423,1.5634595885119906,1.56332626012026
24.3,1.5655003362454798,1.565482059247675,1.5651101550192743,1.5645843741455636,1.5640720962587953,1.5636830513874849,1.5634720506115702
24.400000000000002,1.5663743109028894,1.566196503383586,1.5656726528207192,1.5650107600636882,1.5643823636949452,1.5638976953732473,1.5636097725079208
24.500000000000004,1.5672410993798773,1.566902129262519,1.5662254498595065,1.5654272298808187,1.564683010591492,1.5641033550049666,1.5637393416230685
24.600000000000005,1.5680997683785476,1.5675981988914724,1.5667679917538004,1.5658333900046553,1.5649737761891023,1.5642998743759937,1.5638606819438676
24.700000000000003,1.5689493933434964,1.568283985153613,1.5672997359246286,1.56622885855351,1.5652544106164354,1.5644871072047626,1.5639737256127224
24.8,1.5697890594573107,1.5689587725624257,1.567820152122555,1.5666132656868514,1.5655246750639615,1.5646649168913385,1.5640784129016856
24.900000000000002,1.5706178626255791,1.569621858001767,1.5683287229389387,1.5669862539209551,1.5657843419446182,1.5648331765631918,1.5641746921783775
25.000000000000004,1.5714349104503593,1.5702725514510736,1.5688249443013258,1.5673474784294497,1.5660331950412938,1.5649917691103072,1.5642625198639064
25.1,1.5722393231910499,1.570910176694999,1.5693083259525435,1.5676966073285792,1.5662710296411322,1.565140587209749,1.5643418603829833
25.200000000000003,1.5730302347116343,1.571534072016764,1.5697783919130877,1.568033321947014,1.5664976526566763,1.5652795333398135,1.564412686106425
25.300000000000004,1.5738067934132762,1.5721435908745411,1.5702346809264123,1.5683573170800647,1.5667128827338768,1.5654085197839083,1.5644749772862436
25.400000000000006,1.5745681631512622,1.5727381025601925,1.570676746886755,1.568668301228169,1.5669165503470082,1.5655274686243104,1.564528721983534
25.5,1.5753135241353051,1.573316992839727,1.5711041592491521,1.5689659968195422,1.567108497880553,1.5656363117259604,1.5645739159893626
25.6,1.5760420738122363,1.573879664574837,1.571516503421312,1.569250140416902,1.5672885796981213,1.5657349907104654,1.5646105627388793
25.700000000000003,1.5767530277301405,1.5744255383249242,1.5719133811370536,1.5695204829081926,1.56745666219849,1.5658234569204825,1.564638673218865
25.8,1.5774456203829996,1.5749540529290253,1.5722944108110182,1.5697767896812533,1.567612623858864,1.5659016713746714,1.5646582658689419
25.900000000000002,1.5781191060349353,1.5754646660670848,1.5726592278744012,1.5700188407823956,1.5677563552654623,1.5659696047134102,1.5646693664766682
26.000000000000004,1.5787727595231673,1.5759568548000409,1.573007485091464,1.5702464310588686,1.567887759131561,1.5660272371354698,1.5646720080667502
26.100000000000005,1.579405877038817,1.576430116088218,1.5733388528566108,1.5704593702852145,1.5680067503031192,1.5660745583258593,1.5646662307845969
26.200000000000003,1.5800177768847223,1.576883967287536,1.5736530194718361,1.5706574832735245,1.568113255752143,1.5661115673750527,1.5646520817744543
26.3,1.5806078002094397,1.5773179466230896,1.573949691404374,1.5708406099676326,1.5682072145579415,1.5661382726898203,1.564629615052353
26.400000000000002,1.5811753117166514,1.5777316136396495,1.5742285935243983,1.5710086055212977,1.5682885778764446,1.566154691895886,1.5645988913741058
26.500000000000004,1.5817197003492083,1.5781245496286946,1.5744894693226483,1.5711613403604368,1.5683573088977663,1.566160851732646,1.5645599780985893
26.6,1.5822403799470734,1.5784963580315823,1.5747320811078753,1.5712987002294954,1.5684133827922004,1.5661567879401834,1.5645129490465548
26.700000000000003,1.5827367898784592,1.5788466648185107,1.5749562101840258,1.5714205862220543,1.5684567866448536,1.5661425451388191,1.5644578843551986
26.800000000000004,1.583208395643477,1.5791751188429424,1.5751616570071043,1.5715269147957849,1.5684875193791215,1.5661181767014458,1.5643948703287367
26.900000000000006,1.5836546894496486,1.5794813921711919,1.575348241321673,1.5716176177718861,1.5685055916692308,1.5660837446188927,1.5643239992852191
27.000000000000004,1.5840751907586637,1.5797651803869026,1.5755158022769755,1.571692642319148,1.5685110258420758,1.566039319358573,1.5642453693998248
27.1,1.584469446803789,1.580026202870169,1.5756641985226851,1.5717519509227984,1.568503855768584,1.565984979716674,1.5641590845448712
27.200000000000003,1.5848370330773764,1.580264203051087,1.5757933082843059,1.571795521338314,1.5684841267448562,1.5659208126641408,1.5640652541267768
27.3,1.5851775537879444,1.5804789486375441,1.575903029418274,1.5718233465303755,1.5684518953633348,1.5658469131867228,1.5639639929202127
27.400000000000002,1.585490642286338,1.5806702318170827,1.5759932794468252,1.5718354345971783,1.5684072293742581,1.5657633841193392,1.563855420899675
27.500000000000004,1.5857759614605103,1.5808378694327108,1.5760639955727178,1.5718318086803051,1.5683502075376663,1.5656703359750341,1.563739663068709
27.600000000000005,1.5860332040985043,1.5809817031325444,1.5761151346739202,1.5718125068603956,1.5682809194662342,1.5655678867687797,1.5636168492870173
27.700000000000003,1.5862620932192344,1.5811015994932112,1.5761466732783935,1.571777582038849,1.5681994654592057,1.5654561618364016,1.5634871140956776
27.8,1.586462382370723,1.5811974501169626,1.5761586075191132,1.5717271018058148,1.5681059563277167,1.5653352936488918,1.5633505965406966
27.900000000000002,1.5866338558954605,1.5812691717024698,1.576150953069504,1.5716611482947336,1.5680005132117922,1.565205421622373,1.5632074399951172
28.000000000000004,1.5867763291626125,1.5813167060893105,1.5761237450594698,1.5715798180237046,1.5678832673893155,1.5650666919239893,1.5630577919799047
28.1,1.586889648766817,1.581340020276181,1.5760770379722293,1.571483221723966,1.5677543600772623,1.5649192572739838,1.5629018039838234
28.200000000000003,1.586973692693359,1.5813391064128892,1.5760109055221765,1.5713714841557818,1.5676139422255058,1.5647632767442374,1.562739631282518
28.300000000000004,1.5870283704495505,1.581313981766221,1.5759254405140137,1.5712447439120434,1.5674621743034935,1.564598915553526,1.562571432757007
28.400000000000006,1.5870536231621641,1.581264688659789,1.5758207546834138,1.5711031532099007,1.5672992260801104,1.5644263448597702,1.5623973707117944
28.500000000000004,1.5870494236408252,1.5811912943880104,1.5756969785194863,1.570946877670746,1.5671252763970291,1.5642457415495343,1.5622176106928027
28.6,1.5870157764072876,1.5810938911043764,1.5755542610693474,1.5707760960888821,1.5669405129358724,1.5640572880250372,1.5620323213053198
28.700000000000003,1.5869527176905665,1.5809725956842091,1.5753927697250978,1.5705910001892187,1.5667451319794916,1.5638611719889381,1.5618416740321588
28.800000000000004,1.586860315387927,1.5808275495621305,1.5752126899935355,1.57039179437434,1.566539338167685,1.56365758622715,1.5616458430522127
28.900000000000002,1.5867386689917797,1.5806589185444768,1.575014225248946,1.5701786954613028,1.5663233442476712,1.5634467283899365,1.5614450050595958
29.000000000000004,1.5865879094825521,1.5804668925969418,1.5747975964693237,1.5699519324085232,1.5660973708196326,1.5632288007715467,1.5612393390835433
29.100000000000005,1.5864081991876597,1.580251685607737,1.5745630419563954,1.5697117460331207,1.5658616460776535,1.563004010088632,1.561029026309251
29.200000000000003,1.5861997316067213,1.5800135351265892,1.574310817039827,1.5694583887190927,1.5656164055463673,1.5627725672576935,1.560814249899821
29.3,1.5859627312032134,1.579752702079921,1.5740411937660161,1.5691921241166977,1.5653618918136307,1.5625346871718018,1.5605951948194798
29.400000000000002,1.5856974531627823,1.57946947046258,1.5737544605718727,1.5689132268334285,1.5650983542595458,1.562290588476825,1.5603720476582292
29.500000000000004,1.585404183118479,1.5791641470065072,1.5734509219440158,1.5686219821169642,1.5648260487821424,1.5620404933474021,1.5601449964580851
29.6,1.5850832368432088,1.578837060826757,1.573130898063815,1.5683186855304907,1.5645452375200402,1.5617846272628897,1.559914230541054
29.700000000000003,1.584734959909728,1.5784885630453038,1.5727947244387253,1.5680036426207826,1.5642561885723987,1.5615232187835086,1.559679940338992
29.800000000000004,1.5843597273185563,1.5781190263930898,1.5724427515203683,1.5676771685794466,1.5639591757164728,1.5612564993269127,1.559442317225486
29.900000000000002,1.5839579430942023,1.5777288447907942,1.5720753443098237,1.5673395878977197,1.5636544781230766,1.5609847029453954,1.5592015533498913
30.000000000000004,1.5835300398501362,1.5773184329088166,1.5716928819506073,1.5669912340152297,1.5633423800702677,1.5607080661039465,1.5589578414736551
30.1,1.5830764783229831,1.576888225706993,1.5712957573098183,1.566632448963114,1.5630231706555522,1.5604268274593671,1.5587113748090486
30.200000000000003,1.582597746876433,1.576438677954584,1.5708843765479479,1.566263583001906,1.56269714350691,1.5601412276406423,1.5584623468604266
30.300000000000004,1.5820943609754048,1.5759702637310808,1.5704591586778462,1.5658849942545874,1.5623645964929413,1.5598515090307725,1.5582109512681275
30.400000000000006,1.5815668626310295,1.5754834759084113,1.5700205351133565,1.5654970483352149,1.5620258314324251,1.559557915550251,1.5579573816551207
30.5,1.581015819817049,1.5749788256151254,1.569568949208127,1.5651001179735209,1.5616811538035764,1.5592606924423764,1.5577018314765048
30.6,1.5804418258582629,1.5744568416831728,1.5691048557851213,1.5646945826358971,1.561330872453294,1.558960086060581,1.5574444938719514
30.700000000000003,1.5798454987916757,1.573918070077889,1.5686287206573495,1.564280828143155,1.560975299306671,1.5586563436579466,1.5571855615211874
30.800000000000004,1.579227480701039,1.5733630733118298,1.5681410201403487,1.5638592462854701,1.5606147490770528,1.5583497131790836,1.5569252265026012
30.900000000000002,1.5785884370254983,1.5727924298430984,1.5676422405569486,1.5634302344349058,1.5602495389769049,1.5580404430545292,1.556663680155055
31.000000000000004,1.577929055843096,1.5722067334588377,1.567132877734855,1.562994195155913,1.559879988429763,1.5577287819978314,1.5564011129429758
31.100000000000005,1.5772500471298951,1.5716065926445553,1.5666134364975923,1.562551535814198,1.559506418783524,1.557414978805463,1.5561377143247974
31.200000000000006,1.5765521419955264,1.570992629939976,1.5660844301493477,1.5621026681843515,1.559129153025331,1.5570992821597152,1.55587367262482
31.3,1.5758360918959808,1.5703654812821193,1.5655463799542604,1.5616480080566242,1.5587485154983045,1.556781940434714,1.5556091749085423
31.400000000000002,1.5751026678244928,1.5697257953363115,1.5649998146106996,1.5611879748432302,1.5583648316203622,1.5564632015056874,1.555344406861528
31.500000000000004,1.5743526594813888,1.5690742328158545,1.5644452697210798,1.5607229911845617,1.5579784276053656,1.5561433125616164,1.5550795526718482
31.6,1.5735868744237915,1.5684114657910782,1.5638832872577555,1.5602534825556842,1.5575896301868237,1.5558225199213906,1.5548147949161537
31.700000000000003,1.5728061371960997,1.5677381769885141,1.563314415025546,1.5597798768734885,1.5571987663443805,1.555501068853584,1.554550314449409
31.800000000000004,1.5720112884421744,1.5670550590809365,1.5627392061214298,1.5593026041048557,1.556806163033305,1.5551792033999627,1.5542862902983294
31.900000000000006,1.571203184000193,1.5663628139690169,1.5621582183919558,1.558822095876204,1.5564121469171937,1.5548571662028277,1.5540228995585472
32.00000000000001,1.5703826939811398,1.5656621520553569,1.5615720138889098,1.5583387850847628,1.556017044104096,1.5545351983362905,1.553760317295536
32.1,1.569550701831934,1.564953791511651,1.560981158323776,1.5578531055119265,1.5556211798862558,1.5542135391415755,1.5534987164493135
32.2,1.5687081033841914,1.5642384575397539,1.5603862205215313,1.5573654914390276,1.5552248784836655,1.5538924260664333,1.5532382677429368
32.300000000000004,1.567855805889658,1.563516881627416,1.5597877718742974,1.556876377265865,1.5548284627916167,1.5535720945087477,1.5529791395948094
32.400000000000006,1.5669947270433422,1.5627898007994598,1.5591863857953898,1.5563861971323136,1.5544322541324243,1.553252777664409,1.5527214980347996
32.50000000000001,1.5661257939954043,1.5620579568651736,1.5585826371742748,1.5558953845433392,1.5540365720114975,1.552934706379522,1.5524655066241815
32.60000000000001,1.5652499423528672,1.5613220956626905,1.5579771018329627,1.555404371997729,1.5536417338779203,1.5526181090070148,1.5522113263793935
32.7,1.5643681151722162,1.5605829663011348,1.5573703559843457,1.554913590620849,1.5532480548896983,1.5523032112677004,1.5519591156996144
32.8,1.5634812619439846,1.5598413204013026,1.5567629756929855,1.5544234698017212,1.5528558476838237,1.5519902361158482,1.5517090302981447
32.9,1.5625903375704049,1.5590979113356531,1.5561555363388564,1.5539344368347163,1.5524654221512975,1.551679403609306,1.5514612231375855
33.0,1.5616963013372382,1.5583534934683803,1.5555486120845325,1.5534469165661426,1.5520770852172499,1.5513709307842172,1.5512158443687984
33.1,1.5608001158808806,1.5576088213963293,1.554942775346309,1.5529613310460073,1.5516911406262792,1.5510650315343666,1.5509730412736247
33.2,1.559902746151863,1.5568646491915246,1.554338596269732,1.552478099185212,1.5513078887331384,1.5507619164951822,1.550732958211347
33.300000000000004,1.5590051583758595,1.5561217296460663,1.553736642210013,1.5519976364184485,1.5509276262988783,1.5504617929324218,1.5504957365688623
33.400000000000006,1.5581083190133214,1.5553808135201486,1.553137477217784,1.5515203543730351,1.5505506462925533,1.5501648646355592,1.5502615147145418
33.50000000000001,1.5572131937188614,1.554642648793948,1.5525416615306509,1.5510466605439404,1.5501772376985934,1.5498713318158863,1.5500304279557426
33.6,1.5563207463015007,1.5539079799241224,1.5519497510709868,1.5505769579752215,1.5498076853299305,1.5495813910093408,1.5498026084999392
33.7,1.5554319376869086,1.5531775471056544,1.5513622969503997,1.550111644948103,1.5494422696469647,1.5492952349840612,1.5495781854194348
33.800000000000004,1.5545477248827435,1.552452085539762,1.5507798449812997,1.5496511146759062,1.5490812665824516,1.54901305265267,1.5493572846196122
33.900000000000006,1.5536690599482117,1.5517323247085966,1.5502029351959794,1.549195755006037,1.5487249473723772,1.5487350289892814,1.549140028810684
34.00000000000001,1.552796888968958,1.55101898765743,1.5496321013736096,1.548745948129222,1.5483735783928891,1.548461344951219,1.548926537482893
34.10000000000001,1.551932151038385,1.550312790285033,1.549067870575546,1.5483020702961852,1.5480274210033356,1.5481921774054346,1.548716926885118
34.2,1.5510757772465025,1.5496144406429246,1.5485107626893253,1.5478644915419328,1.5476867313954679,1.5479276990596051,1.548511310006831
34.3,1.550228689677394,1.54892463824417,1.5479612899817214,1.5474335754178234,1.547351760448847,1.5476680783978882,1.548309796563359
34.4,1.5493918004163802,1.5482440733823888,1.5474199566612235,1.547009678731571,1.5470227535924912,1.5474134796213064,1.548112492984392
34.5,1.5485660105679495,1.5475734264616197,1.5468872584502749,1.5465931512953341,1.5466999506727954,1.54716406259273,1.5479195024056802
34.6,1.5477522092855096,1.5469133673376816,1.5463636821676163,1.5461843356820308,1.5463835858277464,1.5469199827864264,1.5477309246638684
34.7,1.5469512728140098,1.546264554671648,1.5458497053210483,1.5457835669900013,1.54607388736745,1.5466813912421327,1.5475468562944008
34.800000000000004,1.5461640635464602,1.5456276352960463,1.545345795710924,1.5453911726161476,1.545771077660982,1.5464484345236127,1.5473673905324383
34.900000000000006,1.5453914290953672,1.5450032435943692,1.5448524110446726,1.5450074720376503,1.5454753730295687,1.546221254681652,1.5471926173167283
35.00000000000001,1.5446342013800822,1.5443920008944814,1.5443699985626307,1.5446327766023724,1.5451869836460927,1.5459999892214416,1.5470226232963562
35.1,1.5438931957310496,1.5437945148764738,1.5438989946754575,1.5442673893280314,1.5449061134409205,1.5457847710742978,1.5468574918403213
35.2,1.5431692100119137,1.5432113789955164,1.5434398246133905,1.543911604710232,1.5446329600140354,1.5455757285736642,1.5466973030498645
35.300000000000004,1.5424630237604353,1.5426431719202303,1.542992902087582,1.5435657085394232,1.5443677145534598,1.5453729854353364,1.546542133773483
35.400000000000006,1.54177539734914,1.5420904569870932,1.5425586289637534,1.5432299777268494,1.54411056175994,1.5451766607418478,1.5463920576245653
35.50000000000001,1.5411070711666,1.5415537816713674,1.5421373949483776,1.5429046801395447,1.5438616797778657,1.5449868689309543,1.5462471450015733
35.60000000000001,1.5404587648202357,1.54103367707502,1.5417295772876,1.5425900744444199,1.5436212401323866,1.5448037197881517,1.5461074631107066
35.70000000000001,1.539803188870019,1.5405082285475504,1.5413179738145908,1.5422728745074952,1.5433790758607284,1.5446194583937556,1.545967089112762
35.8,1.5391759901554938,1.5400058124522316,1.5409246527712983,1.541969959058627,1.543147972471721,1.5444437353604308,1.5458333151704304
35.9,1.5386015195128362,1.5395459025704437,1.5405648319215306,1.5416930253748495,1.5429368358674962,1.5442833078373412,1.545711273803501
36.0,1.538075344137601,1.5391249045374567,1.5402356607819518,1.54143984816517,1.5427439442169169,1.5441368475151125,1.5455999387834942
36.1,1.5375934038875125,1.538739527777787,1.5399345311724093,1.5412083924532285,1.5425677238884752,1.544003141170968,1.5454983733998908
36.2,1.5371519799530722,1.5383867598424834,1.539659056639637,1.5409967973247762,1.5424067367190448,1.5438810807208563,1.545405722672999
36.300000000000004,1.5367476661619996,1.538063842913179,1.5394070536265436,1.5408033610610472,1.5422596683742151,1.5437696541294152,1.5453212062423314
36.400000000000006,1.5363773426960883,1.537768252290059,1.539176524239147,1.540626527540013,1.542125317706791,1.543667937103979,1.5452441118720617
36.50000000000001,1.5360381520176607,1.5374976766963155,1.538965640475746,1.5404648737975553,1.5420025870280323,1.54357508550516,1.5451737895201616
36.6,1.535727476819869,1.5372500002457785,1.5387727297943772,1.5403170986497643,1.5418904732134933,1.543490328412336,1.5451096459224392
36.7,1.5354429198306934,1.5370232859333535,1.538596261905112,1.5401820122859768,1.5417880595720075,1.5434129617876644,1.5450511396468964
36.800000000000004,1.5351822853148032,1.536815760519728,1.5384348366833445,1.5400585267498534,1.5416945084124636,1.5433423426870845,1.544997776577684
36.900000000000006,1.534943562130541,1.536625800692662,1.5382871731090269,1.5399456472328268,1.5416090542486023,1.5432778839712022,1.544949105791436
37.00000000000001,1.5347249082112913,1.5364519203970979,1.5381520991448527,1.5398424641106985,1.5415309975871827,1.5432190494729932,1.5449047157919946
37.10000000000001,1.5345246363514893,1.536292759235423,1.5380285424737612,1.5397481456600433,1.541459699249529,1.5431653495829634,1.5448642310724576
37.20000000000001,1.534341201187587,1.5361470718475414,1.5379155220228813,1.5396619313964743,1.541394575180747,1.543116337215789,1.5448273089761786
37.300000000000004,1.5341731872735211,1.5360137181880333,1.5378121402072087,1.5395831259817556,1.5413350917048125,1.5430716041255523,1.5447936368307955
37.4,1.5340192981586638,1.5358916546246626,1.5377175758319623,1.5395110936512584,1.541280761187307,1.5430307775395153,1.5447629293316048
37.5,1.5338783463839847,1.5357799257888836,1.5376310775977402,1.5394452531173892,1.5412311380708419,1.5429935170829603,1.5447349261526495
37.6,1.5337492443192258,1.5356776571148487,1.53755195815733,1.539385072908396,1.5411858152512168,1.5429595119699886,1.54470938976576
37.7,1.5336309957703884,1.5355840480087817,1.5374795886773647,1.5393300671054115,1.5411444207650755,1.5429284784373332,1.5446861034494948
37.800000000000004,1.5335226882927733,1.5354983655954835,1.5374133938619843,1.539279791443766,1.5411066147623442,1.542900157400209,1.5446648694714926
37.900000000000006,1.5334234861502565,1.5354199389932337,1.5373528473992915,1.5392338397474805,1.5410720867390078,1.5428743123110373,1.5446455074291765
38.00000000000001,1.5333326238664744,1.5353481540724616,1.5372974677947167,1.5391918406685183,1.541040553007885,1.5428507272035277,1.5446278527350497
38.1,1.5332494003181576,1.535282448657331,1.537246814558452,1.5391534547047747,1.541011754386973,1.5428292049061092,1.5446117552340217
38.2,1.5331731733250318,1.535222308132828,1.537200484716894,1.539118371473021,1.5409854540866785,1.542809565410084,1.5445970779412859
38.300000000000004,1.5331033546945434,1.5351672614231027,1.5371581096205897,1.5390863072150311,1.5409614357788595,1.5427916443791345,1.5445836958902683
38.400000000000006,1.5330394056831738,1.5351168773097044,1.5371193520235058,1.5390570025169852,1.5409395018320617,1.5427752917879693,1.544571495081075
38.50000000000001,1.5329808328393157,1.5350707610610002,1.5370839034105892,1.539030220223935,1.540919471698673,1.5427603706789461,1.5445603715206933
38.60000000000001,1.5329271841956393,1.5350285513464872,1.5370514815525254,1.5390057435326732,1.540901180440944,1.5427467560264698,1.5445502303469676
38.70000000000001,1.5328780457815625,1.534989917411931,1.5370218282684032,1.5389833742477692,1.5408844773839399,1.5427343336998476,1.5445409850290532
38.800000000000004,1.5328330384289188,1.534954556493297,1.5369947073786252,1.5389629311868271,1.540869224884516,1.542722999516085,1.5445325566376913
38.9,1.5327918148461706,1.5349221914492956,1.5369699028319028,1.5389442487222238,1.5408552972063403,1.54271265837484,1.5445248731792272
39.0,1.532754056938593,1.5348925685940733,1.5369472169915481,1.5389271754476577,1.5408425794918499,1.5427032234684288,1.5445178689878156
39.1,1.5327194733537512,1.5348654557131372,1.536926469067525,1.538911572958845,1.5408309668227975,1.5426946155603816,1.5445114841707464
39.2,1.5326877972333288,1.5348406402470276,1.5369074936818796,1.5388973147386067,1.5408203633617776,1.5426867623266218,1.5445056641022574
39.300000000000004,1.532658784153961,1.5348179276285694,1.53689013955621,1.5388842851374207,1.5408106815677578,1.5426795977538388,1.5445003589616129
39.400000000000006,1.5326322102411838,1.5347971397607143,1.536874268310808,1.5388723784412772,1.540801841479252,1.542673061590105,1.5444955233115794
39.50000000000001,1.532607870441945,1.5347781136231038,1.5368597533659805,1.5388614980193727,1.5407937700593142,1.5426670988432085,1.5444911157137853
39.6,1.5325855769423473,1.5347606999964625,1.5368464789368619,1.5388515555448148,1.5407864005970298,1.5426616593225693,1.5444870983777377
39.7,1.5325651577184147,1.5347447622948733,1.5368343391137773,1.538842470282092,1.540779672160642,1.5426566972209592,1.5444834368405629
39.800000000000004,1.5325464552086985,1.5347301754968088,1.5368232370208736,1.5388341684355975,1.5407735290978677,1.5426521707325778,1.5444800996747912
39.900000000000006,1.5325293250984817,1.5347168251665748,1.536813084046374,1.5388265825539833,1.540767920579337,1.5426480417043287,1.5444770582217302
40.00000000000001,1.5325136352061994,1.534704606558523,1.5368037991383567,1.5388196509855683,1.5407628001814446,1.5426442753174194,1.5444742863481995
40.10000000000001,1.5324992644634814,1.5346934237970362,1.5367953081604924,1.5388133173804295,1.5407581255052152,1.5426408397966542,1.5444717602245805
40.20000000000001,1.53248610198095,1.5346831891258803,1.5367875433026386,1.5388075302351822,1.5407538578280808,1.5426377061450152,1.5444694581223222
40.300000000000004,1.5324740461925601,1.5346738222210596,1.5367804425416238,1.538802242476795,1.5407499617857354,1.542634847901339,1.5444673602291985
40.4,1.532463004071883,1.5346652495618054,1.5367739491479562,1.538797411082096,1.5407464050814703,1.5426322409190842,1.5444654484807705
40.5,1.5324528904142833,1.534657403854785,1.5367680112345465,1.5387929967299152,1.5407431582206257,1.5426298631643565,1.5444637064066304
40.6,1.5324436271794522,1.534650223507031,1.5367625813438721,1.5387889634830723,1.5407401942679892,1.5426276945315225,1.5444621189901402
40.7,1.5324351428892227,1.5346436521434685,1.536757616070314,1.5387852784976443,1.5407374886261653,1.5426257166748814,1.5444606725404788
40.800000000000004,1.5324273720760206,1.5346376381652775,1.5367530757146706,1.5387819117571877,1.5407350188331048,1.542623912855001,1.544459354575925
40.900000000000006,1.532420254777695,1.5346321343456277,1.5367489239681118,1.5387788358297683,1.5407327643771418,1.5426222677984445,1.5444581537173898
41.00000000000001,1.532413736074831,1.5346270974596332,1.5367451276230701,1.5387760256458518,1.5407307065280302,1.5426207675697228,1.5444570595913014
41.1,1.5324077656669728,1.5346224879456316,1.5367416563087732,1.538773458295262,1.5407288281825953,1.54261939945441,1.5444560627410255
41.2,1.5324022974844898,1.534618269595138,1.5367384822493237,1.5387711128415757,1.5407271137237417,1.5426181518524527,1.5444551545460699
41.300000000000004,1.532397289333087,1.534614409269051,1.5367355800424047,1.5387689701524634,1.5407255488916645,1.5426170141807858,1.5444543271483944
41.400000000000006,1.532392702568221,1.5346108766378903,1.5367329264568597,1.5387670127445998,1.5407241206662092,1.5426159767844454,1.5444535733852023
41.50000000000001,1.532388501796905,1.5346076439440346,1.5367305002475347,1.5387652246419061,1.5407228171594192,1.5426150308554392,1.544452886727645
41.60000000000001,1.532384654604606,1.5346046857841005,1.5367282819859212,1.5387635912459752,1.5407216275173907,1.5426141683587016,1.5444522612249205
41.70000000000001,1.5323811313051225,1.5346019789097578,1.5367262539052462,1.5387620992176365,1.5407205418306316,1.542613381964515,1.5444516914532962
41.800000000000004,1.5323779047115171,1.5345995020454273,1.5367243997587894,1.5387607363687072,1.5407195510521887,1.5426126649868341,1.5444511724696197
41.9,1.532374949926332,1.5345972357214295,1.5367227046902943,1.5387594915630556,1.540718646922876,1.542612011327004,1.5444506997689271
42.0,1.5323722441494725,1.534595162121282,1.5367211551154485,1.5387583546261794,1.540717821902986,1.542611415422397,1.54445026924579
42.1,1.5323697665022746,1.5345932649419503,1.5367197386134919,1.538757316262569,1.5407170691099288,1.5426108721995424,1.544449877159068
42.2,1.5323674978663977,1.5345915292659553,1.536718443828088,1.5387563679801877,1.540716382261285,1.542610377031361,1.5444495200997757
42.300000000000004,1.5323654207363007,1.5345899414443425,1.536717260376675,1.5387555020214616,1.540715755622804,1.542609925698143,1.5444491949617847
42.400000000000006,1.5323635190841647,1.5345884889895882,1.5367161787675732,1.5387547113002205,1.5407151839609239,1.5426095143519452,1.544448898915115
42.50000000000001,1.5323617782362164,1.5345871604776138,1.5367151903241916,1.5387539893440794,1.5407146624994215,1.5426091394841113,1.5444486293815887
42.6,1.5323601847595003,1.5345859454581334,1.5367142871157293,1.5387533302417966,1.5407141868798346,1.542608797895643,1.5444483840126362
42.7,1.532358726358226,1.5345848343726354,1.5367134618938223,1.5387527285951839,1.5407137531253345,1.5426084866701733,1.544448160669071
42.800000000000004,1.532357391778889,1.5345838184793583,1.5367127080346306,1.5387521794751762,1.5407133576077485,1.5426082031493158,1.544447957402656
42.900000000000006,1.532356170723437,1.5345828897846687,1.5367120194859059,1.5387516783817101,1.540712997017465,1.5426079449101875,1.5444477724393082
43.00000000000001,1.532355053769804,1.5345820409803073,1.5367113907186172,1.5387512212070826,1.5407126683359689,1.5426077097449111,1.5444476041637947
43.10000000000001,1.5323540322992084,1.534581265386009,1.536710816682752,1.5387508042024982,1.5407123688107858,1.5426074956419302,1.544447451105794
43.20000000000001,1.5323530984296472,1.5345805568970508,1.5367102927669376,1.5387504239475283,1.5407120959326255,1.542607300768977,1.5444473119272009
43.300000000000004,1.5323522449550753,1.5345799099363127,1.5367098147615648,1.5387500773222391,1.5407118474145374,1.5426071234575518,1.5444471854105657
43.4,1.5323514652898027,1.5345793194104789,1.5367093788251178,1.5387497614817633,1.540711621172908,1.5426069621887861,1.5444470704485729
43.5,1.5323507534176752,1.5345787806700346,1.536708981453443,1.5387494738331058,1.5407114153101407,1.5426068155805648,1.544446966034465
43.6,1.5323501038456537,1.5345782894727453,1.536708619451712,1.5387492120139985,1.5407112280988777,1.5426066823758053,1.5444468712533337
43.7,1.5323495115614267,1.5345778419503335,1.536708289908857,1.5387489738736322,1.5407110579676322,1.5426065614317928,1.5444467852742005
43.800000000000004,1.5323489719947343,1.5345774345780885,1.5367079901742702,1.5387487574551098,1.540710903487714,1.5426064517104812,1.5444467073428212
43.900000000000006,1.5323484809821022,1.5345770641471763,1.5367077178365873,1.538748560979476,1.5407107633613388,1.54260635226968,1.5444466367751524
44.00000000000001,1.5323480347347156,1.5345767277394264,1.5367074707043828,1.5387483828311987,1.5407106364108247,1.5426062622550525,1.544446572951423
44.1,1.5323476298091827,1.5345764227044023,1.5367072467886242,1.538748221544981,1.5407105215687862,1.5426061808928566,1.5444465153107607
44.2,1.5323472630809651,1.5345761466385754,1.5367070442867432,1.5387480757937957,1.5407104178692437,1.5426061074833706,1.5444464633463288
44.300000000000004,1.5323469317202674,1.5345758973664374,1.536706861568202,1.5387479443780503,1.540710324439577,1.5426060413949447,1.5444464166009286
44.400000000000006,1.532346633170201,1.5345756729234026,1.5367066971614325,1.5387478262157896,1.5407102404932556,1.5426059820586309,1.5444463746630326
44.50000000000001,1.5323463651270555,1.5345754715403703,1.5367065497420513,1.5387477203338589,1.5407101653232835,1.542605928963345,1.5444463371632127
44.60000000000001,1.5323461255225221,1.5345752916298216,1.5367064181222527,1.5387476258599555,1.54071009829631,1.542605881651521,1.544446303770934
44.70000000000001,1.5323459125077332,1.5345751317733436,1.5367063012412938,1.5387475420155046,1.540710038847351,1.54260583971522,1.5444462741916853
44.800000000000004,1.5323457244389969,1.5345749907104838,1.5367061981570016,1.5387474681093012,1.5407099864750824,1.5426058027926617,1.5444462481644248
44.900000000000006,1.5323455598651123,1.5345748673288453,1.5367061080382278,1.5387474035318665,1.5407099407376645,1.5426057705651501,1.544446225459314
45.0,1.532345417516174,1.5345747606553488,1.536706030158196,1.5387473477504743,1.5407099012490646,1.5426057427543651,1.5444462058757262
45.1,1.53234529629377,1.5345746698485883,1.5367059638886869,1.5387473003048049,1.5407098676758437,1.542605719120002,1.5444461892405075
45.2,1.532345195262509,1.534574594192225,1.536705908695013,1.5387472608031947,1.5407098397343875,1.542605699457732,1.5444461754064807
45.300000000000004,1.5323451136428001,1.534574533089365,1.5367058641317481,1.5387472289194466,1.5407098171885518,1.5426056835974757,1.5444461642511733
45.400000000000006,1.532345050804839,1.5345744860578765,1.5367058298391723,1.538747204390181,1.5407097998477086,1.5426056714019667,1.5444461556757654
45.50000000000001,1.5323450062637474,1.534574452726615,1.5367058055404073,1.538747187012702,1.5407097875651732,1.5426056627655982,1.5444461496042425
45.6,1.5323449796758313,1.5345744328325177,1.5367057910392194,1.538747176643363,1.5407097802370036,1.5426056576135443,1.5444461459827514
